time,latitude,longitude,depth,mag,magType,nst,gap,dmin,rms,net,id,updated,place,type,horizontalError,depthError,magError,magNst,status,locationSource,magSource
2023-06-27T18:16:43.140Z,34.8001671,-118.9181671,13.32,2.04,ml,60,36,0.04215,0.28,ci,ci40497240,2023-06-27T18:18:49.572Z,"4km SE of Frazier Park, CA",earthquake,0.31,0.6,0.284,28,automatic,ci,ci
2023-06-27T18:08:43.390Z,59.697,-152.9625,99.8,2,ml,,,,0.31,ak,ak02386ofdv7,2023-06-27T18:10:36.374Z,"64 km W of Anchor Point, Alaska",earthquake,,0.3,,,automatic,ak,ak
2023-06-27T17:58:11.230Z,36.419,-96.88833333,7.42,1.6,ml,73,64,0.03689276038,0.31,ok,ok2023mmtp,2023-06-27T18:07:58.392Z,"11 km NW of Pawnee, Oklahoma",earthquake,,0.4,0.22,29,reviewed,ok,ok
2023-06-27T17:48:52.796Z,63.3114,-145.319,5,1,ml,,,,0.42,ak,ak02386o2jmo,2023-06-27T17:51:30.801Z,"Central Alaska",earthquake,,0.4,,,automatic,ak,ak
2023-06-27T17:43:37.749Z,-21.8304,-179.4007,574.286,4.5,mb,74,88,3.963,0.86,us,us6000kngq,2023-06-27T18:11:29.040Z,"Fiji region",earthquake,11.77,8.12,0.057,92,reviewed,us,us
2023-06-27T17:39:33.320Z,36.3153343,-120.8876648,5.74,1.38,md,11,100,0.05391,0.02,nc,nc73906031,2023-06-27T18:14:10.517Z,"22km WSW of New Idria, CA",earthquake,0.27,0.5,0.13,5,automatic,nc,nc
2023-06-27T17:38:48.980Z,38.8351669,-122.8028336,2.09,0.6,md,11,58,0.01028,0.01,nc,nc73906026,2023-06-27T17:55:14.422Z,"7km WNW of Cobb, CA",earthquake,0.37,1.23,0.39,12,automatic,nc,nc
2023-06-27T16:55:18.651Z,-7.0461,129.8895,125.135,5,mb,69,37,2.507,0.77,us,us6000kngi,2023-06-27T17:13:12.040Z,"",earthquake,7.97,6.844,0.073,61,reviewed,us,us
2023-06-27T16:50:21.973Z,63.3097,-145.325,7.5,1.5,ml,,,,0.22,ak,ak02386nhh2t,2023-06-27T16:52:03.328Z,"",earthquake,,0.3,,,automatic,ak,ak
2023-06-27T16:49:21.560Z,41.8093333,-112.2746667,0.41,0.83,md,10,83,0.1256,0.26,uu,uu60544127,2023-06-27T17:02:31.750Z,"10 km WNW of Riverside, Utah",earthquake,0.64,16.02,0.136,5,reviewed,uu,uu
2023-06-27T16:44:59.439Z,63.3178,-145.3709,0.7,1.9,ml,,,,0.71,ak,ak02386ng9o7,2023-06-27T16:47:08.349Z,"28 km NNE of Paxson, Alaska",earthquake,,0.3,,,automatic,ak,ak
2023-06-27T16:12:07.394Z,63.5115,-151.2612,2.6,1.3,ml,,,,0.41,ak,ak02386n9aqr,2023-06-27T16:13:55.524Z,"",earthquake,,0.3,,,automatic,ak,ak
2023-06-27T16:11:14.360Z,33.5345,-116.5391667,14.89,0.92,ml,42,48,0.06398,0.15,ci,ci40497048,2023-06-27T17:29:38.435Z,"13km E of Anza, CA",earthquake,0.17,0.3,0.128,22,reviewed,ci,ci
2023-06-27T16:04:01.750Z,19.0463333129883,-155.403167724609,33.0900001525879,1.94000006,md,38,247,,0.109999999,hv,hv73463332,2023-06-27T16:07:19.390Z,"18 km E of Naalehu, Hawaii",earthquake,0.72,1.19000006,0.610000014,7,automatic,hv,hv
2023-06-27T15:43:23.080Z,19.1816673278809,-155.494338989258,30.3400001525879,2.33,ml,45,90,,0.109999999,hv,hv73463317,2023-06-27T15:48:53.870Z,"2 km SW of Pāhala, Hawaii",earthquake,0.56,0.730000019,2.97,9,automatic,hv,hv
2023-06-27T15:36:35.062Z,67.2007,-143.1595,0.7,2.2,ml,,,,0.68,ak,ak02386mt2gi,2023-06-27T15:39:06.064Z,"65 km NNE of Chalkyitsik, Alaska",earthquake,,0.5,,,automatic,ak,ak
2023-06-27T15:27:41.530Z,37.5641667,-113.0583333,11.49,0.9,md,6,196,0.03885,0.1,uu,uu60544122,2023-06-27T15:53:14.480Z,"",earthquake,0.64,0.61,0.19,4,reviewed,uu,uu
2023-06-27T15:19:29.700Z,35.0156667,-119.214,10.05,1.92,ml,40,71,0.1578,0.22,ci,ci40496968,2023-06-27T16:56:34.670Z,"18km ESE of Maricopa, CA",earthquake,0.24,0.69,0.145,34,reviewed,ci,ci
2023-06-27T15:18:14.962Z,-4.345,144.0414,130.797,4.9,mb,38,121,3.796,0.82,us,us6000kneq,2023-06-27T15:33:59.040Z,"31 km S of Angoram, Papua New Guinea",earthquake,11.09,9.001,0.108,27,reviewed,us,us
2023-06-27T15:12:53.600Z,38.779335,-122.765831,1.08,1.49,md,26,83,0.008602,0.04,nc,nc73906001,2023-06-27T17:29:20.248Z,"1km WNW of The Geysers, CA",earthquake,0.21,0.35,0.22,24,automatic,nc,nc
2023-06-27T15:04:25.610Z,19.1808338165283,-155.501998901367,34.7599983215332,1.87,md,29,241,,0.119999997,hv,hv73463312,2023-06-27T15:07:36.460Z,"Island of Hawaii, Hawaii",earthquake,0.79,1.00999999,0.00999999978,5,automatic,hv,hv
2023-06-27T14:38:05.237Z,62.3865,-148.1091,19.9,1.1,ml,,,,0.49,ak,ak02386m7zzf,2023-06-27T14:41:16.167Z,"68 km NNE of Chickaloon, Alaska",earthquake,,0.8,,,automatic,ak,ak
2023-06-27T14:36:33.010Z,36.6871681,-121.3268356,3.6,2.52,md,37,84,0.02569,0.16,nc,nc73905996,2023-06-27T16:58:14.062Z,"12km S of Tres Pinos, CA",earthquake,0.34,0.86,0.13,26,automatic,nc,nc
2023-06-27T14:16:02.040Z,33.4658333,-116.5763333,8.83,0.22,ml,10,276,0.036,0.09,ci,ci40496912,2023-06-27T16:47:39.687Z,"13km SE of Anza, CA",earthquake,0.4,0.39,0.083,3,reviewed,ci,ci
2023-06-27T14:15:24.700Z,19.1798324584961,-155.506164550781,34.2400016784668,1.87,md,37,98,,0.140000001,hv,hv73463292,2023-06-27T14:18:44.950Z,"3 km SW of Pāhala, Hawaii",earthquake,0.5,0.939999998,0.560000002,7,automatic,hv,hv
2023-06-27T14:14:33.903Z,63.2239,-151.5346,12.4,1,ml,,,,0.79,ak,ak02386m2x0f,2023-06-27T14:19:39.654Z,"36 km SSE of Denali National Park, Alaska",earthquake,,0.5,,,automatic,ak,ak
2023-06-27T14:08:10.982Z,60.5153,-141.2129,6.8,1.8,ml,,,,1.06,ak,ak02386m1ky2,2023-06-27T14:09:54.161Z,"136 km NW of Yakutat, Alaska",earthquake,,0.2,,,automatic,ak,ak
2023-06-27T14:07:28.437Z,0.5791,-79.9936,36.614,5.1,mww,67,142,0.942,0.93,us,us6000knee,2023-06-27T17:36:49.661Z,"near the coast of Ecuador",earthquake,6.11,4.955,0.089,12,reviewed,us,us
2023-06-27T14:03:38.851Z,57.7715,-156.353,127.8,2.6,ml,,,,0.65,ak,ak02386m0kjr,2023-06-27T15:17:16.040Z,"68 km ENE of Ugashik, Alaska",earthquake,,0.6,,,automatic,ak,ak
2023-06-27T13:56:43.410Z,38.8084984,-122.7921677,1.27,0.77,md,10,60,0.002506,0.02,nc,nc73905971,2023-06-27T14:39:16.212Z,"5km NW of The Geysers, CA",earthquake,0.38,0.62,0.16,11,automatic,nc,nc
2023-06-27T13:56:09.056Z,60.4221,-150.8294,41.8,1.5,ml,,,,0.5,ak,ak02386lqfk9,2023-06-27T13:58:07.716Z,"9 km SSW of Funny River, Alaska",earthquake,,1,,,automatic,ak,ak
2023-06-27T13:52:07.080Z,38.8274994,-122.7900009,5.38,0.69,md,10,139,0.0109,0.06,nc,nc73905966,2023-06-27T14:28:13.140Z,"6km W of Cobb, CA",earthquake,0.86,1.46,0.45,11,automatic,nc,nc
2023-06-27T13:50:32.521Z,63.5608,-150.8663,0,1.3,ml,,,,0.58,ak,ak02386lp72s,2023-06-27T13:52:55.500Z,"42 km E of Denali National Park, Alaska",earthquake,,0.3,,,automatic,ak,ak
2023-06-27T13:49:01.700Z,31.9061667,-116.5561667,11.08,2.28,ml,20,141,0.2182,0.25,ci,ci40496864,2023-06-27T16:43:11.277Z,"7km ENE of Ensenada, B.C., MX",earthquake,0.98,3.65,0.13,8,reviewed,ci,ci
2023-06-27T13:46:01.490Z,36.5919991,-121.1341629,11.18,1.39,md,4,216,0.04595,0,nc,nc73905961,2023-06-27T16:16:13.801Z,"7km N of Pinnacles, CA",earthquake,2.21,2.6,0.19,5,automatic,nc,nc
2023-06-27T13:42:17.240Z,19.1809997558594,-155.502502441406,30.4699993133545,2.11999989,md,30,95,,0.119999997,hv,hv73463272,2023-06-27T13:45:27.340Z,"Island of Hawaii, Hawaii",earthquake,0.69,0.839999974,1.88,10,automatic,hv,hv
2023-06-27T13:39:12.350Z,38.7799988,-122.757164,1.03,0.72,md,9,68,0.01144,0.02,nc,nc73905951,2023-06-27T15:20:14.591Z,"0km NNW of The Geysers, CA",earthquake,0.36,0.65,0.11,6,automatic,nc,nc
2023-06-27T13:34:03.516Z,63.0796,-151.4261,0,1.3,ml,,,,1.03,ak,ak02386llpdr,2023-06-27T13:36:41.728Z,"53 km SSE of Denali National Park, Alaska",earthquake,,0.5,,,automatic,ak,ak
2023-06-27T13:17:41.897Z,61.3156,-146.6517,19.9,1.4,ml,,,,0.97,ak,ak02386li565,2023-06-27T13:19:43.541Z,"26 km NW of Valdez, Alaska",earthquake,,0.3,,,automatic,ak,ak
2023-06-27T13:14:44.330Z,19.317,-67.6443333333333,18.79,3.41,md,9,312,0.9407,0.29,pr,pr71414903,2023-06-27T13:48:44.830Z,"107 km NNW of San Antonio, Puerto Rico",earthquake,2.63,31.61,0.0214310443043053,5,reviewed,pr,pr
2023-06-27T13:12:56.020Z,33.9826667,-117.1735,16.49,1.07,ml,45,85,0.0352,0.21,ci,ci40496840,2023-06-27T16:38:19.978Z,"8km NE of Moreno Valley, CA",earthquake,0.28,0.55,0.142,24,reviewed,ci,ci
2023-06-27T13:12:06.540Z,33.493,-116.4398333,13.93,0.55,ml,10,146,0.1191,0.13,ci,ci40496832,2023-06-27T13:18:00.959Z,"22km SSW of La Quinta, CA",earthquake,0.46,0.95,0.141,13,reviewed,ci,ci
2023-06-27T12:28:18.167Z,61.0567,-152.3368,19.8,0.7,ml,,,,0.47,ak,ak02386kz0m0,2023-06-27T12:30:43.632Z,"64 km W of Tyonek, Alaska",earthquake,,0.2,,,automatic,ak,ak
2023-06-27T12:23:19.103Z,39.6371,-119.6865,15.9,1.2,ml,11,85.61,0.173,0.1385,nn,nn00861807,2023-06-27T12:25:18.944Z,"2 km SE of Spanish Springs, Nevada",earthquake,,0.9,0.37,6,automatic,nn,nn
2023-06-27T12:10:08.860Z,33.8995,-116.6793333,15.26,0.93,ml,33,38,0.1182,0.19,ci,ci40496800,2023-06-27T13:18:20.531Z,"10km ESE of Cabazon, CA",earthquake,0.24,0.61,0.162,26,reviewed,ci,ci
2023-06-27T12:03:53.730Z,34.453,-117.9478333,9.85,0.94,ml,14,63,0.007456,0.2,ci,ci40496792,2023-06-27T16:22:07.947Z,"7km SSW of Pearblossom, CA",earthquake,0.42,0.62,0.188,13,reviewed,ci,ci
2023-06-27T11:50:24.461Z,65.3964,-150.7945,0.8,1.6,ml,,,,0.66,ak,ak02386kib8u,2023-06-27T11:52:25.062Z,"31 km WSW of Rampart, Alaska",earthquake,,0.2,,,automatic,ak,ak
2023-06-27T11:38:48.720Z,33.5056667,-116.7858333,6.51,0.62,ml,24,59,0.01385,0.13,ci,ci40496784,2023-06-27T13:20:10.688Z,"10km NE of Aguanga, CA",earthquake,0.21,0.44,0.177,15,reviewed,ci,ci
2023-06-27T11:13:32.710Z,17.998,-66.8166666666667,16.2,3.04,md,6,173,0.06379,0.18,pr,pr71414883,2023-06-27T14:04:01.560Z,"0 km NNE of Indios, Puerto Rico",earthquake,0.75,1.22,0.09118851982825,3,reviewed,pr,pr
2023-06-27T11:00:35.898Z,64.9793,-147.48,0.4,0.8,ml,,,,0.75,ak,ak02386k7mcd,2023-06-27T11:03:21.373Z,"6 km ENE of Fox, Alaska",earthquake,,0.9,,,automatic,ak,ak
2023-06-27T10:55:56.469Z,6.8378,-73.1563,152.065,4.5,mb,79,74,0.942,0.53,us,us6000kndk,2023-06-27T11:40:54.040Z,"northern Colombia",earthquake,7.13,8.673,0.04,182,reviewed,us,us
2023-06-27T10:35:14.280Z,37.4049988,-119.9469986,3.5,2.27,md,10,62,0.1625,0.33,nc,nc73905936,2023-06-27T13:33:15.790Z,"8km SW of Bootjack, CA",earthquake,0.92,2.58,0.11,6,automatic,nc,nc
2023-06-27T10:33:04.940Z,37.4071667,-119.9928333,16.49,2.18,md,18,63,0.1655,0.13,nc,nc73905931,2023-06-27T14:49:15.267Z,"9km SSW of Mariposa, CA",earthquake,0.26,0.47,0.193,27,reviewed,nc,nc
2023-06-27T10:26:53.250Z,37.4091682,-119.9844971,21.76,2.35,md,5,112,0.1919,0.13,nc,nc73905926,2023-06-27T13:18:14.705Z,"9km S of Mariposa, CA",earthquake,0.88,1.31,0.08,5,automatic,nc,nc
2023-06-27T10:09:48.130Z,33.994,-116.7916667,17.74,1.55,ml,66,52,0.04317,0.17,ci,ci40496776,2023-06-27T16:21:56.590Z,"8km N of Cabazon, CA",earthquake,0.14,0.33,0.187,45,reviewed,ci,ci
2023-06-27T10:05:51.995Z,22.7763,143.139,94.433,4.5,mb,46,75,7.903,0.74,us,us6000kndi,2023-06-27T11:01:26.040Z,"Volcano Islands, Japan region",earthquake,10.55,7.937,0.088,38,reviewed,us,us
2023-06-27T10:03:01.390Z,19.3003,-67.5963,37,3.53,md,14,278,0.9233,0.46,pr,pr2023178002,2023-06-27T12:47:27.736Z,"103 km NNW of San Antonio, Puerto Rico",earthquake,3.09,21.63,0.03,9,reviewed,pr,pr
2023-06-27T10:02:21.666Z,-30.1304,-71.3012,65.363,4.6,mwr,60,121,0.218,0.54,us,us6000knd9,2023-06-27T12:04:49.505Z,"19 km S of Coquimbo, Chile",earthquake,2.17,5.276,,,reviewed,us,guc
2023-06-27T10:01:42.710Z,33.383,-116.3883333,11.56,0.51,ml,23,157,0.117,0.16,ci,ci40496768,2023-06-27T15:53:32.394Z,"14km N of Borrego Springs, CA",earthquake,0.32,0.94,0.126,6,reviewed,ci,ci
2023-06-27T10:00:20.370Z,36.5751648,-121.0934982,12.37,1.93,md,13,163,0.04354,0.05,nc,nc73905916,2023-06-27T12:29:14.410Z,"7km NE of Pinnacles, CA",earthquake,1.8,2.51,0.13,8,automatic,nc,nc
2023-06-27T09:59:57.230Z,33.383,-116.39,11.63,0.65,ml,30,126,0.05929,0.15,ci,ci40496760,2023-06-27T15:48:57.138Z,"14km N of Borrego Springs, CA",earthquake,0.24,0.59,0.185,10,reviewed,ci,ci
2023-06-27T09:59:52.370Z,36.5438347,-121.1238327,3.1,2.27,md,21,110,0.05684,0.06,nc,nc73905911,2023-06-27T12:02:14.256Z,"2km NE of Pinnacles, CA",earthquake,0.25,1.07,0.18,22,automatic,nc,nc
2023-06-27T09:54:57.960Z,19.248,-67.576,25,3.61,md,16,271,0.869,0.42,pr,pr2023178001,2023-06-27T12:39:34.384Z,"97 km NNW of San Antonio, Puerto Rico",earthquake,1.73,27.8,0.04,11,reviewed,pr,pr
2023-06-27T09:38:40.090Z,33.8765,-116.4965,12.61,0.98,ml,31,64,0.06893,0.15,ci,ci40496752,2023-06-27T13:20:40.160Z,"5km ESE of Garnet, CA",earthquake,0.21,0.52,0.166,25,reviewed,ci,ci
2023-06-27T09:38:15.210Z,19.1976666666667,-67.494,12.88,3.41,md,11,248,0.809,0.48,pr,pr71414833,2023-06-27T10:03:38.730Z,"88 km NNW of San Antonio, Puerto Rico",earthquake,3.41,5.15,0.0268434491462313,9,reviewed,pr,pr
2023-06-27T09:34:52.750Z,19.0398330688477,-155.415161132812,32.0699996948242,1.97000003,md,38,205,,0.129999995,hv,hv73463162,2023-06-27T09:38:14.430Z,"17 km E of Naalehu, Hawaii",earthquake,0.77,1,0.649999976,3,automatic,hv,hv
2023-06-27T09:23:34.041Z,60.5305,-151.1886,25.7,1.3,ml,,,,0.4,ak,ak02386j5ofw,2023-06-27T09:25:11.031Z,"4 km SE of Kenai, Alaska",earthquake,,0.5,,,automatic,ak,ak
2023-06-27T09:21:36.170Z,18.5976666666667,-65.393,74.57,3.22,md,8,214,0.3071,0.11,pr,pr71414828,2023-06-27T09:55:28.690Z,"34 km NNW of Culebra, Puerto Rico",earthquake,1.81,1.38,0.115874432706493,4,reviewed,pr,pr
2023-06-27T09:16:42.850Z,34.4006667,-117.6671667,6.71,1.07,ml,22,88,0.02072,0.19,ci,ci40496744,2023-06-27T13:20:56.163Z,"4km SSW of Pinon Hills, CA",earthquake,0.34,0.8,0.266,27,reviewed,ci,ci
2023-06-27T09:03:07.910Z,61.5309,-149.8968,34.2,1.4,ml,,,,0.09,ak,ak02386j1c3r,2023-06-27T09:04:30.640Z,"",earthquake,,0.2,,,automatic,ak,ak
2023-06-27T08:58:37.127Z,-25.0793,179.6986,508.539,4.3,mb,35,95,4.675,1.69,us,us6000kncy,2023-06-27T09:19:06.040Z,"south of the Fiji Islands",earthquake,13.28,9.518,0.074,53,reviewed,us,us
2023-06-27T08:50:25.942Z,62.1017,-150.2412,25.9,1.3,ml,,,,0.41,ak,ak02386iq0jm,2023-06-27T08:52:53.526Z,"21 km WSW of Susitna North, Alaska",earthquake,,0.3,,,automatic,ak,ak
2023-06-27T08:35:15.410Z,35.72866667,-98.0065,5,1.93,ml,86,66,0.1835639785,0.2,ok,ok2023mmbb,2023-06-27T12:01:56.989Z,"",earthquake,,0.6,0.19,50,reviewed,ok,ok
2023-06-27T08:34:48.830Z,62.631,-151.2929,90.1,1.2,ml,,,,0.45,ak,ak02386immur,2023-06-27T08:36:30.866Z,"30 km WNW of Petersville, Alaska",earthquake,,1,,,automatic,ak,ak
2023-06-27T08:29:19.990Z,46.8505,-121.7575,1.67,0.37,ml,20,70,0.02246,0.11,uw,uw61936591,2023-06-27T14:14:30.720Z,"23 km ENE of Ashford, Washington",earthquake,0.26,0.72,0.17315553753227692,14,reviewed,uw,uw
2023-06-27T08:27:28.792Z,60.9224,-147.5467,20.9,1.9,ml,,,,0.45,ak,ak02386il3an,2023-06-27T08:31:56.216Z,"47 km W of Tatitlek, Alaska",earthquake,,0.4,,,automatic,ak,ak
2023-06-27T08:03:41.910Z,19.2141666412354,-155.391159057617,30.6299991607666,2.41,ml,40,162,,0.129999995,hv,hv73463057,2023-06-27T08:09:12.750Z,"9 km E of Pāhala, Hawaii",earthquake,0.57,0.699999988,3.63,7,automatic,hv,hv
2023-06-27T08:01:49.258Z,61.4869,-149.915,31.6,3.2,ml,,,,0.84,ak,ak02386ifk6z,2023-06-27T17:07:35.974Z,"4 km SSE of Big Lake, Alaska",earthquake,,0.3,,,reviewed,ak,ak
2023-06-27T07:58:43.090Z,33.4003333,-116.394,6.72,1.27,ml,66,52,0.07677,0.18,ci,ci40496736,2023-06-27T15:33:21.280Z,"16km N of Borrego Springs, CA",earthquake,0.17,0.48,0.152,44,reviewed,ci,ci
2023-06-27T07:58:16.790Z,39.1549988,-122.8623352,2.34,1.79,md,11,95,0.04087,0.04,nc,nc73905906,2023-06-27T11:47:15.160Z,"4km NNW of Nice, CA",earthquake,0.28,1.04,0.07,4,automatic,nc,nc
2023-06-27T07:29:49.570Z,38.828167,-122.8056641,1.7,0.74,md,12,76,0.00588,0.02,nc,nc73905896,2023-06-27T08:19:12.934Z,"7km NW of The Geysers, CA",earthquake,0.3,0.89,0.05,14,automatic,nc,nc
2023-06-27T07:03:01.380Z,33.4733333,-116.4431667,11.47,1.42,ml,65,50,0.05202,0.16,ci,ci40496728,2023-06-27T15:19:07.170Z,"23km ESE of Anza, CA",earthquake,0.15,0.37,0.146,34,reviewed,ci,ci
2023-06-27T06:51:22.356Z,62.3208,-150.4021,33.3,1.1,ml,,,,1.25,ak,ak02386hjcrv,2023-06-27T07:24:47.020Z,"8 km W of Trapper Creek, Alaska",earthquake,,0.6,,,automatic,ak,ak
2023-06-27T06:49:16.745Z,60.1455,-151.6005,57.9,1.5,ml,,,,0.41,ak,ak02386hiwwq,2023-06-27T06:50:43.124Z,"Kenai Peninsula, Alaska",earthquake,,1.7,,,automatic,ak,ak
2023-06-27T06:45:11.210Z,19.2336,-67.5883,24,3.59,md,16,296,0.8561,0.22,pr,pr2023178000,2023-06-27T07:19:45.257Z,"96 km NNW of San Antonio, Puerto Rico",earthquake,0.98,16.6,0.09,12,reviewed,pr,pr
2023-06-27T06:37:16.887Z,37.0532,-104.9449,8.62,2.7,ml,25,63,0.147,0.59,us,us6000knck,2023-06-27T06:48:21.040Z,"12 km SW of Weston, Colorado",earthquake,4.83,8.497,0.05,52,reviewed,us,us
2023-06-27T06:28:36.367Z,62.1874,-151.1087,70.4,3.8,ml,,,,0.8,ak,ak02386hegbs,2023-06-27T16:51:58.040Z,"Central Alaska",earthquake,,0.3,,,reviewed,ak,ak
2023-06-27T06:14:19.100Z,33.581,-116.8066667,8.35,0.86,ml,46,36,0.03772,0.13,ci,ci40496720,2023-06-27T15:07:45.100Z,"13km WNW of Anza, CA",earthquake,0.12,0.35,0.127,18,reviewed,ci,ci
2023-06-27T05:53:06.585Z,65.2958,-148.9073,0,1.4,ml,,,,0.56,ak,ak02386gybdu,2023-06-27T05:55:25.505Z,"26 km NE of Minto, Alaska",earthquake,,0.4,,,automatic,ak,ak
2023-06-27T05:51:30.310Z,38.8173332,-122.8215027,2.03,0.95,md,13,76,0.01036,0.02,nc,nc73905886,2023-06-27T05:54:22.852Z,"7km NW of The Geysers, CA",earthquake,0.33,0.86,0.24,15,automatic,nc,nc
2023-06-27T05:42:42.160Z,38.8238335,-122.8050003,2.86,0.94,md,9,76,0.003987,0.02,nc,nc73905881,2023-06-27T05:44:17.642Z,"7km NW of The Geysers, CA",earthquake,0.42,0.88,0.31,12,automatic,nc,nc
2023-06-27T05:36:48.414Z,39.6256,-119.6503,5,1.9,ml,11,73.84,0.185,0.2778,nn,nn00861801,2023-06-27T05:45:25.682Z,"",earthquake,,1.3,0.22,7,automatic,nn,nn
2023-06-27T05:23:20.010Z,35.7026667,-117.5691667,2.26,0.97,ml,17,116,0.1152,0.16,ci,ci40496704,2023-06-27T14:57:49.737Z,"13km NE of Ridgecrest, CA",earthquake,0.25,0.36,0.054,6,reviewed,ci,ci
2023-06-27T05:15:54.269Z,36.4644,71.3012,129.227,4.6,mb,56,84,2.66,0.62,us,us6000knce,2023-06-27T05:36:07.040Z,"31 km SW of Ashkāsham, Afghanistan",earthquake,4.63,7.258,0.078,48,reviewed,us,us
2023-06-27T04:57:44.980Z,44.76,-110.7768333,8.12,1.11,ml,10,183,0.05963,0.09,uu,uu60544112,2023-06-27T13:16:35.410Z,"24 km SSW of Mammoth, Wyoming",earthquake,0.58,1.34,0.379,3,reviewed,uu,uu
2023-06-27T04:48:30.090Z,33.663,-116.7725,15.64,0.43,ml,19,114,0.06836,0.12,ci,ci40496688,2023-06-27T14:48:31.032Z,"10km SSW of Idyllwild, CA",earthquake,0.24,0.43,0.114,5,reviewed,ci,ci
2023-06-27T04:39:52.230Z,17.9488333333333,-66.926,10.72,2.42,md,9,209,0.02852,0.09,pr,pr71414798,2023-06-27T04:57:19.640Z,"3 km SW of Guánica, Puerto Rico",earthquake,0.69,0.47,0.056367733608375,4,reviewed,pr,pr
2023-06-27T04:21:08.850Z,38.8421669,-122.8779984,2.5,0.76,md,13,92,0.005801,0.02,nc,nc73905861,2023-06-27T04:23:58.188Z,"13km ENE of Cloverdale, CA",earthquake,0.33,0.63,0.17,13,automatic,nc,nc
2023-06-27T04:17:34.770Z,38.8413315,-122.8768311,3.18,0.92,md,9,180,0.006031,0.01,nc,nc73905856,2023-06-27T04:19:08.113Z,"13km NW of The Geysers, CA",earthquake,1.28,0.65,0.23,10,automatic,nc,nc
2023-06-27T04:14:19.340Z,41.0686667,-111.5806667,9.8,1.19,md,18,138,0.06809,0.15,uu,uu60544107,2023-06-27T13:50:28.410Z,"Utah",earthquake,0.42,0.71,0.253,11,reviewed,uu,uu
2023-06-27T04:03:24.090Z,38.8073349,-122.7723312,1.36,1.27,md,26,80,0.008808,0.03,nc,nc73905851,2023-06-27T05:39:11.177Z,"4km NNW of The Geysers, CA",earthquake,0.22,0.3,0.19,26,automatic,nc,nc
2023-06-27T04:02:59.450Z,34.0068333,-116.7523333,18.51,0.66,ml,19,127,0.05402,0.14,ci,ci37552932,2023-06-27T14:44:43.522Z,"10km NNE of Cabazon, CA",earthquake,0.27,0.58,0.1,4,reviewed,ci,ci
2023-06-27T04:02:48.750Z,34.0078333,-116.7573333,17.98,0.71,ml,23,127,0.04998,0.1,ci,ci40496672,2023-06-27T14:37:58.648Z,"10km NNE of Cabazon, CA",earthquake,0.22,0.47,0.078,9,reviewed,ci,ci
2023-06-27T03:52:35.884Z,62.35,-151.6009,87.9,1.9,ml,,,,0.36,ak,ak02386frapw,2023-06-27T03:54:55.922Z,"41 km NNW of Skwentna, Alaska",earthquake,,0.8,,,automatic,ak,ak
2023-06-27T03:48:55.970Z,36.0530014,-120.231163,6.97,1.57,md,12,207,0.06301,0.06,nc,nc73905846,2023-06-27T07:20:12.579Z,"11km WNW of Avenal, CA",earthquake,1,0.51,0.02,3,automatic,nc,nc
2023-06-27T03:37:21.994Z,61.8609,-149.289,18.8,1,ml,,,,0.49,ak,ak02386fo1wn,2023-06-27T03:39:16.197Z,"",earthquake,,0.3,,,automatic,ak,ak
2023-06-27T03:30:58.070Z,38.8181648,-122.8213348,2.16,1.34,md,26,48,0.01023,0.02,nc,nc73905841,2023-06-27T05:43:12.038Z,"7km NW of The Geysers, CA",earthquake,0.19,0.34,0.24,27,automatic,nc,nc
2023-06-27T03:14:10.217Z,65.6946,-149.1216,5.4,1.4,ml,,,,0.66,ak,ak02386fj3j1,2023-06-27T03:16:24.203Z,"32 km NW of Livengood, Alaska",earthquake,,0.3,,,automatic,ak,ak
2023-06-27T03:08:01.700Z,33.6776667,-116.9876667,10,0.45,ml,14,100,0.03249,0.09,ci,ci40496664,2023-06-27T14:33:38.977Z,"8km S of Hemet, CA",earthquake,0.26,0.31,0.224,5,reviewed,ci,ci
2023-06-27T02:58:11.980Z,44.322,-115.172,10.64,3.1,ml,46,107,0.8126,0.26,mb,mb90019773,2023-06-27T13:57:52.910Z,"southern Idaho",earthquake,0.48,0.73,0.1810766987782,44,reviewed,mb,mb
2023-06-27T02:51:26.623Z,59.8976,-152.4944,84.8,1.5,ml,,,,0.34,ak,ak02386f5mom,2023-06-27T02:53:34.640Z,"39 km WNW of Anchor Point, Alaska",earthquake,,0.6,,,automatic,ak,ak
2023-06-27T02:49:59.100Z,36.1468333,-118.1716667,-1.5,1.63,ml,12,131,0.2581,0.24,ci,ci37552924,2023-06-27T14:25:51.882Z,"21km SW of Olancha, CA",earthquake,0.53,0.96,0.239,4,reviewed,ci,ci
2023-06-27T02:49:01.900Z,36.1463333,-118.179,3.71,2.4,ml,28,76,0.264,0.14,ci,ci40496656,2023-06-27T14:21:37.780Z,"22km SW of Olancha, CA",earthquake,0.2,1.35,0.219,25,reviewed,ci,ci
2023-06-27T02:44:44.246Z,59.9757,-150.995,58.8,2.3,ml,,,,0.73,ak,ak02386f4614,2023-06-27T02:46:02.727Z,"",earthquake,,0.9,,,automatic,ak,ak
2023-06-27T02:40:39.130Z,33.497,-116.7433333,11.17,0.45,ml,30,38,0.05005,0.16,ci,ci40496648,2023-06-27T14:10:46.300Z,"9km SW of Anza, CA",earthquake,0.21,0.48,0.08,9,reviewed,ci,ci
2023-06-27T02:31:16.772Z,39.6303,-119.6501,12.1,1.5,ml,12,75.02,0.188,0.1792,nn,nn00861797,2023-06-27T02:33:15.318Z,"5 km ESE of Spanish Springs, Nevada",earthquake,,1,0.23,7,automatic,nn,nn
2023-06-27T02:25:33.740Z,59.4385,-152.4999,96.6,1.2,ml,,,,0.86,ak,ak02386f02m6,2023-06-27T02:27:38.303Z,"34 km WNW of Nanwalek, Alaska",earthquake,,0.6,,,automatic,ak,ak
2023-06-27T02:18:00.850Z,38.7809982,-122.7653351,1.95,0.81,md,12,78,0.01027,0.02,nc,nc73905821,2023-06-27T02:34:15.820Z,"1km WNW of The Geysers, CA",earthquake,0.32,0.54,0.46,12,automatic,nc,nc
2023-06-27T02:15:19.180Z,34.1263333,-117.404,5.06,1.19,ml,14,269,0.1041,0.15,ci,ci40496632,2023-06-27T14:05:12.771Z,"4km NW of Rialto, CA",earthquake,0.65,0.7,0.076,8,reviewed,ci,ci
2023-06-27T01:43:07.510Z,38.8064995,-122.7823334,3.24,0.79,md,8,103,0.01024,0.01,nc,nc73905816,2023-06-27T02:21:17.738Z,"4km NW of The Geysers, CA",earthquake,0.53,1.53,0.11,9,automatic,nc,nc
2023-06-27T01:42:36.280Z,38.7901649,-122.7600021,1.64,1.1,md,16,67,0.01045,0.03,nc,nc73905811,2023-06-27T04:57:13.745Z,"2km NNW of The Geysers, CA",earthquake,0.28,0.48,0.17,18,automatic,nc,nc
2023-06-27T01:23:25.420Z,38.824501,-122.8014984,2.26,1.52,md,28,51,0.006789,0.04,nc,nc73905806,2023-06-27T02:00:24.602Z,"6km NW of The Geysers, CA",earthquake,0.22,0.38,0.15,29,automatic,nc,nc
2023-06-27T01:20:14.570Z,38.49,-112.8371667,0.19,-0.5,md,7,210,0.02802,0.05,uu,uu60544097,2023-06-27T14:50:06.470Z,"",earthquake,0.59,31.61,0.297,3,reviewed,uu,uu
2023-06-27T01:17:23.734Z,62.5,-152.0596,106.3,1.8,ml,,,,0.35,ak,ak02386ecwid,2023-06-27T01:19:58.192Z,"Central Alaska",earthquake,,0.6,,,automatic,ak,ak
2023-06-27T01:14:17.130Z,37.3651667,-122.2185,7.49,1.32,md,28,51,0.0233,0.06,nc,nc73905801,2023-06-27T11:32:13.515Z,"3km SE of Portola Valley, CA",earthquake,0.19,0.3,0.167,18,reviewed,nc,nc
2023-06-27T01:07:05.216Z,39.6337,-119.6462,10.6,1.4,ml,8,132.94,0.125,0.1671,nn,nn00861818,2023-06-27T18:17:22.411Z,"Nevada",earthquake,,3.3,0.28,3,reviewed,nn,nn
2023-06-27T01:06:20.725Z,39.6271,-119.6395,8.9,2.1,ml,14,109.9,0.113,0.1558,nn,nn00861795,2023-06-27T18:03:27.988Z,"Nevada",earthquake,,1.8,0.3,3,reviewed,nn,nn
2023-06-27T01:05:31.408Z,39.6342,-119.6433,9.5,3,ml,29,76.09,0.117,0.1758,nn,nn00861791,2023-06-27T15:20:54.899Z,"5 km ESE of Spanish Springs, Nevada",earthquake,,1.1,0.27,8,reviewed,nn,nn
2023-06-27T01:04:54.544Z,39.6414,-119.6472,8.6,2.2,ml,23,105.21,0.122,0.1683,nn,nn00861813,2023-06-27T17:49:28.163Z,"5 km E of Spanish Springs, Nevada",earthquake,,1.6,0.32,4,reviewed,nn,nn
2023-06-27T01:04:30.669Z,39.6347,-119.646,8.8,2.4,ml,28,72.99,0.117,0.1512,nn,nn00861789,2023-06-27T17:49:22.228Z,"5 km ESE of Spanish Springs, Nevada",earthquake,,0.9,0.28,10,reviewed,nn,nn
2023-06-27T01:04:09.280Z,38.4905,-112.8363333,0.07,-0.3,md,7,213,0.02809,0.06,uu,uu60544092,2023-06-27T14:21:51.090Z,"18 km NE of Milford, Utah",earthquake,0.68,31.61,0.402,3,reviewed,uu,uu
2023-06-27T00:59:20.949Z,31.56134874,-103.9331066,3.997802734,2.1,ml,11,73,0.05808119126,0.2,tx,tx2023mllz,2023-06-27T15:48:34.108Z,"30 km NNW of Toyah, Texas",earthquake,3.88269226,2.564850095,0.2,6,reviewed,tx,tx
2023-06-27T00:54:28.620Z,32.764,-115.4328333,8.2,1.3,ml,9,153,0.04285,0.23,ci,ci40496600,2023-06-27T00:57:56.978Z,"7km SW of Holtville, CA",earthquake,1.32,1.84,0.127,11,automatic,ci,ci
2023-06-27T00:31:54.830Z,32.761,-115.4313333,14.23,1.9,ml,35,62,0.04607,0.32,ci,ci40496560,2023-06-27T14:01:43.748Z,"7km SW of Holtville, CA",earthquake,0.41,0.68,0.16,27,reviewed,ci,ci
2023-06-27T00:18:27.830Z,17.8846666666667,-66.94,4.88,2.04,md,5,246,0.1069,0.11,pr,pr71414788,2023-06-27T00:31:36.670Z,"10 km SSW of Guánica, Puerto Rico",earthquake,0.79,0.44,0.00946073378131529,4,reviewed,pr,pr
2023-06-27T00:03:20.170Z,47.8325,-122.92083333333333,-0.05,1.36,ml,11,85,0.02035,0.55,uw,uw61936536,2023-06-27T05:02:51.950Z,"3 km WNW of Quilcene, Washington",earthquake,1.91,2.29,0.12271438906975884,5,reviewed,uw,uw
2023-06-27T00:00:27.440Z,19.1615009307861,-155.364334106445,28.6200008392334,1.79999995,md,29,238,,0.0900000036,hv,hv73462742,2023-06-27T00:03:43.510Z,"12 km ESE of Pāhala, Hawaii",earthquake,0.92,1.47000003,0.00999999978,5,automatic,hv,hv
2023-06-26T23:58:30.349Z,2.3583,98.9818,183.394,4.4,mb,31,147,3.5,0.56,us,us6000knbp,2023-06-27T00:41:33.040Z,"34 km S of Parapat, Indonesia",earthquake,7.42,8.484,0.114,22,reviewed,us,us
2023-06-26T23:48:48.825Z,39.635,-119.652,10.1,1.3,ml,8,130.5,0.123,0.1125,nn,nn00861796,2023-06-27T02:04:32.869Z,"Nevada",earthquake,,2.3,0.27,4,reviewed,nn,nn
2023-06-26T23:44:28.991Z,-24.045,-175.211,10,4.9,mb,57,59,2.862,0.47,us,us6000knbk,2023-06-27T00:32:17.040Z,"south of Tonga",earthquake,4.13,1.858,0.064,77,reviewed,us,us
2023-06-26T23:43:33.220Z,38.489,-112.8406667,0.05,-0.64,md,6,121,0.02554,0.05,uu,uu60544087,2023-06-27T14:16:40.650Z,"18 km NE of Milford, Utah",earthquake,0.34,31.61,0.318,2,reviewed,uu,uu
2023-06-26T23:41:25.363Z,39.6441,-119.652,9.5,2.3,ml,22,72.91,0.13,0.1896,nn,nn00861785,2023-06-27T02:04:31.997Z,"4 km E of Spanish Springs, Nevada",earthquake,,1.3,0.27,9,reviewed,nn,nn
2023-06-26T23:37:52.887Z,39.6438,-119.653,9.3,2.6,ml,27,72.83,0.129,0.1522,nn,nn00861783,2023-06-27T02:38:29.746Z,"4 km E of Spanish Springs, Nevada",earthquake,,1.2,0.27,9,reviewed,nn,nn
2023-06-26T23:26:15.350Z,17.9575,-66.9858333333333,12.3,1.61,md,4,203,0.05683,0.04,pr,pr71414783,2023-06-26T23:49:27.310Z,"6 km ESE of La Parguera, Puerto Rico",earthquake,1.62,0.63,0.100911467031295,3,reviewed,pr,pr
2023-06-26T23:25:07.470Z,17.9523333333333,-66.9726666666667,10.39,2.23,md,3,214,0.0702,0.07,pr,pr71414773,2023-06-26T23:44:59.130Z,"7 km WSW of Fuig, Puerto Rico",earthquake,2.07,1.07,0.000151614990201221,3,reviewed,pr,pr
2023-06-26T23:22:40.830Z,35.0345,-117.68,0.16,1.64,ml,26,45,0.1008,0.16,ci,ci40496536,2023-06-26T23:55:50.340Z,"5km NW of Boron, CA",quarry blast,0.38,31.61,0.097,26,reviewed,ci,ci
2023-06-26T23:19:31.250Z,37.8774986,-122.2539978,8.83,1.74,md,28,51,0.01463,0.04,nc,nc73905761,2023-06-27T00:26:14.040Z,"2km ENE of Berkeley, CA",earthquake,0.18,0.38,0.13,16,automatic,nc,nc
2023-06-26T23:06:16.160Z,62.0822,-151.4247,84,1.7,ml,,,,0.39,ak,ak023853upv4,2023-06-26T23:09:40.938Z,"Central Alaska",earthquake,,0.6,,,automatic,ak,ak
2023-06-26T23:02:36.990Z,19.149,-155.471666666667,32.26,2.72,ml,54,161,,0.11,hv,hv73462707,2023-06-26T23:57:16.808Z,"6 km S of Pāhala, Hawaii",earthquake,0.5,0.54,0.17407156487373,33,reviewed,hv,hv
2023-06-26T22:47:05.470Z,19.2835,-155.403333333333,31.22,2.85,ml,50,84,,0.12,hv,hv73462697,2023-06-27T00:09:37.160Z,"11 km NE of Pāhala, Hawaii",earthquake,0.48,0.41,0.203137671277169,37,reviewed,hv,hv
2023-06-26T22:21:23.380Z,38.840168,-122.8779984,2.52,0.75,md,11,137,0.007325,0.02,nc,nc73905751,2023-06-26T22:39:14.404Z,"13km WNW of The Geysers, CA",earthquake,0.44,0.74,0.15,14,automatic,nc,nc
2023-06-26T22:13:11.161Z,57.5931,-153.3073,10,2.4,ml,,,,0.91,ak,ak023853arvw,2023-06-26T22:28:53.040Z,"39 km WSW of Womens Bay, Alaska",earthquake,,0.4,,,automatic,ak,ak
2023-06-26T22:05:49.610Z,32.8343333,-116.0393333,10.01,1.15,ml,22,66,0.06456,0.13,ci,ci40496464,2023-06-27T01:21:45.435Z,"12km NNW of Ocotillo, CA",earthquake,0.22,0.38,0.106,11,reviewed,ci,ci
2023-06-26T21:58:10.160Z,19.0563335418701,-155.424667358398,30.1800003051758,2.2,ml,37,199,,0.159999996,hv,hv73462642,2023-06-26T22:03:41.530Z,"16 km E of Naalehu, Hawaii",earthquake,0.88,1.14999998,0.24,5,automatic,hv,hv
2023-06-26T21:42:09.440Z,38.8386667,-122.8026667,2.04,0.41,md,9,123,0.009627,0.01,nc,nc73905731,2023-06-27T05:02:12.777Z,"7km WNW of Cobb, CA",earthquake,0.56,0.95,0.21,10,reviewed,nc,nc
2023-06-26T21:34:21.420Z,33.6761667,-116.987,9.81,0.32,ml,10,98,0.03212,0.07,ci,ci40496408,2023-06-27T00:31:20.044Z,"8km S of Hemet, CA",earthquake,0.35,0.4,0.24,4,reviewed,ci,ci
2023-06-26T21:30:10.669Z,37.318,71.8596,144.814,4.1,mb,24,120,2.157,0.49,us,us6000knb1,2023-06-26T21:41:04.040Z,"33 km SE of Khorugh, Tajikistan",earthquake,3.5,14.174,0.262,4,reviewed,us,us
2023-06-26T21:24:10.150Z,19.2143325805664,-155.382171630859,31.4699993133545,2.03999996,md,24,175,,0.0900000036,hv,hv73462607,2023-06-26T21:27:07.470Z,"10 km E of Pāhala, Hawaii",earthquake,0.79,0.920000017,2.03999996,4,automatic,hv,hv
2023-06-26T20:59:35.420Z,37.1558342,-121.534668,7.94,1.22,md,12,153,0.09164,0.12,nc,nc73905726,2023-06-26T22:24:14.325Z,"10km NE of San Martin, CA",earthquake,0.59,1.53,0.18,7,automatic,nc,nc
2023-06-26T20:46:05.960Z,19.8636666666667,-155.668166666667,12.24,2.01,ml,21,122,,0.17,hv,hv73462567,2023-06-26T23:43:46.400Z,"15 km ESE of Waikoloa, Hawaii",earthquake,0.53,0.32,0.134455286660965,3,reviewed,hv,hv
2023-06-26T20:41:09.124Z,30.45609971,-103.6077989,6.979931641,2,ml,12,88,0.08593704307,0.2,tx,tx2023mldn,2023-06-27T15:32:28.108Z,"11 km NNE of Alpine, Texas",earthquake,2.263710866,2.845079179,0.1,6,reviewed,tx,tx
2023-06-26T20:25:09.800Z,44.24366666666667,-123.27183333333333,-0.31,1.29,ml,14,64,0.2105,0.22,uw,uw61927577,2023-06-26T21:37:31.860Z,"5 km WNW of Junction City, Oregon",explosion,0.67,31.61,0.11302239756433452,7,reviewed,uw,uw
2023-06-26T20:16:50.350Z,37.3246651,-122.2080002,8.39,2.03,md,26,58,0.04045,0.11,nc,nc73905706,2023-06-26T21:41:19.196Z,"7km SSE of Portola Valley, CA",earthquake,0.25,0.49,0.17,20,automatic,nc,nc
2023-06-26T20:09:00.449Z,64.8117,-150.5348,13.8,1,ml,,,,0.78,ak,ak02385230zg,2023-06-26T20:11:27.855Z,"21 km SSE of Manley Hot Springs, Alaska",earthquake,,0.3,,,automatic,ak,ak
2023-06-26T20:06:07.280Z,46.839666666666666,-120.89883333333333,6.33,1.4000000000000001,ml,14,100,0.1182,0.22,uw,uw61927552,2023-06-26T20:48:36.890Z,"3 km NE of Nile, Washington",earthquake,0.54,1.18,0.14524321707023558,12,reviewed,uw,uw
2023-06-26T19:39:40.810Z,38.831501,-122.8178329,1.67,0.69,md,12,59,0.01011,0.01,nc,nc73905696,2023-06-26T20:36:15.630Z,"8km NW of The Geysers, CA",earthquake,0.28,0.71,0.47,13,automatic,nc,nc
2023-06-26T19:35:39.490Z,35.6476667,-118.3195,8.94,0.78,ml,13,67,0.05418,0.09,ci,ci40496256,2023-06-27T01:13:55.666Z,"14km ESE of Wofford Heights, CA",earthquake,0.25,0.48,0.131,5,reviewed,ci,ci
2023-06-26T19:30:25.070Z,46.02316666666667,-122.219,-1.05,1.22,ml,6,175,0.004788,0.04,uw,uw61927517,2023-06-26T22:37:19.510Z,"21 km NE of Amboy, Washington",explosion,0.55,31.61,0.02765988305256517,5,reviewed,uw,uw
2023-06-26T19:27:11.630Z,34.0038333,-116.3218333,10.06,0.72,ml,11,86,0.08639,0.11,ci,ci40496224,2023-06-27T01:11:59.475Z,"15km S of Joshua Tree, CA",earthquake,0.25,0.56,0.032,5,reviewed,ci,ci
2023-06-26T19:05:41.620Z,46.0095,-112.464,-2,1.77,ml,15,112,0.06295,0.07,mb,mb90019713,2023-06-27T14:14:14.520Z,"",quarry blast,0.54,31.61,0.199181113696281,17,reviewed,mb,mb
2023-06-26T19:03:38.700Z,35.0435,-97.52166667,5.42,1.53,ml,85,42,0.02969417299,0.39,ok,ok2023mlag,2023-06-26T19:16:38.389Z,"3 km WSW of Washington, Oklahoma",earthquake,,0.6,0.24,28,reviewed,ok,ok
2023-06-26T19:01:19.880Z,40.5176667,-124.086,20.97,1.4,md,25,44,0.1064,0.13,nc,nc73905686,2023-06-26T22:01:14.340Z,"3km NE of Rio Dell, CA",earthquake,0.29,0.41,0.178,15,reviewed,nc,nc
2023-06-26T18:57:57.590Z,38.8170013,-122.8215027,2.12,1.07,md,19,50,0.0101,0.02,nc,nc73905681,2023-06-26T19:00:40.908Z,"7km NW of The Geysers, CA",earthquake,0.24,0.41,0.2,19,automatic,nc,nc
2023-06-26T18:57:33.868Z,62.5041,-150.9126,73.6,1.7,ml,,,,0.63,ak,ak0238516iq2,2023-06-26T19:00:07.063Z,"Central Alaska",earthquake,,0.5,,,automatic,ak,ak
2023-06-26T18:54:38.910Z,49.321,-119.58416666666666,-0.68,1.85,ml,7,225,0.02702,0.21,uw,uw61927487,2023-06-26T22:17:47.830Z,"3 km SSW of Okanagan Falls, Canada",explosion,1.36,31.61,0.21176880316125812,5,reviewed,uw,uw
2023-06-26T18:51:57.929Z,69.714,-143.436,11.6,2.1,ml,,,,0.79,ak,ak0238515aa8,2023-06-26T18:55:07.104Z,"47 km S of Kaktovik, Alaska",earthquake,,0.2,,,automatic,ak,ak
2023-06-26T18:33:34.820Z,35.6801667,-117.5216667,9.12,1.11,ml,22,58,0.08116,0.13,ci,ci40496112,2023-06-27T01:07:59.243Z,"14km SW of Searles Valley, CA",earthquake,0.23,0.6,0.111,10,reviewed,ci,ci
2023-06-26T18:30:20.857Z,39.6379,-119.6456,12.5,0.8,ml,6,106.33,0.213,0.1316,nn,nn00861779,2023-06-27T02:04:27.873Z,"5 km ESE of Spanish Springs, Nevada",earthquake,,3.9,0.35,6,reviewed,nn,nn
2023-06-26T18:23:31.021Z,60.2996,-150.688,34.7,1.6,ml,,,,0.44,ak,ak023850z85q,2023-06-26T18:25:43.832Z,"22 km S of Funny River, Alaska",earthquake,,0.3,,,automatic,ak,ak
2023-06-26T18:22:52.430Z,18.1688333333333,-65.7711666666667,12.06,3.23,md,15,124,0.05248,0.19,pr,pr71414753,2023-06-26T18:59:31.272Z,"1 km NE of Bajandas, Puerto Rico",earthquake,0.38,0.42,0.173211920328278,8,reviewed,pr,pr
2023-06-26T18:22:39.491Z,39.6279,-119.6455,10.1,1.3,ml,12,74.42,0.131,0.1607,nn,nn00861774,2023-06-27T02:04:26.977Z,"5 km ESE of Spanish Springs, Nevada",earthquake,,2,0.28,7,reviewed,nn,nn
2023-06-26T18:19:44.730Z,33.6536667,-116.7171667,15.9,0.09,ml,12,92,0.03923,0.07,ci,ci40496080,2023-06-27T01:02:52.506Z,"10km S of Idyllwild, CA",earthquake,0.36,0.38,0.151,5,reviewed,ci,ci
2023-06-26T18:06:03.620Z,38.7594986,-122.7238312,1.35,1.19,md,12,144,0.002241,0.02,nc,nc73905676,2023-06-26T19:33:16.221Z,"3km WSW of Anderson Springs, CA",earthquake,0.42,0.42,0.13,13,automatic,nc,nc
2023-06-26T17:54:29.773Z,-15.1837,-174.3406,157.556,4.8,mb,64,44,3.76,1.32,us,us6000kn9k,2023-06-26T18:12:53.040Z,"103 km NW of Hihifo, Tonga",earthquake,8.09,6.516,0.031,331,reviewed,us,us
2023-06-26T17:51:57.060Z,38.8296661,-122.8121643,3,0.23,md,8,102,0.006471,0.02,nc,nc73905666,2023-06-26T17:53:30.576Z,"8km NW of The Geysers, CA",earthquake,0.58,1.63,0.12,9,automatic,nc,nc
2023-06-26T17:51:53.507Z,63.3053,-150.5695,134.6,1.7,ml,,,,0.28,ak,ak023850juc6,2023-06-26T17:54:21.480Z,"63 km ESE of Denali National Park, Alaska",earthquake,,1,,,automatic,ak,ak
2023-06-26T17:48:35.100Z,39.299,-122.789,-0.88,1.65,md,24,94,0.1444,0.18,nc,nc73905661,2023-06-26T21:53:19.138Z,"18km NE of Upper Lake, CA",earthquake,0.27,0.74,0.179,23,reviewed,nc,nc
2023-06-26T17:35:57.690Z,38.7878342,-122.7699966,1.02,1.85,md,33,81,0.01499,0.05,nc,nc73905656,2023-06-26T20:36:16.631Z,"2km NW of The Geysers, CA",earthquake,0.16,0.26,0.14,28,automatic,nc,nc
2023-06-26T17:23:44.003Z,61.2469,-146.8404,20.3,2.1,ml,,,,0.75,ak,ak023850dtg5,2023-06-26T17:25:06.150Z,"29 km WNW of Valdez, Alaska",earthquake,,0.4,,,automatic,ak,ak
2023-06-26T17:23:42.025Z,39.632,-119.645,8.9,1.3,ml,12,75.49,0.133,0.1762,nn,nn00861772,2023-06-27T02:04:25.715Z,"5 km ESE of Spanish Springs, Nevada",earthquake,,2.8,0.24,7,reviewed,nn,nn
2023-06-26T17:16:25.489Z,34.26883333,-96.382,0,1.44,ml,49,167,0.4175180687,0.48,ok,ok2023mkws,2023-06-26T17:36:43.829Z,"12 km SSE of Wapanucka, Oklahoma",quarry blast,,0.6,0.19,19,reviewed,ok,ok
2023-06-26T17:16:08.480Z,37.579,-118.7876667,9.29,0.31,md,10,292,0.03471,0.05,nc,nc73905651,2023-06-26T20:12:31.250Z,"10km WNW of Toms Place, CA",earthquake,0.73,0.82,0.278,11,reviewed,nc,nc
2023-06-26T17:14:40.090Z,38.7980003,-122.7565002,3.8,0.29,md,11,91,0.003629,0.02,nc,nc73905646,2023-06-26T17:47:19.610Z,"2km N of The Geysers, CA",earthquake,0.4,1.69,0.06,10,automatic,nc,nc
2023-06-26T17:14:03.510Z,47.512166666666666,-122.52,33.08,1.26,ml,10,111,0.177,1.14,uw,uw61927387,2023-06-26T18:25:37.230Z,"1 km W of Southworth, Washington",earthquake,4.22,6.03,0.26717697429769827,4,reviewed,uw,uw
2023-06-26T17:11:51.410Z,44.6803333,-111.0118333,7.01,0.38,md,7,141,0.03539,0.18,uu,uu60544037,2023-06-26T17:20:50.900Z,"7 km ENE of West Yellowstone, Montana",earthquake,0.61,1.25,0.212,6,reviewed,uu,uu
2023-06-26T17:07:55.200Z,38.7794991,-122.7668304,1.3,0.77,md,11,87,0.008806,0.02,nc,nc73905636,2023-06-26T19:12:17.084Z,"1km WNW of The Geysers, CA",earthquake,0.29,0.62,0.11,11,automatic,nc,nc
2023-06-26T17:04:32.740Z,62.4306,-149.313,12.1,1.4,ml,,,,0.08,ak,ak0238509q2y,2023-06-26T17:05:59.779Z,"",earthquake,,0.4,,,automatic,ak,ak
2023-06-26T16:49:28.490Z,33.1545,-116.5178333,13.92,0.83,ml,8,165,0.1173,0.09,ci,ci40495896,2023-06-27T00:57:59.527Z,"12km NE of Julian, CA",earthquake,0.5,0.71,0.186,3,reviewed,ci,ci
2023-06-26T16:44:40.659Z,36.0205,-96.53566667,0,1.23,ml,44,99,0.1799646848,0.33,ok,ok2023mkvr,2023-06-26T16:52:31.939Z,"6 km ENE of Drumright, Oklahoma",quarry blast,,0.3,0.16,19,reviewed,ok,ok
2023-06-26T16:34:10.040Z,34.329,-116.2018333,8.58,1.62,ml,48,35,0.1542,0.1,ci,ci40495880,2023-06-27T00:55:45.120Z,"24km NNE of Joshua Tree, CA",earthquake,0.12,0.38,0.107,25,reviewed,ci,ci
2023-06-26T16:24:11.182Z,61.8785,-149.3394,7.3,1.3,ml,,,,0.79,ak,ak02384zsj4u,2023-06-26T16:25:56.408Z,"15 km NNW of Fishhook, Alaska",earthquake,,0.3,,,automatic,ak,ak
2023-06-26T16:20:18.732Z,61.0443,-152.3445,115.4,2,ml,,,,0.47,ak,ak02384zroup,2023-06-26T16:22:58.128Z,"65 km W of Tyonek, Alaska",earthquake,,0.6,,,automatic,ak,ak
2023-06-26T16:04:03.413Z,-20.1091,-66.8647,249.919,4.7,mb,62,51,2.236,0.97,us,us6000kn7t,2023-06-26T16:34:56.977Z,"22 km NNE of Colchani, Bolivia",earthquake,6.41,7.016,0.035,252,reviewed,us,us
2023-06-26T16:00:52.370Z,19.2186660766602,-155.392669677734,30.6599998474121,2.12,ml,39,166,,0.129999995,hv,hv73462387,2023-06-26T16:06:22.320Z,"9 km E of Pāhala, Hawaii",earthquake,0.56,0.709999979,4.01,5,automatic,hv,hv
2023-06-26T15:57:15.650Z,36.572,-121.0135,8.12,1.22,md,21,204,0.02196,0.12,nc,nc73905631,2023-06-27T07:58:12.920Z,"12km ENE of Pinnacles, CA",earthquake,0.55,0.42,0.173,17,reviewed,nc,nc
2023-06-26T15:46:12.243Z,58.1673,-155.3607,0,1.3,ml,,,,0.27,ak,ak02384zbtd4,2023-06-26T15:47:29.075Z,"",earthquake,,27.9,,,automatic,ak,ak
2023-06-26T15:42:04.750Z,44.7803333,-110.8175,5.06,1.33,ml,12,99,0.02482,0.18,uu,uu60544032,2023-06-26T15:57:45.430Z,"23 km SSW of Mammoth, Wyoming",earthquake,0.51,0.8,0.349,3,reviewed,uu,uu
2023-06-26T15:37:59.964Z,62.5687,-151.2613,93.5,1,ml,,,,0.28,ak,ak02384z9zlo,2023-06-26T15:39:35.455Z,"26 km WNW of Petersville, Alaska",earthquake,,1.2,,,automatic,ak,ak
2023-06-26T15:35:32.560Z,37.4571648,-118.8209991,1.63,1.62,md,17,131,0.1328,0.05,nc,nc73905626,2023-06-26T17:22:15.453Z,"17km SW of Toms Place, CA",earthquake,0.58,2.89,0.06,10,automatic,nc,nc
2023-06-26T15:33:53.700Z,34.1391667,-117.411,6.33,1.07,ml,29,120,0.04572,0.15,ci,ci40495824,2023-06-27T00:42:01.054Z,"5km NW of Rialto, CA",earthquake,0.28,0.54,0.149,20,reviewed,ci,ci
2023-06-26T15:31:23.770Z,34.1373333,-117.4208333,6.61,2.7,ml,99,16,0.0405,0.18,ci,ci40495808,2023-06-27T18:14:43.459Z,"6km NE of Fontana, CA",earthquake,0.14,0.37,0.211,24,reviewed,ci,ci
2023-06-26T15:29:49.570Z,19.1790008544922,-155.490493774414,31.6900005340576,1.85000002,md,27,90,,0.100000001,hv,hv73462362,2023-06-26T15:32:51.200Z,"",earthquake,0.67,0.579999983,0.920000017,3,automatic,hv,hv
2023-06-26T15:22:18.350Z,33.8813333,-116.209,4.8,0.93,ml,25,70,0.05304,0.13,ci,ci40495800,2023-06-27T00:06:10.921Z,"18km N of Indio, CA",earthquake,0.2,0.4,0.121,18,reviewed,ci,ci
2023-06-26T15:19:29.830Z,37.7225,-122.5458333,7.55,1.24,md,26,102,0.09183,0.04,nc,nc73905616,2023-06-27T11:21:14.017Z,"4km WSW of San Francisco Zoo, CA",earthquake,0.29,0.59,0.171,21,reviewed,nc,nc
2023-06-26T15:13:59.930Z,64.9161,-148.6373,18.8,0.4,ml,,,,0.44,ak,ak02384z4uex,2023-06-26T15:21:09.614Z,"30 km WNW of Ester, Alaska",earthquake,,0.6,,,automatic,ak,ak
2023-06-26T15:13:23.608Z,53.6895,-166.0932,71.6,1.8,ml,,,,0.49,ak,ak02384z4q0d,2023-06-26T15:29:17.411Z,"35 km SE of Unalaska, Alaska",earthquake,,1.6,,,reviewed,ak,ak
2023-06-26T15:09:44.920Z,36.4211667,-120.4543333,2.13,1.28,md,27,127,0.1109,0.21,nc,nc73905611,2023-06-27T00:37:20.101Z,"16km SW of Cantua Creek, CA",earthquake,0.37,1.04,0.089,9,reviewed,nc,nc
2023-06-26T15:09:27.558Z,36.7419,-116.2435,3.7,-0.4,ml,7,161.65,0.024,0.079,nn,nn00861768,2023-06-27T02:04:23.151Z,"49 km ESE of Beatty, Nevada",earthquake,,2.4,0.08,3,reviewed,nn,nn
2023-06-26T15:07:24.142Z,62.0173,-149.8445,36.2,1.6,ml,,,,0.63,ak,ak02384z3hcu,2023-06-26T15:09:09.443Z,"16 km S of Susitna North, Alaska",earthquake,,5.2,,,automatic,ak,ak
2023-06-26T15:06:33.877Z,61.6415,-149.9472,31.3,1.3,ml,,,,0.4,ak,ak02384z3ae3,2023-06-26T15:08:01.027Z,"6 km W of Houston, Alaska",earthquake,,0.6,,,automatic,ak,ak
2023-06-26T15:02:23.010Z,19.2266674041748,-155.383163452148,32.6199989318848,2.11,ml,39,167,,0.140000001,hv,hv73462342,2023-06-26T15:07:55.130Z,"10 km ENE of Pāhala, Hawaii",earthquake,0.56,0.790000021,0.54,4,automatic,hv,hv
2023-06-26T14:56:12.964Z,61.955,-149.8756,32,1.8,ml,,,,0.56,ak,ak02384ysiz4,2023-06-26T14:58:50.056Z,"23 km S of Susitna North, Alaska",earthquake,,0.4,,,automatic,ak,ak
2023-06-26T14:39:21.057Z,36.8631,-115.9783,6.3,0.6,ml,7,127.62,0.005,0.1414,nn,nn00861769,2023-06-27T02:04:23.395Z,"Nevada",earthquake,,2,0.45,5,reviewed,nn,nn
2023-06-26T14:38:39.470Z,38.0761667,-112.7766667,5.5,1.27,md,9,255,0.1767,0.21,uu,uu60544027,2023-06-26T17:18:45.100Z,"20 km SE of Minersville, Utah",earthquake,1.44,5.27,0.068,6,reviewed,uu,uu
2023-06-26T14:33:45.890Z,37.6705,-122.4936667,7.62,1.19,md,22,90,0.0116,0.06,nc,nc73905601,2023-06-27T14:18:16.071Z,"3km WSW of Colma, CA",earthquake,0.25,0.34,0.127,14,reviewed,nc,nc
2023-06-26T14:00:07.940Z,33.871,-116.2096667,3.8,0.53,ml,9,160,0.06213,0.1,ci,ci37527589,2023-06-27T00:00:37.755Z,"17km N of Indio, CA",earthquake,0.32,0.76,0.068,4,reviewed,ci,ci
2023-06-26T13:59:52.980Z,33.8785,-116.214,4.69,0.89,ml,20,70,0.05773,0.11,ci,ci40495728,2023-06-26T23:56:54.671Z,"18km ENE of Thousand Palms, CA",earthquake,0.21,0.46,0.087,18,reviewed,ci,ci
2023-06-26T13:51:41.750Z,44.7443333,-111.1318333,9.45,-0.03,md,7,95,0.04632,0.2,uu,uu60544022,2023-06-26T15:53:06.510Z,"",earthquake,0.67,1.53,0.383,5,reviewed,uu,uu
2023-06-26T13:48:11.440Z,38.8125,-122.8296661,1.72,0.96,md,10,75,0.003647,0.01,nc,nc73905596,2023-06-26T14:05:14.351Z,"8km WNW of The Geysers, CA",earthquake,0.34,0.63,0.22,9,automatic,nc,nc
2023-06-26T13:43:30.820Z,63.5457,-150.6872,1.9,1.4,ml,,,,0.59,ak,ak02384y4cfu,2023-06-26T13:45:21.236Z,"51 km E of Denali National Park, Alaska",earthquake,,0.3,,,automatic,ak,ak
2023-06-26T13:41:38.550Z,19.2150001525879,-155.381500244141,31.9699993133545,2.17,ml,36,172,,0.0900000036,hv,hv73462297,2023-06-26T13:47:09.410Z,"10 km E of Pāhala, Hawaii",earthquake,0.5,0.569999993,3.73,6,automatic,hv,hv
2023-06-26T13:41:11.909Z,61.8967,-149.5165,50.3,1.3,ml,,,,0.29,ak,ak02384y3vjq,2023-06-26T13:42:31.044Z,"22 km NW of Fishhook, Alaska",earthquake,,1.1,,,automatic,ak,ak
2023-06-26T13:38:43.320Z,33.8805,-116.2168333,4.47,1.09,ml,24,69,0.05758,0.11,ci,ci40495696,2023-06-26T23:51:44.550Z,"17km ENE of Thousand Palms, CA",earthquake,0.19,0.38,0.118,25,reviewed,ci,ci
2023-06-26T13:37:28.969Z,57.6103,-153.8685,35.9,2.1,ml,,,,0.4,ak,ak02384y3200,2023-06-26T13:38:56.502Z,"10 km NE of Larsen Bay, Alaska",earthquake,,4.4,,,automatic,ak,ak
2023-06-26T13:33:34.780Z,18.0243333333333,-66.8971666666667,10.34,2.31,md,4,175,0.05189,0.07,pr,pr71414748,2023-06-26T14:15:21.950Z,"1 km SSE of Lluveras, Puerto Rico",earthquake,3.21,3.21,0.115414205151769,4,reviewed,pr,pr
2023-06-26T13:32:04.344Z,9.4158,93.5728,10,4.9,mb,39,96,5.339,1.06,us,us7000kb4v,2023-06-26T13:50:47.040Z,"264 km SSE of Port Blair, India",earthquake,13.26,1.88,0.091,38,reviewed,us,us
2023-06-26T13:31:40.830Z,33.8768333,-116.2103333,4.5,0.74,ml,13,129,0.0574,0.13,ci,ci40495688,2023-06-26T23:46:45.333Z,"17km N of Indio, CA",earthquake,0.26,0.51,0.097,7,reviewed,ci,ci
2023-06-26T13:27:11.130Z,38.8416672,-122.831665,6.78,0.76,md,9,160,0.004284,0.03,nc,nc73905591,2023-06-26T13:51:13.276Z,"10km WNW of Cobb, CA",earthquake,1.16,2.6,0.17,9,automatic,nc,nc
2023-06-26T13:13:46.140Z,18.2281666666667,-66.1713333333333,76.04,3.12,md,7,147,0.2031,0.16,pr,pr71414743,2023-06-26T13:48:52.500Z,"4 km WNW of Santa Clara, Puerto Rico",earthquake,1.63,1.06,0.0643919859579622,6,reviewed,pr,pr
2023-06-26T13:11:27.650Z,36.9775009,-121.6353302,6.02,1.81,md,11,57,0.05115,0.07,nc,nc73905581,2023-06-26T15:15:13.721Z,"7km WSW of Gilroy, CA",earthquake,0.38,0.76,0.44,9,automatic,nc,nc
2023-06-26T13:09:25.284Z,40.2659,-119.878,11.2,0.6,ml,4,267.79,0.147,0.1102,nn,nn00861762,2023-06-27T02:04:16.479Z,"25 km ENE of Herlong, California",earthquake,,3.8,0.32,4,reviewed,nn,nn
2023-06-26T13:07:26.850Z,33.3861667,-116.9658333,6.25,1.32,ml,50,23,0.05528,0.18,ci,ci40495672,2023-06-26T23:44:36.877Z,"10km WNW of Palomar Observatory, CA",earthquake,0.17,0.5,0.122,25,reviewed,ci,ci
2023-06-26T12:58:31.890Z,33.384,-116.969,6.08,1.75,ml,66,23,0.0528,0.2,ci,ci40495656,2023-06-27T01:57:30.124Z,"10km ENE of Pala, CA",earthquake,0.15,0.53,0.108,25,reviewed,ci,ci
2023-06-26T12:53:25.910Z,38.815834,-122.8201675,2.38,0.82,md,7,73,0.009896,0.01,nc,nc73905576,2023-06-26T13:19:12.094Z,"7km NW of The Geysers, CA",earthquake,0.49,1.4,0.23,11,automatic,nc,nc
2023-06-26T12:52:59.919Z,13.7051,92.6865,10,4.7,mb,44,93,7.647,0.46,us,us7000kb4r,2023-06-26T13:09:49.040Z,"221 km N of Bamboo Flat, India",earthquake,10.67,1.903,0.079,48,reviewed,us,us
2023-06-26T12:51:55.170Z,38.8219986,-122.8345032,4.25,0.36,md,11,64,0.001189,0.12,nc,nc73905571,2023-06-26T13:09:15.043Z,"8km NW of The Geysers, CA",earthquake,0.7,2.66,0.27,11,automatic,nc,nc
2023-06-26T12:48:43.447Z,59.7446,-151.7263,45.8,2.5,ml,,,,0.7,ak,ak02384xk0cr,2023-06-26T13:01:31.040Z,"6 km ESE of Anchor Point, Alaska",earthquake,,0.4,,,automatic,ak,ak
2023-06-26T12:44:07.690Z,34.0075,-117.2163333,8.64,0.84,ml,21,127,0.07004,0.13,ci,ci40495640,2023-06-26T22:10:10.041Z,"6km SE of Loma Linda, CA",earthquake,0.25,0.57,0.147,14,reviewed,ci,ci
2023-06-26T12:42:31.720Z,36.5426667,-121.125,3.17,1.12,md,17,109,0.01932,0.14,nc,nc73905566,2023-06-26T21:33:11.008Z,"2km NE of Pinnacles, CA",earthquake,0.31,0.48,0.267,15,reviewed,nc,nc
2023-06-26T12:41:09.971Z,58.2466,-155.044,13.5,0.6,ml,,,,0.13,ak,ak02384xifsl,2023-06-26T12:42:42.126Z,"83 km NNW of Karluk, Alaska",earthquake,,0.8,,,automatic,ak,ak
2023-06-26T12:36:07.705Z,-23.9282,-175.9623,35,5.2,mww,58,102,2.834,0.59,us,us7000kb4m,2023-06-26T12:55:30.040Z,"Tonga region",earthquake,9.36,1.879,0.093,11,reviewed,us,us
2023-06-26T12:34:51.840Z,34.8366667,-118.9753333,14.8,1.37,ml,22,75,0.06154,0.17,ci,ci40495632,2023-06-26T22:04:19.460Z,"3km WNW of Frazier Park, CA",earthquake,0.31,0.56,0.227,9,reviewed,ci,ci
2023-06-26T12:29:57.818Z,62.9483,-149.6376,65.7,1.1,ml,,,,0.48,ak,ak02384xfyw5,2023-06-26T12:32:04.850Z,"60 km SW of Cantwell, Alaska",earthquake,,0.8,,,automatic,ak,ak
2023-06-26T12:29:25.520Z,34.8443333,-118.9768333,13,2.25,ml,59,34,0.06926,0.26,ci,ci40495624,2023-06-26T22:00:54.800Z,"4km NW of Frazier Park, CA",earthquake,0.25,0.44,0.219,25,reviewed,ci,ci
2023-06-26T12:22:07.110Z,19.1616668701172,-155.477005004883,31.9599990844727,2.23,ml,45,112,,0.119999997,hv,hv73462247,2023-06-26T12:27:39.060Z,"4 km S of Pāhala, Hawaii",earthquake,0.62,0.709999979,2.98,9,automatic,hv,hv
2023-06-26T12:13:47.570Z,17.951,-66.9441666666667,10.39,2.26,md,5,211,0.06625,0.08,pr,pr71414728,2023-06-26T12:40:53.820Z,"4 km WSW of Guánica, Puerto Rico",earthquake,0.67,0.74,0.119856235430109,5,reviewed,pr,pr
2023-06-26T12:03:15.605Z,36.8556,-115.9581,9.1,0,ml,8,192.21,0.059,0.0705,nn,nn00861766,2023-06-27T02:04:20.985Z,"",earthquake,,1.9,0.36,4,reviewed,nn,nn
2023-06-26T12:00:35.520Z,38.4896667,-112.8421667,0.35,-0.07,md,11,98,0.0101,0.05,uu,uu60544012,2023-06-26T15:50:59.820Z,"17 km NE of Milford, Utah",earthquake,0.28,0.83,0.458,4,reviewed,uu,uu
2023-06-26T11:58:53.190Z,33.383,-116.9681667,5.88,1.39,ml,52,34,0.0536,0.2,ci,ci40495576,2023-06-26T21:46:18.950Z,"10km WNW of Palomar Observatory, CA",earthquake,0.18,0.61,0.094,26,reviewed,ci,ci
2023-06-26T11:57:57.990Z,19.4829998016357,-155.502502441406,-0.579999983310699,2.31,ml,32,74,,0.170000002,hv,hv73462222,2023-06-26T12:03:29.040Z,"28 km W of Volcano, Hawaii",earthquake,0.4,0.889999986,0.34,4,automatic,hv,hv
2023-06-26T11:57:21.417Z,32.83905029,-100.9745379,4.377400716,2.2,ml,16,78,0.05912098857,0.2,tx,tx2023mkmf,2023-06-27T10:46:59.692Z,"14 km NNW of Snyder, Texas",earthquake,0.9041195819999999,1.748956577,0.1,12,reviewed,tx,tx
2023-06-26T11:41:18.517Z,61.4305,-151.373,63.3,1,ml,,,,0.35,ak,ak02384wx0ze,2023-06-26T11:57:01.711Z,"35 km NNW of Beluga, Alaska",earthquake,,1.1,,,automatic,ak,ak
2023-06-26T11:30:46.230Z,28.86016846,-98.1283318,0.0244547526,1.9,ml,11,65,0.1560366288,0.1,tx,tx2023mklj,2023-06-27T10:28:46.789Z,"17 km SW of Falls City, Texas",earthquake,0.8414713135000002,2.427837493,0.1,7,reviewed,tx,tx
2023-06-26T11:28:01.160Z,38.8364983,-122.8058319,2.07,1.33,md,21,80,0.01225,0.02,nc,nc73905551,2023-06-26T14:01:12.330Z,"7km WNW of Cobb, CA",earthquake,0.24,0.45,0.16,22,automatic,nc,nc
2023-06-26T11:17:31.919Z,61.6079,-150.6734,49.8,1.8,ml,,,,0.74,ak,ak02384wrwp3,2023-06-26T11:20:29.326Z,"Southern Alaska",earthquake,,0.9,,,automatic,ak,ak
2023-06-26T11:17:25.890Z,40.2107,-119.7943,6.7,0.7,ml,5,258.78,0.063,0.1601,nn,nn00861761,2023-06-27T02:04:15.720Z,"29 km ENE of Herlong, California",earthquake,,2.2,0.31,5,reviewed,nn,nn
2023-06-26T11:12:49.040Z,38.821167,-122.795166,2.67,1.08,md,25,33,0.01186,0.03,nc,nc73905546,2023-06-26T11:35:17.483Z,"6km NW of The Geysers, CA",earthquake,0.22,0.43,0.16,22,automatic,nc,nc
2023-06-26T11:03:53.367Z,32.08648682,-101.6262147,8.632527669,2.2,ml,15,85,0.1234693992,0.1,tx,tx2023mkkm,2023-06-26T16:00:40.967Z,"16 km ESE of Stanton, Texas",earthquake,0.4515872171,1.24124016,0.1,29,reviewed,tx,tx
2023-06-26T10:54:31.466Z,61.4085,-147.7364,48.1,1.1,ml,,,,0.48,ak,ak02384weeju,2023-06-26T10:55:46.949Z,"",earthquake,,0.8,,,automatic,ak,ak
2023-06-26T10:40:37.800Z,36.9215012,-121.517334,24.93,1.95,md,11,140,0.07033,0.35,nc,nc73905541,2023-06-26T13:30:13.161Z,"9km NNE of San Juan Bautista, CA",earthquake,7.15,2.98,0.13,10,automatic,nc,nc
2023-06-26T10:39:31.660Z,36.531,-98.96566667,6.88,1.07,ml,20,78,0.0413918775,0.15,ok,ok2023mkjq,2023-06-26T13:07:22.988Z,"9 km SW of Waynoka, Oklahoma",earthquake,,0.5,0.25,9,reviewed,ok,ok
2023-06-26T10:38:07.140Z,36.3281667,-120.9026667,6.23,1.63,md,41,79,0.04231,0.07,nc,nc73905536,2023-06-27T07:47:15.738Z,"23km WSW of New Idria, CA",earthquake,0.19,0.31,0.226,35,reviewed,nc,nc
2023-06-26T10:37:17.930Z,36.9095001,-121.550499,9.21,1.5,md,11,122,0.04159,0.06,nc,nc73905531,2023-06-26T12:36:13.830Z,"7km N of San Juan Bautista, CA",earthquake,0.52,0.54,0.26,10,automatic,nc,nc
2023-06-26T10:36:11.830Z,36.838665,-121.6715012,-0.34,1.49,md,6,223,0.07847,0.15,nc,nc73905526,2023-06-26T12:08:13.674Z,"6km SSW of Aromas, CA",earthquake,1.69,13.03,0.27,3,automatic,nc,nc
2023-06-26T10:23:32.380Z,19.1985,-64.6178,34,3.78,md,8,302,0.9114,0.24,pr,pr2023177000,2023-06-27T06:54:14.040Z,"97 km N of Cruz Bay, U.S. Virgin Islands",earthquake,3.5,16.1,0.09,5,reviewed,pr,pr
2023-06-26T10:16:13.110Z,19.2875003814697,-155.402496337891,32.5999984741211,2.26999998,md,37,120,,0.119999997,hv,hv73462172,2023-06-26T10:19:21.800Z,"12 km NE of Pāhala, Hawaii",earthquake,0.62,0.810000002,1.51999998,18,automatic,hv,hv
2023-06-26T10:12:35.818Z,2.1705,98.4775,85.898,5.2,mb,107,44,1.247,0.85,us,us7000kb3y,2023-06-26T12:30:01.755Z,"58 km NW of Sibolga, Indonesia",earthquake,6.43,2.897,0.045,165,reviewed,us,us
2023-06-26T10:03:29.000Z,19.3841667175293,-155.489837646484,5.90000009536743,1.9,ml,32,67,,0.159999996,hv,hv73462152,2023-06-26T10:09:00.160Z,"20 km N of Pāhala, Hawaii",earthquake,0.36,0.699999988,0.6,4,automatic,hv,hv
2023-06-26T09:55:58.300Z,38.8434982,-122.8809967,2.39,0.73,md,11,103,0.005606,0.05,nc,nc73905521,2023-06-26T10:25:14.071Z,"12km ENE of Cloverdale, CA",earthquake,0.49,0.61,0.46,13,automatic,nc,nc
2023-06-26T09:49:57.180Z,33.9793333,-116.7091667,17.11,0.9,ml,33,71,0.07792,0.09,ci,ci40495544,2023-06-26T21:33:54.630Z,"10km NE of Cabazon, CA",earthquake,0.15,0.35,0.123,19,reviewed,ci,ci
2023-06-26T09:49:15.830Z,38.8078346,-122.8174973,2.77,1.09,md,21,57,0.009184,0.02,nc,nc73905516,2023-06-26T10:14:14.004Z,"6km WNW of The Geysers, CA",earthquake,0.26,0.48,0.18,19,automatic,nc,nc
2023-06-26T09:48:55.730Z,19.2569999694824,-155.415664672852,31.9799995422363,2.38,ml,42,121,,0.119999997,hv,hv73462142,2023-06-27T06:41:20.040Z,"8 km NE of Pāhala, Hawaii",earthquake,0.63,1.03999996,2.68,12,automatic,hv,hv
2023-06-26T09:47:18.440Z,38.8073349,-122.8195038,3.08,0.57,md,7,135,0.007712,0.01,nc,nc73905511,2023-06-26T10:02:16.055Z,"6km WNW of The Geysers, CA",earthquake,1.01,1.67,0.31,9,automatic,nc,nc
2023-06-26T09:33:00.204Z,39.3526,-119.9884,7.4,0.9,ml,13,114.68,0.071,0.1377,nn,nn00861745,2023-06-27T02:04:08.505Z,"5 km SSE of Floriston, California",earthquake,,1.7,0.44,4,reviewed,nn,nn
2023-06-26T09:29:19.930Z,35.7435,-117.5736667,6.61,1.78,ml,28,65,0.1185,0.16,ci,ci40495536,2023-06-26T21:28:00.880Z,"16km W of Searles Valley, CA",earthquake,0.24,0.77,0.103,19,reviewed,ci,ci
2023-06-26T09:18:24.960Z,18.0053333333333,-66.868,11.67,2.38,md,7,119,0.03197,0.08,pr,pr71414713,2023-06-26T09:40:13.480Z,"1 km SSE of Palomas, Puerto Rico",earthquake,0.55,0.51,0.15373430860552,5,reviewed,pr,pr
2023-06-26T09:09:20.667Z,39.6396,-119.6478,12.6,0.2,ml,7,105.57,0.214,0.1398,nn,nn00861771,2023-06-27T02:04:24.324Z,"5 km ESE of Spanish Springs, Nevada",earthquake,,3.8,0.29,3,reviewed,nn,nn
2023-06-26T08:58:36.560Z,37.3688333,-122.2186667,7.25,2.01,md,83,44,0.02443,0.08,nc,nc73905501,2023-06-27T13:03:13.625Z,"2km SE of Portola Valley, CA",earthquake,0.1,0.2,0.154,68,reviewed,nc,nc
2023-06-26T08:54:34.850Z,38.7765007,-122.7568359,1.17,0.89,md,10,106,0.0171,0.03,nc,nc73905496,2023-06-26T11:01:14.296Z,"0km SSW of The Geysers, CA",earthquake,0.32,0.62,0.2,9,automatic,nc,nc
2023-06-26T08:51:10.540Z,36.8950005,-121.5224991,9.75,1.46,md,8,219,0.05668,0.06,nc,nc73905491,2023-06-26T10:29:19.100Z,"6km NNE of San Juan Bautista, CA",earthquake,1.66,0.92,0.19,5,automatic,nc,nc
2023-06-26T08:43:31.760Z,32.2323333,-116.5781667,13.05,1.61,ml,27,128,0.1083,0.14,ci,ci40495520,2023-06-26T21:22:24.299Z,"32km E of Primo Tapia, B.C., MX",earthquake,0.29,0.53,0.078,16,reviewed,ci,ci
2023-06-26T08:43:12.252Z,39.6435,-119.6524,8.7,2,ml,24,72.87,0.122,0.1728,nn,nn00861742,2023-06-27T02:04:07.819Z,"4 km E of Spanish Springs, Nevada",earthquake,,1.5,0.22,7,reviewed,nn,nn
2023-06-26T08:42:41.340Z,34.0451667,-117.276,16.83,0.77,ml,26,101,0.08352,0.1,ci,ci40495512,2023-06-26T21:18:21.457Z,"1km WSW of Loma Linda, CA",earthquake,0.2,0.38,0.128,14,reviewed,ci,ci
2023-06-26T08:39:22.422Z,0.4805,126.3246,65.641,4.8,mb,54,81,3.861,0.52,us,us7000kb3n,2023-06-26T09:29:54.040Z,"Molucca Sea",earthquake,6.55,7.325,0.08,48,reviewed,us,us
2023-06-26T08:38:00.810Z,38.8111649,-122.8578339,2.51,0.57,md,8,176,0.02144,0.03,nc,nc73905481,2023-06-26T09:47:18.853Z,"10km WNW of The Geysers, CA",earthquake,0.54,1.12,0.31,7,automatic,nc,nc
2023-06-26T08:23:58.690Z,46.20316666666667,-122.18233333333333,6.55,0.5700000000000001,ml,16,78,0.006821,0.12,uw,uw61927352,2023-06-26T18:30:38.730Z,"Washington",earthquake,0.23,0.29,0.22250470637762917,8,reviewed,uw,uw
2023-06-26T08:10:39.210Z,35.111,-95.38316667,7.01,2.07,ml,62,71,0.1151773983,0.26,ok,ok2023mkes,2023-06-26T12:44:34.645Z,"1 km SW of Quinton, Oklahoma",earthquake,,0.5,0.25,12,reviewed,ok,ok
2023-06-26T08:01:30.821Z,66.3141,-154.8144,0,3.4,ml,,,,0.77,ak,ak02384uw6ca,2023-06-26T18:31:03.040Z,"38 km NW of Hughes, Alaska",earthquake,,0.7,,,automatic,ak,ak
2023-06-26T07:40:38.670Z,33.4793333,-116.5028333,13.14,0.24,ml,17,135,0.08444,0.11,ci,ci37527565,2023-06-26T21:14:21.743Z,"18km ESE of Anza, CA",earthquake,0.34,0.64,0.03,6,reviewed,ci,ci
2023-06-26T07:40:15.280Z,33.4736667,-116.4975,13.56,0.64,ml,25,96,0.08998,0.12,ci,ci40495504,2023-06-26T21:05:08.765Z,"19km ESE of Anza, CA",earthquake,0.23,0.45,0.082,16,reviewed,ci,ci
2023-06-26T07:39:35.530Z,33.472,-116.5038333,13.41,1.08,ml,50,77,0.08301,0.15,ci,ci40495496,2023-06-26T20:58:37.360Z,"18km ESE of Anza, CA",earthquake,0.19,0.38,0.128,34,reviewed,ci,ci
2023-06-26T07:35:18.322Z,51.6077,-176.9157,56.025,4.6,mb,126,175,0.286,0.6,us,us7000kb3f,2023-06-26T15:21:15.396Z,"",earthquake,4.75,6.456,0.034,263,reviewed,us,us
2023-06-26T07:21:36.266Z,64.8528,-149.0558,24.7,1.9,ml,,,,0.82,ak,ak02384uf1h6,2023-06-26T07:23:55.895Z,"28 km N of Four Mile Road, Alaska",earthquake,,0.2,,,automatic,ak,ak
2023-06-26T07:20:31.070Z,39.3415,-123.2365,8.5,1.53,md,20,59,0.09003,0.09,nc,nc73905476,2023-06-27T06:44:12.384Z,"9km NNW of Redwood Valley, CA",earthquake,0.18,0.6,0.234,24,reviewed,nc,nc
2023-06-26T07:00:16.250Z,38.8078346,-122.8213348,2.96,1.06,md,14,64,0.006214,0.02,nc,nc73905471,2023-06-26T07:17:19.960Z,"7km WNW of The Geysers, CA",earthquake,0.33,0.84,0.22,14,automatic,nc,nc
2023-06-26T06:57:36.720Z,34.0506667,-116.998,14.36,0.81,ml,15,72,0.067,0.17,ci,ci40495472,2023-06-26T12:55:54.673Z,"5km ENE of Yucaipa, CA",earthquake,0.34,0.73,0.132,14,reviewed,ci,ci
2023-06-26T06:46:54.465Z,36.5005,71.0395,188.798,4.2,mb,36,73,2.545,0.59,us,us7000kb3d,2023-06-26T20:09:58.381Z,"44 km SSE of Jurm, Afghanistan",earthquake,5.27,8.116,0.105,25,reviewed,us,us
2023-06-26T06:41:31.369Z,37.1204,43.3614,10,4.3,mb,46,163,0.474,0.6,us,us7000kb3b,2023-06-26T15:20:44.040Z,"",earthquake,6.38,1.941,0.087,38,reviewed,us,us
2023-06-26T06:41:11.330Z,38.8328323,-122.7779999,0.42,0.74,md,9,96,0.006742,0.02,nc,nc73905466,2023-06-26T07:03:16.880Z,"5km WNW of Cobb, CA",earthquake,0.27,0.47,0.08,9,automatic,nc,nc
2023-06-26T06:40:59.217Z,39.3523,-119.9853,7.2,0.5,ml,11,113.79,0.072,0.1641,nn,nn00861758,2023-06-27T02:04:14.958Z,"5 km SSE of Floriston, California",earthquake,,1.8,0.31,4,reviewed,nn,nn
2023-06-26T06:29:21.260Z,39.1881667,-123.1765,6.38,1.33,md,14,63,0.09706,0.06,nc,nc73905461,2023-06-27T08:57:14.174Z,"5km NNE of Ukiah, CA",earthquake,0.2,0.69,0.09,16,reviewed,nc,nc
2023-06-26T06:27:01.050Z,46.7605,-112.4125,8.39,1.25,ml,18,75,0.05802,0.05,mb,mb90019698,2023-06-26T13:55:37.620Z,"",earthquake,0.21,0.43,0.142491333490273,8,reviewed,mb,mb
2023-06-26T06:24:30.390Z,38.8356667,-122.8078308,2.43,0.64,md,10,71,0.01238,0.01,nc,nc73905456,2023-06-26T06:42:14.762Z,"8km WNW of Cobb, CA",earthquake,0.46,0.99,0.44,11,automatic,nc,nc
2023-06-26T06:08:11.720Z,38.7766685,-122.7446671,1.39,1.09,md,13,64,0.009031,0.02,nc,nc73905451,2023-06-26T08:25:13.332Z,"1km E of The Geysers, CA",earthquake,0.25,0.47,0.3,12,automatic,nc,nc
2023-06-26T05:52:52.390Z,19.170166015625,-155.470504760742,31.8600006103516,1.99000001,md,31,93,,0.109999999,hv,hv73461962,2023-06-26T05:56:12.660Z,"3 km SSE of Pāhala, Hawaii",earthquake,0.66,1.08000004,0.119999997,9,automatic,hv,hv
2023-06-26T05:46:35.600Z,32.2126667,-115.0636667,14.26,1.85,ml,16,61,0.09058,0.27,ci,ci40495448,2023-06-26T20:46:46.869Z,"6km WNW of Estacion Coahuila, B.C., MX",earthquake,0.54,0.61,0.153,10,reviewed,ci,ci
2023-06-26T05:45:33.665Z,60.9497,-149.6868,37.8,1.5,ml,,,,0.21,ak,ak02384tdb92,2023-06-26T05:46:47.812Z,"4 km NW of Hope, Alaska",earthquake,,0.6,,,automatic,ak,ak
2023-06-26T05:42:21.640Z,36.5525,-121.1416667,3.26,2.04,md,53,102,0.0213,0.08,nc,nc73905446,2023-06-27T06:44:12.872Z,"2km N of Pinnacles, CA",earthquake,0.17,0.28,0.171,49,reviewed,nc,nc
2023-06-26T05:27:59.610Z,38.8409996,-122.8799973,2.43,0.91,md,9,96,0.003869,0.04,nc,nc73905441,2023-06-26T07:39:16.083Z,"12km ENE of Cloverdale, CA",earthquake,0.46,0.56,0.22,10,automatic,nc,nc
2023-06-26T05:27:55.719Z,58.2585,-155.073,1.7,1,ml,,,,0.31,ak,ak02384t9i2b,2023-06-26T05:29:30.992Z,"85 km NNW of Karluk, Alaska",earthquake,,1,,,automatic,ak,ak
2023-06-26T05:24:33.730Z,38.8365,-122.8041667,2.25,0.41,md,13,113,0.01096,0.01,nc,nc73905436,2023-06-27T06:49:31.124Z,"7km WNW of Cobb, CA",earthquake,0.41,0.69,0.129,12,reviewed,nc,nc
2023-06-26T05:06:12.143Z,62.2803,-151.1043,72.8,1.5,ml,,,,0.38,ak,ak02384t4wny,2023-06-26T05:08:06.221Z,"29 km SW of Petersville, Alaska",earthquake,,0.6,,,automatic,ak,ak
2023-06-26T05:03:52.000Z,62.2773,-151.0771,76.5,1.6,ml,,,,0.38,ak,ak02384t4clc,2023-06-26T05:06:22.397Z,"Central Alaska",earthquake,,0.5,,,automatic,ak,ak
2023-06-26T05:00:08.546Z,69.5558,-144.3512,1.5,2.3,ml,,,,0.68,ak,ak02384t3m2t,2023-06-26T06:32:02.040Z,"70 km SSW of Kaktovik, Alaska",earthquake,,0.9,,,automatic,ak,ak
2023-06-26T04:58:29.957Z,39.353,-119.9932,7.8,0.6,ml,11,116.01,0.069,0.1539,nn,nn00861757,2023-06-27T02:04:13.757Z,"5 km SSE of Floriston, California",earthquake,,1.6,0.29,5,reviewed,nn,nn
2023-06-26T04:46:27.910Z,19.1905002593994,-155.41667175293,31.9699993133545,2.16,ml,31,171,,0.100000001,hv,hv73461892,2023-06-26T04:52:00.010Z,"6 km ESE of Pāhala, Hawaii",earthquake,0.65,0.819999993,4.37,3,automatic,hv,hv
2023-06-26T04:40:29.890Z,36.746,-91.7755,1.79,2.22,md,11,152,0.5674,0.17,nm,nm60531256,2023-06-27T12:11:22.030Z,"7 km ENE of West Plains, Missouri",earthquake,0.49,2.35,0.0917263476084953,11,reviewed,nm,nm
2023-06-26T04:38:51.168Z,64.6811,-149.2649,18.1,1.4,ml,,,,0.38,ak,ak02384sqezg,2023-06-26T04:40:59.601Z,"11 km NW of Four Mile Road, Alaska",earthquake,,0.2,,,automatic,ak,ak
2023-06-26T04:36:37.030Z,34.0163333,-117.2176667,16.09,0.81,ml,30,81,0.08948,0.14,ci,ci40495416,2023-06-26T20:38:20.689Z,"5km SE of Loma Linda, CA",earthquake,0.25,0.55,0.113,15,reviewed,ci,ci
2023-06-26T04:28:11.466Z,60.6557,-151.3295,54.4,2,ml,,,,0.43,ak,ak02384so6re,2023-06-26T04:29:41.646Z,"Kenai Peninsula, Alaska",earthquake,,1.1,,,automatic,ak,ak
2023-06-26T04:17:45.000Z,38.8398323,-122.8099976,1.83,1.04,md,18,52,0.01541,0.02,nc,nc73905431,2023-06-26T06:36:15.726Z,"8km WNW of Cobb, CA",earthquake,0.23,0.48,0.15,16,automatic,nc,nc
2023-06-26T04:08:21.020Z,33.489,-116.4583333,12.22,0.49,ml,24,90,0.1204,0.19,ci,ci40495408,2023-06-26T12:56:09.677Z,"21km ESE of Anza, CA",earthquake,0.41,0.81,0.108,10,reviewed,ci,ci
2023-06-26T04:08:09.044Z,39.6471,-119.6524,13.1,0.5,ml,7,103.05,0.215,0.1979,nn,nn00861756,2023-06-27T02:04:12.710Z,"4 km E of Spanish Springs, Nevada",earthquake,,4,0.17,4,reviewed,nn,nn
2023-06-26T03:56:14.883Z,61.2762,-152.1034,1.5,1.5,ml,,,,0.62,ak,ak02384s8rgw,2023-06-26T03:58:10.716Z,"56 km WNW of Beluga, Alaska",earthquake,,0.5,,,automatic,ak,ak
2023-06-26T03:49:27.324Z,39.6424,-119.6504,12.6,0.5,ml,6,104.5,0.215,0.1059,nn,nn00861755,2023-06-27T02:04:11.773Z,"4 km E of Spanish Springs, Nevada",earthquake,,4.8,0.39,4,reviewed,nn,nn
2023-06-26T03:39:55.310Z,51.8511666666667,-178.027833333333,-1.8,0.84,ml,5,112,,0.33,av,av91938946,2023-06-27T18:16:11.050Z,"96 km W of Adak, Alaska",earthquake,0.66,2.22,0.271674321211051,5,reviewed,av,av
2023-06-26T03:38:10.010Z,38.8376667,-122.812,2.23,-0.14,md,15,54,0.01433,0.03,nc,nc73905411,2023-06-26T23:35:21.817Z,"8km WNW of Cobb, CA",earthquake,0.32,0.46,0.313,13,reviewed,nc,nc
2023-06-26T03:36:27.690Z,17.9366666666667,-67.9993333333333,58.51,3.23,md,15,217,0.1539,0.11,pr,pr71414688,2023-06-26T04:01:36.590Z,"80 km SE of Boca de Yuma, Dominican Republic",earthquake,0.88,0.62,0.0921333477072122,8,reviewed,pr,pr
2023-06-26T03:36:02.667Z,-23.7723,-175.8186,10,4.9,mb,42,115,2.652,0.81,us,us7000kb2u,2023-06-26T03:58:09.040Z,"283 km SSW of ‘Ohonua, Tonga",earthquake,5.33,1.863,0.088,40,reviewed,us,us
2023-06-26T03:27:08.640Z,17.8863333333333,-66.7516666666667,3.8,2.43,md,8,246,0.1501,0.15,pr,pr71414698,2023-06-26T03:48:36.360Z,"12 km SSW of Tallaboa, Puerto Rico",earthquake,0.84,0.57,0.180131338803417,6,reviewed,pr,pr
2023-06-26T03:21:31.470Z,18.0558333333333,-66.1925,20.67,2,md,7,184,0.06664,0.08,pr,pr71414678,2023-06-26T03:38:01.220Z,"1 km NE of La Plena, Puerto Rico",earthquake,0.74,0.47,0.218538864878287,4,reviewed,pr,pr
2023-06-26T03:19:27.660Z,35.7238333,-117.5485,10.81,1.34,ml,14,151,0.1173,0.18,ci,ci40495400,2023-06-26T12:56:28.154Z,"14km WSW of Searles Valley, CA",earthquake,0.7,1.04,0.234,12,reviewed,ci,ci
2023-06-26T03:17:04.350Z,33.4501667,-116.6346667,10.61,1,ml,42,65,0.05205,0.14,ci,ci40495384,2023-06-26T20:29:16.780Z,"12km SSE of Anza, CA",earthquake,0.15,0.3,0.117,23,reviewed,ci,ci
2023-06-26T03:14:38.770Z,17.9591666666667,-67.0803333333333,7.31,2.66,md,11,245,0.03585,0.14,pr,pr71414663,2023-06-26T03:40:16.810Z,"",earthquake,0.82,0.21,0.119933611756926,6,reviewed,pr,pr
2023-06-26T03:14:14.439Z,57.651,-155.0076,62.3,2.5,ml,,,,0.29,ak,ak02384rzrcz,2023-06-26T03:28:28.040Z,"34 km WNW of Karluk, Alaska",earthquake,,0.6,,,automatic,ak,ak
2023-06-26T03:12:17.114Z,-30.1195,-176.4473,35,4.7,mb,19,101,1.54,0.68,us,us7000kb2w,2023-06-26T04:47:38.040Z,"Kermadec Islands region",earthquake,12.88,1.898,0.159,12,reviewed,us,us
2023-06-26T03:06:35.690Z,36.8333,-115.9789,8.1,0,ml,6,172.85,0.028,0.1025,nn,nn00861763,2023-06-27T02:04:19.112Z,"40 km NW of Indian Springs, Nevada",earthquake,,2.4,0.07,2,reviewed,nn,nn
2023-06-26T03:02:14.020Z,19.1909999847412,-155.48567199707,30,2.11999989,md,25,86,,0.109999999,hv,hv73461832,2023-06-26T03:05:30.810Z,"1 km SSW of Pāhala, Hawaii",earthquake,0.7,0.790000021,1.60000002,10,automatic,hv,hv
2023-06-26T02:58:11.930Z,19.1870002746582,-155.483840942383,31.9099998474121,2.06999993,md,26,119,,0.119999997,hv,hv73461827,2023-06-26T03:01:18.690Z,"1 km SSW of Pāhala, Hawaii",earthquake,0.9,1.33000004,0.959999979,11,automatic,hv,hv
2023-06-26T02:50:45.450Z,38.8333321,-122.8191681,1.74,0.76,md,8,175,0.0122,0.02,nc,nc73905406,2023-06-26T03:11:18.722Z,"8km NW of The Geysers, CA",earthquake,0.59,1.19,0.41,7,automatic,nc,nc
2023-06-26T02:45:32.980Z,33.487,-117.0686667,11.79,0.81,ml,23,47,0.09023,0.3,ci,ci40495360,2023-06-26T02:49:07.878Z,"7km E of Temecula, CA",earthquake,0.43,1.16,0.114,17,automatic,ci,ci
2023-06-26T02:43:58.850Z,38.7910004,-122.7580032,1.61,0.78,md,15,76,0.009703,0.02,nc,nc73905401,2023-06-26T03:01:13.523Z,"2km N of The Geysers, CA",earthquake,0.24,0.45,0.11,13,automatic,nc,nc
2023-06-26T02:31:59.130Z,38.8096657,-122.8239975,2.59,0.72,md,11,84,0.004125,0.02,nc,nc73905396,2023-06-26T02:48:15.454Z,"7km WNW of The Geysers, CA",earthquake,0.34,0.74,0.2,11,automatic,nc,nc
2023-06-26T02:26:51.900Z,39.6464,-119.6463,9.3,3.1,ml,36,73.43,0.127,0.164,nn,nn00861737,2023-06-27T02:04:05.521Z,"5 km E of Spanish Springs, Nevada",earthquake,,1.2,0.28,9,reviewed,nn,nn
2023-06-26T02:22:09.521Z,39.6366,-119.6496,12.4,0.3,ml,5,106.04,0.217,0.0734,nn,nn00861753,2023-06-27T02:04:10.900Z,"5 km ESE of Spanish Springs, Nevada",earthquake,,4,0.14,3,reviewed,nn,nn
2023-06-26T02:21:43.546Z,39.6417,-119.6494,12.5,0.4,ml,5,104.82,0.215,0.0812,nn,nn00861752,2023-06-27T02:04:10.092Z,"5 km E of Spanish Springs, Nevada",earthquake,,3.9,0.21,4,reviewed,nn,nn
2023-06-26T02:21:16.310Z,17.9456666666667,-66.9465,10.32,2.46,md,7,212,0.07036,0.07,pr,pr71414653,2023-06-26T02:37:18.950Z,"4 km SW of Guánica, Puerto Rico",earthquake,0.57,0.41,0.0799355884987192,4,reviewed,pr,pr
2023-06-26T02:01:36.393Z,39.6396,-119.6496,11.9,0.9,ml,6,105.29,0.16,0.0993,nn,nn00861751,2023-06-27T02:04:09.349Z,"5 km ESE of Spanish Springs, Nevada",earthquake,,3.6,0.27,5,reviewed,nn,nn
2023-06-26T02:00:21.750Z,18.065,-66.1791666666667,20.99,3,md,15,121,0.0519,0.17,pr,pr71414643,2023-06-26T03:01:37.807Z,"3 km NE of La Plena, Puerto Rico",earthquake,0.38,0.65,0.168961856698806,10,reviewed,pr,pr
2023-06-26T01:56:03.168Z,39.6407,-119.654,9.4,2.2,ml,22,72.64,0.126,0.1352,nn,nn00861731,2023-06-27T02:04:01.977Z,"4 km ESE of Spanish Springs, Nevada",earthquake,,1.3,0.2,7,reviewed,nn,nn
2023-06-26T01:50:47.821Z,39.6486,-119.6521,10.3,3.4,ml,34,68.53,0.133,0.1645,nn,nn00861727,2023-06-27T18:13:41.719Z,"4 km E of Spanish Springs, Nevada",earthquake,,1.2,0.39,9,reviewed,nn,nn
2023-06-26T01:46:54.360Z,36.2376671,-120.8059998,6.13,0.94,md,9,148,0.02205,0.04,nc,nc73905371,2023-06-26T03:38:16.724Z,"23km ENE of San Lucas, CA",earthquake,0.49,0.48,0.28,4,automatic,nc,nc
2023-06-26T01:33:48.302Z,-4.4985,125.4362,433.237,4.1,mb,21,82,4.344,0.33,us,us7000kb2c,2023-06-26T01:51:21.040Z,"",earthquake,14.25,10.855,0.151,12,reviewed,us,us
2023-06-26T01:32:34.640Z,32.8165,-115.5868333,11.36,1.11,ml,12,112,0.1185,0.14,ci,ci40495328,2023-06-26T01:36:13.170Z,"4km SSW of Imperial, CA",earthquake,0.65,1.13,0.215,10,automatic,ci,ci
2023-06-26T01:16:15.247Z,-8.7039,112.4743,89.478,4.2,mb,25,90,1.675,0.65,us,us7000kb2a,2023-06-26T01:39:32.040Z,"Java, Indonesia",earthquake,8.13,7.814,0.147,13,reviewed,us,us
2023-06-26T01:14:16.500Z,33.8518333,-118.0615,24.26,1.45,ml,20,185,0.1478,0.34,ci,ci40495320,2023-06-26T01:17:55.624Z,"1km SSE of Cerritos, CA",earthquake,1.44,2.32,0.221,29,automatic,ci,ci
2023-06-26T01:13:26.840Z,44.6586666666667,-114.367833333333,7.89,1.98,ml,17,109,0.3625,0.19,mb,mb90019693,2023-06-26T14:25:12.600Z,"20 km NNW of Challis, Idaho",earthquake,0.5,1.01,0.232874539931108,20,reviewed,mb,mb
2023-06-26T01:03:50.310Z,44.6488333333333,-114.374333333333,9.55,2.46,ml,26,95,0.3582,0.14,mb,mb90019683,2023-06-26T14:16:45.290Z,"19 km NW of Challis, Idaho",earthquake,0.35,0.57,0.264635121578251,26,reviewed,mb,mb
2023-06-26T01:00:37.190Z,38.7919998,-122.7686691,2.6,0.92,md,14,83,0.0111,0.03,nc,nc73905361,2023-06-26T02:43:14.419Z,"2km NNW of The Geysers, CA",earthquake,0.26,0.5,0.18,15,automatic,nc,nc
2023-06-26T00:46:30.440Z,35.819,-120.367,7.99,2.44,md,62,56,0.01581,0.07,nc,nc73905356,2023-06-27T13:48:14.883Z,"11km SSE of Parkfield, CA",earthquake,0.12,0.19,0.145,74,reviewed,nc,nc
2023-06-26T00:36:42.450Z,-28.8095,-176.6644,10,5,mb,49,53,1.189,0.4,us,us7000kb26,2023-06-27T00:16:41.040Z,"Kermadec Islands region",earthquake,9.97,1.457,0.089,40,reviewed,us,us
2023-06-26T00:24:53.230Z,38.7888336,-122.7645035,2.58,1.78,md,31,69,0.01236,0.03,nc,nc73905351,2023-06-26T01:57:14.144Z,"2km NNW of The Geysers, CA",earthquake,0.24,0.39,0.19,32,automatic,nc,nc
2023-06-26T00:15:52.625Z,51.4768,-172.3624,35,3,ml,22,223,1.34,0.43,us,us7000kb2k,2023-06-27T00:04:13.820Z,"149 km ESE of Atka, Alaska",earthquake,4.41,2.014,0.105,12,reviewed,us,us
2023-06-26T00:15:15.660Z,18.866,-67.152,18.19,2.8,md,7,270,0.3983,0.07,pr,pr71414633,2023-06-26T00:26:37.980Z,"41 km N of San Antonio, Puerto Rico",earthquake,0.67,0.59,0.166347531871677,7,reviewed,pr,pr
2023-06-26T00:03:58.020Z,33.7033333,-116.9536667,15.66,1.15,ml,38,54,0.0297,0.2,ci,ci40495280,2023-06-26T00:14:33.150Z,"5km SSE of Hemet, CA",earthquake,0.29,0.47,0.211,8,automatic,ci,ci
2023-06-25T23:34:03.410Z,37.4223333,-118.5955,16.43,1.58,md,19,94,0.1328,0.07,nc,nc73905341,2023-06-27T00:10:14.940Z,"1km NNE of Round Valley, CA",earthquake,0.56,1.72,0.268,19,reviewed,nc,nc
2023-06-25T23:26:59.690Z,35.031,-117.69,0.29,1.61,ml,23,56,0.09652,0.14,ci,ci40495264,2023-06-26T23:54:55.272Z,"5km NW of Boron, CA",quarry blast,0.35,31.61,0.135,22,reviewed,ci,ci
2023-06-25T23:24:20.240Z,37.3011667,-121.618,6.53,0.85,md,13,74,0.0449,0.09,nc,nc73905336,2023-06-26T19:51:58.921Z,"19km N of Morgan Hill, CA",earthquake,0.24,0.49,0.092,12,reviewed,nc,nc
2023-06-25T23:20:12.919Z,-24.2098,-66.9085,179.852,3.7,ml,20,92,1.711,0.53,us,us7000kb1n,2023-06-26T23:45:48.040Z,"59 km W of San Antonio de los Cobres, Argentina",earthquake,7,10.426,,,reviewed,us,guc
2023-06-25T23:15:22.880Z,46.59166666666667,-121.76783333333333,9.6,0.98,ml,27,81,0.1517,0.11,uw,uw61927237,2023-06-26T18:37:45.790Z,"7 km WSW of Packwood, Washington",earthquake,0.25,1.1,0.07150115810979574,16,reviewed,uw,uw
2023-06-25T23:12:40.800Z,46.6365,-113.278833333333,5,1.62,ml,18,49,0.2302,0.15,mb,mb90019668,2023-06-26T14:07:05.780Z,"10 km WSW of Drummond, Montana",earthquake,0.31,31.61,0.0688169886879959,7,reviewed,mb,mb
2023-06-25T23:01:00.170Z,18.9305,-63.5591,19,3.76,md,13,242,1.0045,0.5,pr,pr2023176001,2023-06-26T23:10:13.040Z,"94 km NNW of Sandy Ground Village, Anguilla",earthquake,4.71,8.14,0.17,4,reviewed,pr,pr
2023-06-25T22:53:57.313Z,61.9577,-150.4214,15.8,1.9,ml,,,,0.41,ak,ak02383g03lf,2023-06-25T22:56:29.659Z,"30 km NW of Willow, Alaska",earthquake,,0.2,,,automatic,ak,ak
2023-06-25T22:45:51.220Z,38.8479996,-122.7994995,1.3,0.22,md,9,92,0.007092,0.02,nc,nc73905316,2023-06-25T23:23:14.260Z,"7km WNW of Cobb, CA",earthquake,0.37,0.78,0.13,9,automatic,nc,nc
2023-06-25T22:44:16.440Z,34.041,-117.2843333,17.22,1.1,ml,28,93,0.08928,0.25,ci,ci40495240,2023-06-25T22:47:47.526Z,"2km WSW of Loma Linda, CA",earthquake,0.45,0.96,0.18,29,automatic,ci,ci
2023-06-25T22:37:49.240Z,38.7741661,-122.7263336,1.45,0.23,md,6,81,0.01217,0.01,nc,nc73905311,2023-06-25T23:12:14.207Z,"3km E of The Geysers, CA",earthquake,0.52,1.26,0.09,5,automatic,nc,nc
2023-06-25T22:37:39.970Z,38.7738342,-122.7273331,1.03,0.89,md,7,78,0.01192,0.04,nc,nc73905306,2023-06-25T23:02:13.139Z,"2km E of The Geysers, CA",earthquake,0.58,1.35,0.25,6,automatic,nc,nc
2023-06-25T22:31:22.540Z,38.7895012,-122.7624969,-0.9,1.08,md,10,80,0.01132,0.18,nc,nc73905301,2023-06-26T01:00:12.829Z,"2km NNW of The Geysers, CA",earthquake,0.36,2.51,0.17,12,automatic,nc,nc
2023-06-25T22:29:36.800Z,52.0768333333333,-176.135166666667,-1.78,0.02,ml,6,130,,0.25,av,av91938521,2023-06-27T10:23:21.780Z,"Andreanof Islands, Aleutian Islands, Alaska",earthquake,0.74,1.8,0.14344777608253,6,reviewed,av,av
2023-06-25T22:28:03.528Z,31.72861932,-104.3279224,6.144421387,2.1,ml,20,80,0.05083712381,0.1,tx,tx2023mjln,2023-06-26T13:58:46.971Z,"western Texas",earthquake,0.4703152053,0.5900178565,0.2,15,reviewed,tx,tx
2023-06-25T22:25:10.780Z,38.8323326,-122.8161697,2.11,0.27,md,7,140,0.01012,0.01,nc,nc73905296,2023-06-26T00:33:13.652Z,"8km NW of The Geysers, CA",earthquake,0.53,1.31,0.16,8,automatic,nc,nc
2023-06-25T22:19:37.331Z,62.9941,-148.8131,5.2,1.5,ml,,,,0.81,ak,ak02383fsrph,2023-06-25T22:21:26.079Z,"44 km S of Cantwell, Alaska",earthquake,,0.3,,,automatic,ak,ak
2023-06-25T22:10:36.060Z,17.9111666666667,-66.7716666666667,7.01,2.65,md,6,233,0.1205,0.09,pr,pr71414598,2023-06-25T22:43:48.840Z,"Puerto Rico region",earthquake,0.69,0.44,0.00684487878040119,4,reviewed,pr,pr
2023-06-25T21:55:33.060Z,18.5975,-68.2321,148,3.91,md,20,172,0.1711,0.52,pr,pr2023176000,2023-06-26T21:54:43.040Z,"18 km E of Punta Cana, Dominican Republic",earthquake,4.78,1.93,0.18,9,reviewed,pr,pr
2023-06-25T21:55:18.710Z,38.8121681,-122.8236694,2.61,0.95,md,14,73,0.00542,0.07,nc,nc73905291,2023-06-26T00:06:15.483Z,"7km WNW of The Geysers, CA",earthquake,0.37,0.78,0.19,14,automatic,nc,nc
2023-06-25T21:50:21.844Z,-1.9292,-79.9032,10,4.2,mb,14,176,1.12,0.4,us,us7000kb1e,2023-06-27T00:26:58.040Z,"7 km E of El Triunfo, Ecuador",earthquake,4.36,1.985,0.525,1,reviewed,us,us
2023-06-25T21:40:28.174Z,-21.6087,-68.5089,143.37,4.3,mb,21,70,0.707,0.65,us,us7000kb1c,2023-06-26T21:26:04.040Z,"50 km SSW of Ollagüe, Chile",earthquake,4.24,6.957,0.2,7,reviewed,us,us
2023-06-25T21:33:38.710Z,38.7809982,-122.7666702,1.33,0.53,md,8,110,0.01029,0.02,nc,nc73905286,2023-06-25T23:33:13.437Z,"1km WNW of The Geysers, CA",earthquake,0.42,1,0.23,8,automatic,nc,nc
2023-06-25T21:27:14.690Z,51.8756666666667,-177.979333333333,2.47,0.38,ml,4,166,,0.25,av,av91938466,2023-06-27T10:05:35.760Z,"Andreanof Islands, Aleutian Islands, Alaska",earthquake,0.85,1.89,0.288770580556659,4,reviewed,av,av
2023-06-25T21:25:14.467Z,37.4951,72.227,198.136,4.2,mb,18,129,2.008,0.36,us,us7000kb1b,2023-06-26T20:53:45.040Z,"59 km E of Khorugh, Tajikistan",earthquake,7.72,11.799,0.373,2,reviewed,us,us
2023-06-25T21:21:42.110Z,33.521,-116.7971667,27.38,0.91,ml,16,59,0.1464,0.29,ci,ci40495192,2023-06-25T21:25:19.975Z,"11km NE of Aguanga, CA",earthquake,1,0.99,0.254,16,automatic,ci,ci
2023-06-25T21:18:53.390Z,38.8291664,-122.8270035,11.53,0.77,md,10,165,0.008707,0.04,nc,nc73905281,2023-06-25T23:07:12.172Z,"8km NW of The Geysers, CA",earthquake,1.9,7.52,0.35,11,automatic,nc,nc
2023-06-25T21:15:30.462Z,61.2221,-150.0037,41,2,ml,,,,0.45,ak,ak02383f6gpi,2023-06-26T12:01:00.142Z,"5 km W of Anchorage, Alaska",earthquake,,1.2,,,automatic,ak,ak
2023-06-25T21:08:18.560Z,38.8185,-122.8198333,2.92,0.02,md,9,100,0.009056,0.01,nc,nc73905276,2023-06-26T23:32:51.196Z,"7km NW of The Geysers, CA",earthquake,0.4,0.41,0.34,10,reviewed,nc,nc
2023-06-25T20:51:16.470Z,33.7168333,-116.7545,16.39,0.69,ml,19,136,0.03409,0.13,ci,ci40495176,2023-06-26T12:57:37.836Z,"4km SW of Idyllwild, CA",earthquake,0.39,0.46,0.178,10,reviewed,ci,ci
2023-06-25T20:50:48.950Z,19.3635005950928,-155.242172241211,28.0499992370605,1.78999996,md,28,127,,0.109999999,hv,hv73461582,2023-06-25T20:54:07.540Z,"8 km S of Volcano, Hawaii",earthquake,0.82,0.560000002,0.550000012,7,automatic,hv,hv
2023-06-25T20:28:16.410Z,38.8253326,-122.8051682,1.22,0.27,md,8,127,0.004293,0.02,nc,nc73905261,2023-06-25T20:53:19.331Z,"7km NW of The Geysers, CA",earthquake,0.47,1.03,0.12,7,automatic,nc,nc
2023-06-25T20:24:47.090Z,40.4026667,-125.4238333,10,2.72,md,20,323,0.8323,0.28,nc,nc73905256,2023-06-27T08:30:12.005Z,"97km W of Petrolia, CA",earthquake,2.58,31.61,0.301,43,reviewed,nc,nc
2023-06-25T20:21:44.550Z,33.5261667,-116.5285,12.2,0.92,ml,36,40,0.0691,0.22,ci,ci40495144,2023-06-25T20:30:44.639Z,"14km ESE of Anza, CA",earthquake,0.3,0.58,0.128,29,automatic,ci,ci
2023-06-25T20:01:45.090Z,36.8465004,-121.295166,6.89,1.15,md,7,125,0.05591,0.07,nc,nc73905246,2023-06-25T22:08:12.813Z,"7km NNE of Tres Pinos, CA",earthquake,0.65,1.82,0.01,5,automatic,nc,nc
2023-06-25T19:48:49.600Z,40.2683333,-124.2615,19.79,1.34,md,19,91,0.01207,0.13,nc,nc73905241,2023-06-26T23:42:15.898Z,"7km SSE of Petrolia, CA",earthquake,0.42,0.43,0.194,10,reviewed,nc,nc
2023-06-25T19:40:17.280Z,53.464,-168.100666666667,8.17,-0.11,ml,6,274,,0.07,av,av91938321,2023-06-27T10:56:12.300Z,"77 km NE of Nikolski, Alaska",earthquake,0.74,1.1,0.252524175464038,6,reviewed,av,av
2023-06-25T19:35:52.450Z,40.7341667,-112.0735,7.9,0.64,md,12,55,0.02948,0.1,uu,uu60543997,2023-06-26T17:15:06.670Z,"Utah",earthquake,0.33,0.81,0.219,5,reviewed,uu,uu
2023-06-25T19:35:15.960Z,33.8191667,-117,13.14,2.7,ml,99,17,0.02896,0.19,ci,ci40495112,2023-06-26T15:47:07.474Z,"6km NW of San Jacinto, CA",earthquake,0.15,0.44,0.253,25,automatic,ci,ci
2023-06-25T19:32:26.517Z,61.561,-150.4058,52.3,1.4,ml,,,,0.52,ak,ak02383e38d7,2023-06-25T19:33:50.153Z,"5 km ENE of Susitna, Alaska",earthquake,,1.6,,,automatic,ak,ak
2023-06-25T19:31:30.020Z,33.923,-116.8795,17.85,0.73,ml,16,117,0.1764,0.26,ci,ci40495104,2023-06-25T19:35:03.637Z,"0km SW of Banning, CA",earthquake,0.71,1.96,0.086,14,automatic,ci,ci
2023-06-25T19:25:39.200Z,35.03116667,-97.52666667,5.98,1.29,ml,36,44,0.04229170093,0.29,ok,ok2023mjfm,2023-06-26T20:52:54.916Z,"4 km SW of Washington, Oklahoma",earthquake,,0.6,0.21,5,reviewed,ok,ok
2023-06-25T19:17:34.257Z,37.3756,-117.1183,10.6,1.7,ml,15,191.93,0.392,0.2056,nn,nn00861722,2023-06-26T21:53:23.147Z,"38 km SSE of Goldfield, Nevada",earthquake,,5.6,0.45,7,reviewed,nn,nn
2023-06-25T19:15:17.420Z,58.2556666666667,-155.1415,31.39,1.28,ml,11,95,,0.25,av,av91938296,2023-06-26T01:34:11.550Z,"86 km NNW of Karluk, Alaska",earthquake,0.92,0.91,0.314339889653917,10,reviewed,av,av
2023-06-25T19:14:55.950Z,33.7046667,-116.9563333,16.25,2.22,ml,81,18,0.03229,0.24,ci,ci40495088,2023-06-25T19:49:50.980Z,"5km SSE of Hemet, CA",earthquake,0.21,0.45,0.386,26,automatic,ci,ci
2023-06-25T19:13:36.900Z,33.5723333,-117.5763333,5.68,1.43,ml,40,74,0.02111,0.24,ci,ci40495080,2023-06-25T19:17:15.052Z,"4km SSE of Coto De Caza, CA",earthquake,0.26,0.53,0.158,29,automatic,ci,ci
2023-06-25T18:53:14.440Z,40.2036667,-121.1208333,8.38,2.37,md,30,69,0.04784,0.1,nc,nc73905221,2023-06-27T14:35:17.185Z,"3km E of Prattville, CA",earthquake,0.22,0.28,0.156,41,reviewed,nc,nc
2023-06-25T18:48:52.824Z,28.2701,52.8795,10,4.2,mb,52,136,4.452,0.8,us,us7000kb0q,2023-06-25T19:10:30.040Z,"70 km SSE of Fīrūzābād, Iran",earthquake,9.78,1.939,0.086,38,reviewed,us,us
2023-06-25T18:46:22.950Z,38.7538338,-122.7281647,0.79,0.94,md,8,151,0.008167,0.06,nc,nc73905216,2023-06-25T19:03:15.664Z,"4km SE of The Geysers, CA",earthquake,0.46,0.64,0.2,7,automatic,nc,nc
2023-06-25T18:45:45.110Z,33.3383333,-116.6626667,11.57,0.65,ml,19,64,0.08571,0.19,ci,ci40495064,2023-06-25T18:49:21.213Z,"7km NNW of Warner Springs, CA",earthquake,0.4,1.03,0.088,10,automatic,ci,ci
2023-06-25T18:33:12.480Z,61.0861666666667,-152.331666666667,17.53,1.25,ml,7,299,,0.19,av,av91938221,2023-06-27T09:42:55.950Z,"",earthquake,1.35,0.9,0.222640897225922,8,reviewed,av,av
2023-06-25T18:23:39.219Z,35.11566667,-97.54166667,6.22,1.11,ml,27,82,0.04589099462,0.32,ok,ok2023mjdl,2023-06-27T14:21:01.809Z,"Oklahoma",earthquake,,0.9,0.12,4,reviewed,ok,ok
2023-06-25T18:11:14.080Z,35.0963333,-118.3326667,9.98,0.99,ml,17,78,0.1057,0.29,ci,ci40495032,2023-06-25T18:14:44.189Z,"11km ESE of Tehachapi, CA",earthquake,0.65,1.25,0.102,11,automatic,ci,ci
2023-06-25T18:01:19.540Z,38.7693329,-122.7143326,1.77,1.16,md,10,114,0.01129,0.03,nc,nc73905211,2023-06-25T20:56:13.348Z,"2km WSW of Anderson Springs, CA",earthquake,0.66,0.96,0.1,8,automatic,nc,nc
2023-06-25T17:56:26.520Z,36.5795,-121.2178333,6.82,1.07,md,21,141,0.02724,0.11,nc,nc73905206,2023-06-26T19:32:26.840Z,"8km NW of Pinnacles, CA",earthquake,0.36,0.46,0.249,16,reviewed,nc,nc
2023-06-25T17:55:16.202Z,61.5106,-149.8711,34.5,1.9,ml,,,,0.42,ak,ak02383d19tw,2023-06-25T17:57:57.164Z,"4 km ESE of Big Lake, Alaska",earthquake,,0.2,,,automatic,ak,ak
2023-06-25T17:49:38.310Z,35.7283333,-117.4763333,6.31,1.06,ml,14,88,0.07625,0.16,ci,ci40495016,2023-06-25T18:40:54.649Z,"8km WSW of Searles Valley, CA",earthquake,0.54,1.5,0.174,6,reviewed,ci,ci
2023-06-25T17:38:09.740Z,38.7953339,-122.7788315,3.85,0.78,md,9,117,0.00742,0.02,nc,nc73905201,2023-06-25T17:57:16.311Z,"3km NW of The Geysers, CA",earthquake,0.67,1.7,0.05,8,automatic,nc,nc
2023-06-25T17:37:59.130Z,19.5203333333333,-155.582833333333,10.81,2.53,ml,29,44,,0.13,hv,hv73461477,2023-06-26T03:21:41.210Z,"30 km ENE of Honaunau-Napoopoo, Hawaii",earthquake,0.35,0.28,0.159544377968443,16,reviewed,hv,hv
2023-06-25T17:17:43.440Z,18.7840003967285,-155.252670288086,7.03999996185303,2.66000009,md,33,272,,0.159999996,hv,hv73461462,2023-06-25T17:31:22.040Z,"",earthquake,1.21,1.16999996,1.58000004,18,automatic,hv,hv
2023-06-25T17:10:59.170Z,40.6738333,-123.5955,20.82,2.3,md,33,92,0.1957,0.15,nc,nc73905196,2023-06-27T01:34:18.433Z,"30km S of Willow Creek, CA",earthquake,0.35,0.55,0.149,31,reviewed,nc,nc
2023-06-25T17:08:47.700Z,36.2081666666667,-89.4826666666667,7.65,1.47,md,9,85,0.04025,0.05,nm,nm60531076,2023-06-27T13:54:13.960Z,"6 km S of Ridgely, Tennessee",earthquake,0.36,0.86,0.0556074404950424,7,reviewed,nm,nm
2023-06-25T17:07:09.540Z,40.7273333,-112.0705,8.81,0.19,md,8,107,0.02631,0.09,uu,uu60543987,2023-06-26T17:08:23.750Z,"",earthquake,0.36,0.64,0.342,4,reviewed,uu,uu
2023-06-25T17:01:01.970Z,38.8146667,-122.8183365,2.66,1.25,md,28,51,0.01026,0.02,nc,nc73905186,2023-06-25T20:10:14.069Z,"7km NW of The Geysers, CA",earthquake,0.19,0.38,0.23,28,automatic,nc,nc
2023-06-25T16:59:41.470Z,33.4903333,-116.451,12.25,0.35,ml,21,145,0.121,0.12,ci,ci40495000,2023-06-27T17:02:48.606Z,"22km ESE of Anza, CA",earthquake,0.36,0.63,0.079,12,reviewed,ci,ci
2023-06-25T16:57:28.660Z,40.7288333,-112.0625,9.95,1.69,ml,33,42,0.02032,0.16,uu,uu60543982,2023-06-26T14:46:44.750Z,"3 km ENE of Magna, Utah",earthquake,0.28,0.45,0.195,9,reviewed,uu,uu
2023-06-25T16:54:23.661Z,60.4776,-141.2399,4.6,2.6,ml,,,,0.76,ak,ak02383cfm19,2023-06-25T16:56:33.590Z,"133 km NW of Yakutat, Alaska",earthquake,,0.3,,,automatic,ak,ak
2023-06-25T16:54:06.010Z,52.0306666666667,-176.192833333333,-1.8,0.14,ml,5,264,,0.09,av,av91938091,2023-06-27T09:35:23.830Z,"Andreanof Islands, Aleutian Islands, Alaska",earthquake,1.81,1.8,0.171394260301724,5,reviewed,av,av
2023-06-25T16:52:07.690Z,38.8255005,-122.8051682,1.42,0.76,md,10,67,0.004371,0.02,nc,nc73905181,2023-06-25T17:38:14.218Z,"7km NW of The Geysers, CA",earthquake,0.33,0.96,0.14,12,automatic,nc,nc
2023-06-25T16:48:55.460Z,35.93533333,-97.89566667,6.3,1.57,ml,39,45,0.07738481446,0.16,ok,ok2023mjai,2023-06-26T20:34:43.182Z,"5 km SSE of Dover, Oklahoma",earthquake,,0.4,0.16,7,reviewed,ok,ok
2023-06-25T16:46:38.378Z,39.3498,-119.9868,7.7,0.8,ml,11,113.83,0.069,0.1333,nn,nn00861720,2023-06-26T02:04:08.014Z,"5 km SSE of Floriston, California",earthquake,,1.6,0.4,6,reviewed,nn,nn
2023-06-25T16:40:07.640Z,51.8576666666667,-178.052166666667,-1.8,0.49,ml,5,105,,0.25,av,av91938066,2023-06-27T09:29:32.040Z,"97 km W of Adak, Alaska",earthquake,0.53,1.7,0.315841838974341,5,reviewed,av,av
2023-06-25T16:23:48.280Z,38.7801666,-122.7641678,0.92,0.71,md,8,102,0.009512,0.01,nc,nc73905171,2023-06-25T17:26:15.276Z,"1km WNW of The Geysers, CA",earthquake,0.28,0.52,0.42,7,automatic,nc,nc
2023-06-25T16:15:40.250Z,34.1185,-116.8191667,6.01,0.85,ml,33,126,0.08368,0.2,ci,ci40494960,2023-06-26T13:51:32.344Z,"16km S of Big Bear City, CA",earthquake,0.3,0.73,0.148,13,reviewed,ci,ci
2023-06-25T16:13:25.100Z,38.7599983,-122.7180023,1.51,1.47,md,16,81,0.005594,0.04,nc,nc73905161,2023-06-25T19:38:13.864Z,"3km SW of Anderson Springs, CA",earthquake,0.32,0.39,0.09,15,automatic,nc,nc
2023-06-25T16:11:57.880Z,38.8356667,-122.8021698,2.42,0.7,md,8,152,0.009633,0.02,nc,nc73905156,2023-06-25T16:56:13.962Z,"7km WNW of Cobb, CA",earthquake,0.58,1.62,0.22,10,automatic,nc,nc
2023-06-25T16:09:08.620Z,36.0198326,-120.5906677,1.49,0.62,md,9,186,0.04504,0.08,nc,nc73905151,2023-06-25T16:46:14.895Z,"20km NW of Parkfield, CA",earthquake,1.09,6.26,,1,automatic,nc,nc
2023-06-25T16:06:21.750Z,32.9378333,-116.2853333,11.61,0.58,ml,20,80,0.02258,0.17,ci,ci37552604,2023-06-26T13:44:14.173Z,"26km ENE of Pine Valley, CA",earthquake,0.28,0.61,0.103,4,reviewed,ci,ci
2023-06-25T16:06:18.890Z,32.9431667,-116.2863333,10.96,0.47,ml,14,127,0.01832,0.16,ci,ci40494952,2023-06-26T13:39:55.147Z,"26km ENE of Pine Valley, CA",earthquake,0.34,0.46,0.106,4,reviewed,ci,ci
2023-06-25T16:06:08.500Z,37.486,-118.5543333,10.42,1.08,md,14,130,0.1078,0.05,nc,nc73905146,2023-06-26T19:21:26.098Z,"9km NNE of Round Valley, CA",earthquake,0.84,2.82,0.25,12,reviewed,nc,nc
2023-06-25T15:58:38.143Z,-13.5872,168.1142,10,4.6,mb,15,252,7.832,0.98,us,us7000kb07,2023-06-25T17:00:41.040Z,"",earthquake,15.62,2.01,0.146,14,reviewed,us,us
2023-06-25T15:57:14.720Z,38.7606659,-122.7170029,1.33,1.47,md,12,81,0.006213,0.03,nc,nc73905136,2023-06-25T19:07:14.690Z,"3km SW of Anderson Springs, CA",earthquake,0.33,0.4,0.16,13,automatic,nc,nc
2023-06-25T15:55:58.200Z,58.1791666666667,-155.333166666667,3.21,0.61,ml,9,205,,0.1,av,av91938021,2023-06-26T21:19:01.490Z,"85 km NW of Karluk, Alaska",earthquake,0.42,1.33,0.40944045915853,9,reviewed,av,av
2023-06-25T15:51:12.781Z,36.7635,-116.2556,8.6,0.3,ml,23,68.23,0.028,0.1018,nn,nn00861715,2023-06-26T21:41:00.168Z,"California-Nevada border region",earthquake,,0.7,0.18,9,reviewed,nn,nn
2023-06-25T15:50:03.566Z,34.6243,69.634,57.954,4.4,mb,32,176,3.167,0.82,us,us7000kb05,2023-06-25T17:05:49.040Z,"25 km S of Tagāb, Afghanistan",earthquake,9.6,10.498,0.095,32,reviewed,us,us
2023-06-25T15:49:30.000Z,38.5183333,-122.5848333,6.96,1.42,md,50,64,0.07805,0.09,nc,nc73905126,2023-06-27T00:15:14.971Z,"7km S of Calistoga, CA",earthquake,0.15,0.44,0.164,47,reviewed,nc,nc
2023-06-25T15:48:14.550Z,37.4521667,-118.659,-0.47,0.81,md,13,98,0.1248,0.04,nc,nc73905131,2023-06-26T19:18:25.482Z,"7km NW of Round Valley, CA",earthquake,0.37,1.29,0.116,11,reviewed,nc,nc
2023-06-25T15:47:24.330Z,38.8215,-122.7631667,1.84,0.4,md,17,121,0.01039,0.03,nc,nc73905121,2023-06-27T05:27:22.897Z,"4km W of Cobb, CA",earthquake,0.24,0.36,0.142,15,reviewed,nc,nc
2023-06-25T15:45:24.252Z,39.5031,-117.3763,0,1.7,ml,4,224.03,0.621,0.1394,nn,nn00861726,2023-06-26T02:04:11.291Z,"26 km W of Austin, Nevada",earthquake,,0,0.18,2,reviewed,nn,nn
2023-06-25T15:44:27.090Z,19.1606674194336,-155.494995117188,29.3400001525879,1.71000004,md,29,124,,0.129999995,hv,hv73461437,2023-06-25T15:47:48.670Z,"4 km SSW of Pāhala, Hawaii",earthquake,0.73,1.11000001,1.73000002,4,automatic,hv,hv
2023-06-25T15:43:54.480Z,44.6913333,-110.981,5.32,0.48,md,10,93,0.02537,0.2,uu,uu60543977,2023-06-26T15:47:52.470Z,"10 km ENE of West Yellowstone, Montana",earthquake,0.54,1.01,0.275,8,reviewed,uu,uu
2023-06-25T15:41:03.040Z,38.5203333,-122.5815,8.08,2.1,md,93,38,0.0806,0.1,nc,nc73905116,2023-06-27T03:25:16.180Z,"6km S of Calistoga, CA",earthquake,0.12,0.34,0.161,93,reviewed,nc,nc
2023-06-25T15:37:57.930Z,38.7803345,-122.7213364,1.32,0.96,md,11,84,0.01237,0.04,nc,nc73905111,2023-06-25T17:57:15.312Z,"3km WNW of Anderson Springs, CA",earthquake,0.29,0.73,0.21,10,automatic,nc,nc
2023-06-25T15:35:45.370Z,33.5085,-116.7631667,10.05,0.29,ml,22,47,0.0313,0.13,ci,ci40494936,2023-06-26T20:57:39.654Z,"10km WSW of Anza, CA",earthquake,0.21,0.41,0.185,4,reviewed,ci,ci
2023-06-25T15:33:46.290Z,58.2543333333333,-155.070333333333,9.21,0.02,ml,11,108,,0.14,av,av91938001,2023-06-27T09:24:54.710Z,"84 km NNW of Karluk, Alaska",earthquake,0.49,0.63,0.208430623940765,11,reviewed,av,av
2023-06-25T15:30:07.924Z,-11.6507,166.2631,87.329,5,mb,34,75,6.587,0.96,us,us7000kazy,2023-06-25T15:46:57.040Z,"114 km SSE of Lata, Solomon Islands",earthquake,11.52,7.768,0.072,62,reviewed,us,us
2023-06-25T15:24:02.040Z,36.7525,-121.3536667,5.95,0.86,md,17,151,0.04532,0.1,nc,nc73905106,2023-06-26T19:13:24.906Z,"5km SW of Tres Pinos, CA",earthquake,0.3,0.63,0.272,12,reviewed,nc,nc
2023-06-25T15:23:50.030Z,38.7833328,-122.7828369,3.47,0.43,md,9,153,0.0106,0.01,nc,nc73905101,2023-06-25T15:26:37.784Z,"2km WNW of The Geysers, CA",earthquake,0.62,1.27,0.28,11,automatic,nc,nc
2023-06-25T15:11:26.760Z,64.9349,-147.2947,0,1.6,ml,,,,1.22,ak,ak02383bkzoe,2023-06-25T15:13:30.875Z,"14 km WNW of Two Rivers, Alaska",earthquake,,0.4,,,automatic,ak,ak
2023-06-25T15:06:13.740Z,33.3648333,-116.9725,6.55,1.35,ml,57,26,0.0552,0.21,ci,ci40494904,2023-06-26T20:52:02.420Z,"10km E of Pala, CA",earthquake,0.17,0.5,0.136,31,reviewed,ci,ci
2023-06-25T15:05:33.590Z,58.4703333333333,-154.723,6.09,0.26,ml,10,127,,0.14,av,av91937946,2023-06-27T09:21:12.160Z,"101 km N of Karluk, Alaska",earthquake,0.47,0.63,0.216769740254818,10,reviewed,av,av
2023-06-25T15:04:30.890Z,38.8186684,-122.8219986,2.12,0.75,md,15,55,0.01044,0.02,nc,nc73905086,2023-06-25T16:59:18.986Z,"7km NW of The Geysers, CA",earthquake,0.25,0.58,0.15,17,automatic,nc,nc
2023-06-25T14:38:47.920Z,18.7900009155273,-155.244171142578,7.23999977111816,2.0999999,md,23,274,,0.159999996,hv,hv73461427,2023-06-25T14:42:08.470Z,"46 km SE of Naalehu, Hawaii",earthquake,2.12,2.01999998,2.06999993,6,automatic,hv,hv
2023-06-25T14:35:46.835Z,60.1473,-153.4581,153.5,2.5,ml,,,,0.78,ak,ak02383b4r1y,2023-06-25T15:32:23.040Z,"48 km E of Port Alsworth, Alaska",earthquake,,1,,,automatic,ak,ak
2023-06-25T14:35:45.370Z,38.8260002,-122.8059998,1.2,0.72,md,9,73,0.00411,0.02,nc,nc73905081,2023-06-25T16:32:13.812Z,"7km NW of The Geysers, CA",earthquake,0.38,0.83,0.23,11,automatic,nc,nc
2023-06-25T14:33:43.020Z,40.1695,-117.8419,3,1.2,ml,3,304.73,0.411,0.1237,nn,nn00861719,2023-06-26T02:04:06.821Z,"Nevada",earthquake,,4.3,0.08,2,reviewed,nn,nn
2023-06-25T14:31:45.255Z,40.0849,-119.6664,14.8,0.4,ml,5,180.47,0.099,0.1234,nn,nn00861718,2023-06-26T02:04:05.283Z,"15 km NNW of Sutcliffe, Nevada",earthquake,,2.5,0.14,3,reviewed,nn,nn
2023-06-25T14:31:00.470Z,58.2676666666667,-155.077,30.02,0.6,ml,11,107,,0.33,av,av91937921,2023-06-26T17:44:48.680Z,"86 km NNW of Karluk, Alaska",earthquake,1.2,1.51,0.213341703636587,10,reviewed,av,av
2023-06-25T14:30:31.296Z,31.47832854,-103.954532,5.565991211000001,2.2,ml,24,64,0.1021484131,0.1,tx,tx2023mivt,2023-06-26T14:41:28.913Z,"23 km NW of Toyah, Texas",earthquake,0.630618009,0.9673294512,0.2,17,reviewed,tx,tx
2023-06-25T14:27:08.080Z,36.2696666666667,-83.529,7.39,2.5,md,26,88,0.07146,0.44,se,se60530996,2023-06-25T23:24:23.325Z,"",earthquake,0.67,1.66,0.0731366724152389,13,reviewed,se,se
2023-06-25T14:14:48.630Z,33.9965,-117.2111667,4.59,0.67,ml,14,120,0.09077,0.22,ci,ci40494872,2023-06-26T20:32:59.143Z,"7km SSW of Redlands, CA",earthquake,0.53,1.34,0.089,4,reviewed,ci,ci
2023-06-25T14:14:11.840Z,46.784666666666666,-121.9685,7.89,0.26,ml,17,232,0.03838,0.13,uw,uw61927117,2023-06-25T22:13:53.760Z,"5 km ENE of Ashford, Washington",earthquake,0.43,0.59,0.16118854281677544,6,reviewed,uw,uw
2023-06-25T14:04:38.520Z,32.7545,-115.4161667,12.92,1.55,ml,26,69,0.05687,0.3,ci,ci40494864,2023-06-26T20:28:41.639Z,"7km SSW of Holtville, CA",earthquake,0.43,0.84,0.17,11,reviewed,ci,ci
2023-06-25T13:57:04.230Z,51.8506666666667,-178.055666666667,-1.77,1.18,ml,5,126,,0.25,av,av91937881,2023-06-27T09:13:58.330Z,"Andreanof Islands, Aleutian Islands, Alaska",earthquake,0.61,1.57,0.239530217401465,5,reviewed,av,av
2023-06-25T13:51:06.870Z,35.7918333,-121.2721667,7.75,1.64,md,41,176,0.1457,0.1,nc,nc73905076,2023-06-27T11:15:13.983Z,"18km NNW of San Simeon, CA",earthquake,0.25,0.67,0.182,31,reviewed,nc,nc
2023-06-25T13:46:28.860Z,37.3671667,-122.2133333,6.62,0.8,md,19,53,0.01987,0.08,nc,nc73905071,2023-06-27T10:18:12.637Z,"3km SE of Portola Valley, CA",earthquake,0.23,0.4,0.098,10,reviewed,nc,nc
2023-06-25T13:43:09.470Z,53.393,-168.187,-0.92,-0.07,ml,5,223,,0.11,av,av91937876,2023-06-27T09:09:05.810Z,"Fox Islands, Aleutian Islands, Alaska",earthquake,0.42,4.51,0.179094038013381,5,reviewed,av,av
2023-06-25T13:41:32.233Z,31.52408911,-104.0149194,7.057055663999999,2,ml,24,88,0.05552917732,0.2,tx,tx2023miue,2023-06-26T12:18:49.160Z,"31 km NW of Toyah, Texas",earthquake,1.821705911,1.312323656,0.3,18,reviewed,tx,tx
2023-06-25T13:28:59.731Z,31.6445106,-104.268167,5.951611328,1.7,ml,12,67,0.1121779488,0.2,tx,tx2023mits,2023-06-27T17:52:14.066Z,"58 km NW of Toyah, Texas",earthquake,0.9626710201,2.293618232,0.2,6,reviewed,tx,tx
2023-06-25T13:26:53.948Z,-18.1445,-71.6425,26.705,4.9,mb,27,158,1.256,0.64,us,us7000kazl,2023-06-25T13:43:20.040Z,"63 km SSW of Pacocha, Peru",earthquake,8.03,6.195,0.11,26,reviewed,us,us
2023-06-25T13:23:27.430Z,32.7656667,-116.028,10.22,0.86,ml,25,96,0.06386,0.2,ci,ci40494832,2023-06-26T20:23:20.697Z,"5km NW of Ocotillo, CA",earthquake,0.25,0.48,0.071,5,reviewed,ci,ci
2023-06-25T13:14:54.780Z,44.6851667,-110.9881667,6.87,1.06,ml,13,68,0.02335,0.18,uu,uu60543972,2023-06-26T15:41:09.710Z,"9 km ENE of West Yellowstone, Montana",earthquake,0.37,0.72,0.129,3,reviewed,uu,uu
2023-06-25T13:14:26.610Z,36.7871666,-121.3028336,8.41,1.83,md,18,98,0.08694,0.08,nc,nc73905066,2023-06-25T15:12:14.319Z,"2km ESE of Tres Pinos, CA",earthquake,0.33,0.76,0.12,6,automatic,nc,nc
2023-06-25T13:08:17.940Z,33.6515,-116.734,14.04,0.47,ml,17,77,0.06177,0.13,ci,ci40494824,2023-06-25T13:43:08.564Z,"10km S of Idyllwild, CA",earthquake,0.32,0.65,0.084,9,reviewed,ci,ci
2023-06-25T13:07:22.800Z,38.8268318,-122.8028336,1.88,1,md,16,57,0.006615,0.01,nc,nc73905061,2023-06-25T13:25:16.722Z,"7km NW of The Geysers, CA",earthquake,0.27,0.47,0.14,17,automatic,nc,nc
2023-06-25T13:00:21.680Z,33.7173333,-116.8466667,14.97,0.9,ml,49,76,0.07105,0.21,ci,ci40494816,2023-06-25T15:40:12.016Z,"6km SE of Valle Vista, CA",earthquake,0.25,0.43,0.115,20,reviewed,ci,ci
2023-06-25T12:51:16.513Z,62.9799,-150.5355,3.6,1.3,ml,,,,0.57,ak,ak02383a18yq,2023-06-25T12:53:53.235Z,"55 km NNE of Petersville, Alaska",earthquake,,0.6,,,automatic,ak,ak
2023-06-25T12:50:29.257Z,31.63145153,-104.4136184,7.828295898,2.6,ml,44,86,0.02934402739,0.2,tx,tx2023misl,2023-06-26T11:16:29.785Z,"60 km S of Whites City, New Mexico",earthquake,1.004696464,1.060919333,0.1,28,reviewed,tx,tx
2023-06-25T12:37:32.041Z,60.7775,-150.6353,50.8,1.5,ml,,,,0.84,ak,ak023839ya50,2023-06-25T12:39:30.774Z,"16 km S of Point Possession, Alaska",earthquake,,1,,,automatic,ak,ak
2023-06-25T12:23:41.307Z,39.6164,-119.9726,6.1,0.8,ml,9,121.51,0.013,0.118,nn,nn00861717,2023-06-26T02:04:04.488Z,"Nevada",earthquake,,1.3,0.19,4,reviewed,nn,nn
2023-06-25T12:21:03.540Z,52.0741666666667,-176.135333333333,-1.8,-0.26,ml,5,178,,0.16,av,av91937791,2023-06-27T09:02:28.920Z,"40 km ENE of Adak, Alaska",earthquake,0.53,0.77,0.183358260545726,5,reviewed,av,av
2023-06-25T12:20:12.100Z,35.5196667,-118.3861667,4.46,1.77,ml,35,28,0.1598,0.17,ci,ci40494792,2023-06-25T13:11:40.790Z,"12km SE of Bodfish, CA",earthquake,0.19,1.01,0.197,26,reviewed,ci,ci
2023-06-25T12:09:41.899Z,39.3624,-120.0267,2.3,0.8,ml,13,126.69,0.07,0.1831,nn,nn00861710,2023-06-26T02:03:53.305Z,"",earthquake,,4.9,0.42,5,reviewed,nn,nn
2023-06-25T12:07:46.610Z,33.9058333,-116.8255,17.24,0.46,ml,27,82,0.07576,0.13,ci,ci40494776,2023-06-27T17:36:45.663Z,"4km WSW of Cabazon, CA",earthquake,0.25,0.47,0.074,8,reviewed,ci,ci
2023-06-25T12:07:05.440Z,35.7243333,-117.541,2.16,0.59,ml,11,153,0.1123,0.12,ci,ci40494768,2023-06-25T13:11:31.496Z,"13km WSW of Searles Valley, CA",earthquake,0.62,0.66,0.147,5,reviewed,ci,ci
2023-06-25T12:06:48.440Z,37.5675,-118.8526667,-0.42,0.86,md,8,248,0.02926,0.05,nc,nc73905041,2023-06-26T17:10:13.424Z,"14km SE of Mammoth Lakes, CA",earthquake,1.27,0.7,0.091,7,reviewed,nc,nc
2023-06-25T12:02:49.420Z,37.534,-118.824,1.18,0.95,md,14,293,0.05608,0.03,nc,nc73905036,2023-06-26T18:45:13.938Z,"13km WSW of Toms Place, CA",earthquake,2.47,1.53,0.182,14,reviewed,nc,nc
2023-06-25T11:46:55.190Z,35.668,-117.513,9.05,1.2,ml,23,98,0.07276,0.14,ci,ci40494760,2023-06-26T20:15:03.619Z,"15km SW of Searles Valley, CA",earthquake,0.24,0.63,0.127,7,reviewed,ci,ci
2023-06-25T11:37:25.510Z,46.84733333333333,-121.76066666666667,0.62,0.28,ml,20,67,0.02232,0.07,uw,uw61927102,2023-06-25T22:18:55.250Z,"22 km ENE of Ashford, Washington",earthquake,0.17,0.39,0.14683909556948221,10,reviewed,uw,uw
2023-06-25T11:37:24.251Z,-23.4517,-179.8987,505.948,4.7,mb,29,80,4.905,0.92,us,us7000kaz8,2023-06-25T11:53:31.040Z,"south of the Fiji Islands",earthquake,11.93,9.24,0.117,22,reviewed,us,us
2023-06-25T11:34:57.517Z,-21.5913,-68.4415,132.022,4.8,mb,60,40,1.117,0.66,us,us7000kaz5,2023-06-25T11:58:29.040Z,"45 km SSW of Ollagüe, Chile",earthquake,5.35,5.526,0.042,174,reviewed,us,us
2023-06-25T11:29:55.846Z,61.6462,-151.5089,86.1,1.9,ml,,,,0.55,ak,ak023839b6n4,2023-06-25T11:32:29.729Z,"38 km S of Skwentna, Alaska",earthquake,,0.4,,,automatic,ak,ak
2023-06-25T11:25:28.580Z,-24.3582,-175.5458,25.128,4.7,mb,35,115,3.189,0.46,us,us7000kaz6,2023-06-25T12:04:13.040Z,"south of Tonga",earthquake,7.75,5.528,0.061,81,reviewed,us,us
2023-06-25T11:18:24.680Z,58.4236666666667,-154.421166666667,2.98,0.66,ml,9,293,,0.08,av,av91937721,2023-06-26T22:55:31.740Z,"95 km N of Karluk, Alaska",earthquake,0.71,1.05,0.126250984666871,9,reviewed,av,av
2023-06-25T11:15:29.980Z,38.7763329,-122.715332,1.03,0.55,md,7,90,0.01496,0.01,nc,nc73905026,2023-06-25T13:20:13.693Z,"2km W of Anderson Springs, CA",earthquake,0.97,1.72,0.28,7,automatic,nc,nc
2023-06-25T11:15:10.570Z,35.765,-117.5821667,6.18,2.11,ml,25,63,0.1548,0.19,ci,ci40494752,2023-06-25T13:11:52.139Z,"16km W of Searles Valley, CA",earthquake,0.33,1.32,0.151,26,reviewed,ci,ci
2023-06-25T11:10:54.530Z,34.0475,-117.2755,16.52,1.03,ml,49,36,0.05807,0.12,ci,ci40494744,2023-06-26T19:57:27.143Z,"1km W of Loma Linda, CA",earthquake,0.14,0.27,0.122,23,reviewed,ci,ci
2023-06-25T11:10:39.120Z,34.045,-117.2741667,15.08,0.68,ml,26,88,0.08417,0.15,ci,ci37552764,2023-06-26T20:05:10.961Z,"1km WSW of Loma Linda, CA",earthquake,0.24,0.45,0.074,8,reviewed,ci,ci
2023-06-25T11:06:42.120Z,41.3131667,-122.1576667,0.41,1.61,md,17,50,0.04277,0.09,nc,nc73905021,2023-06-26T20:26:14.566Z,"7km NNW of McCloud, CA",earthquake,0.23,0.28,0.285,16,reviewed,nc,nc
2023-06-25T10:58:12.130Z,17.9473333333333,-67.0491666666667,7.45,3.17,md,18,236,0.02247,0.15,pr,pr71414548,2023-06-25T11:38:41.040Z,"3 km S of La Parguera, Puerto Rico",earthquake,0.54,0.22,0.0928544603943116,7,reviewed,pr,pr
2023-06-25T10:53:14.003Z,85.0174,96.9065,10,4.5,mb,41,66,11.812,0.35,us,us7000kaz0,2023-06-25T11:17:35.040Z,"north of Severnaya Zemlya",earthquake,12.1,1.932,0.093,34,reviewed,us,us
2023-06-25T10:46:52.913Z,85.038,94.0956,10,4.8,mb,74,61,11.572,0.52,us,us7000kayx,2023-06-25T11:04:51.040Z,"north of Severnaya Zemlya",earthquake,7.45,1.896,0.057,96,reviewed,us,us
2023-06-25T10:45:15.650Z,51.8543333333333,-178.100833333333,2.68,1.02,ml,5,141,,0.27,av,av91937676,2023-06-26T20:28:55.460Z,"101 km W of Adak, Alaska",earthquake,0.85,1.97,0.219983376147828,5,reviewed,av,av
2023-06-25T10:28:15.340Z,38.7734985,-122.7200012,1.43,1.62,md,18,69,0.01248,0.04,nc,nc73905011,2023-06-25T12:53:17.519Z,"2km W of Anderson Springs, CA",earthquake,0.23,0.38,0.13,16,automatic,nc,nc
2023-06-25T10:17:38.310Z,37.3675,-122.2166667,7.07,0.84,md,21,54,0.02249,0.05,nc,nc73905006,2023-06-27T10:06:12.724Z,"2km SE of Portola Valley, CA",earthquake,0.2,0.32,0.356,15,reviewed,nc,nc
2023-06-25T10:05:11.770Z,38.8183333,-122.8201667,2.45,0.22,md,16,61,0.009365,0.05,nc,nc73905001,2023-06-27T05:57:13.118Z,"7km NW of The Geysers, CA",earthquake,0.32,0.49,0.403,16,reviewed,nc,nc
2023-06-25T10:01:54.690Z,37.5685,-118.8546667,-0.39,1.02,md,12,244,0.02957,0.04,nc,nc73904996,2023-06-26T05:38:13.401Z,"13km SE of Mammoth Lakes, CA",earthquake,0.95,0.92,0.183,13,reviewed,nc,nc
2023-06-25T10:01:42.390Z,38.8359985,-122.8006668,1.81,0.62,md,6,106,0.008414,0.01,nc,nc73904991,2023-06-25T11:31:14.037Z,"7km WNW of Cobb, CA",earthquake,0.55,1.69,0.3,7,automatic,nc,nc
2023-06-25T09:58:37.960Z,58.173,-155.374666666667,2.3,0.57,ml,6,216,,0.09,av,av91937641,2023-06-26T22:50:08.710Z,"86 km NW of Karluk, Alaska",earthquake,0.39,0.84,0.272009983609968,6,reviewed,av,av
2023-06-25T09:50:02.380Z,33.3938333,-116.4348333,12.2,1.34,ml,73,31,0.08768,0.19,ci,ci40494736,2023-06-26T19:45:11.950Z,"16km NNW of Borrego Springs, CA",earthquake,0.15,0.44,0.167,42,reviewed,ci,ci
2023-06-25T09:42:18.936Z,31.65827324,-104.313214,6.697143555000001,1.8,ml,15,68,0.04330033957,0.2,tx,tx2023mimg,2023-06-27T15:18:12.303Z,"57 km S of Whites City, New Mexico",earthquake,1.225929627,1.012568527,0.1,7,reviewed,tx,tx
2023-06-25T09:41:49.780Z,32.764,-116.0286667,9.8,1.15,ml,27,68,0.06405,0.2,ci,ci40494728,2023-06-26T19:30:30.865Z,"5km NW of Ocotillo, CA",earthquake,0.25,0.49,0.104,13,reviewed,ci,ci
2023-06-25T09:35:19.750Z,32.7665,-116.0263333,10.9,1.1,ml,27,68,0.06481,0.15,ci,ci40494720,2023-06-26T18:40:25.650Z,"5km NW of Ocotillo, CA",earthquake,0.21,0.3,0.124,11,reviewed,ci,ci
2023-06-25T09:31:25.521Z,36.6476,-116.1332,4.4,-0.4,ml,10,253.63,0.043,0.0479,nn,nn00861714,2023-06-26T02:04:01.474Z,"42 km WNW of Indian Springs, Nevada",earthquake,,1.7,0.23,4,reviewed,nn,nn
2023-06-25T09:27:36.690Z,33.393,-116.4296667,12.99,0.95,ml,51,48,0.0843,0.18,ci,ci40494712,2023-06-26T18:35:58.238Z,"16km NNW of Borrego Springs, CA",earthquake,0.21,0.5,0.148,22,reviewed,ci,ci
2023-06-25T09:23:04.890Z,34.0071667,-116.8736667,15.64,1.19,ml,51,39,0.06143,0.13,ci,ci40494704,2023-06-26T18:23:04.802Z,"9km N of Banning, CA",earthquake,0.14,0.36,0.147,29,reviewed,ci,ci
2023-06-25T09:17:23.410Z,35.8348333,-117.6536667,11.03,1.33,ml,20,123,0.09411,0.27,ci,ci40494696,2023-06-26T18:11:12.378Z,"24km WNW of Searles Valley, CA",earthquake,0.42,0.65,0.147,9,reviewed,ci,ci
2023-06-25T09:16:03.950Z,35.86416667,-98.05483333,7.3,1.27,ml,81,65,0.1052793406,0.19,ok,ok2023milj,2023-06-26T13:35:15.682Z,"11 km W of Kingfisher, Oklahoma",earthquake,,0.4,0.26,36,reviewed,ok,ok
2023-06-25T09:14:54.210Z,38.7728333,-122.7113333,1.96,0.46,md,22,44,0.007485,0.03,nc,nc73904986,2023-06-27T00:04:14.905Z,"2km W of Anderson Springs, CA",earthquake,0.19,0.31,0.168,17,reviewed,nc,nc
2023-06-25T09:10:22.460Z,58.1856666666667,-155.336833333333,3.67,1.02,ml,7,202,,0.1,av,av91937611,2023-06-26T22:47:22.270Z,"Alaska Peninsula",earthquake,0.48,0.86,0.346512936100633,7,reviewed,av,av
2023-06-25T09:08:57.590Z,51.865,-177.944666666667,6.33,1.18,ml,7,121,,0.08,av,av91937606,2023-06-26T20:24:17.910Z,"Andreanof Islands, Aleutian Islands, Alaska",earthquake,0.32,0.33,0.230071588278707,9,reviewed,av,av
2023-06-25T09:06:33.320Z,35.43933333,-98.2525,5.79,0.53,ml,10,88,0.0224955856,0.15,ok,ok2023milb,2023-06-26T16:15:21.444Z,"10 km ESE of Hinton, Oklahoma",earthquake,,0.6,0.24,7,reviewed,ok,ok
2023-06-25T08:57:59.180Z,35.6436667,-120.958,4.71,1.3,md,34,70,0.07222,0.09,nc,nc73904981,2023-06-27T10:50:11.842Z,"12km SW of Lake Nacimiento, CA",earthquake,0.18,0.45,0.103,13,reviewed,nc,nc
2023-06-25T08:57:47.238Z,58.1849,-155.3182,1.1,1.3,ml,,,,0.63,ak,ak023837ov7n,2023-06-26T22:41:18.070Z,"Alaska Peninsula",earthquake,,3.9,,,automatic,ak,ak
2023-06-25T08:54:16.926Z,-40.5103,175.6468,21.824,2.7,ml,8,127,0.159,0.44,us,us7000kays,2023-06-25T18:06:24.844Z,"15 km SSE of Awapuni, New Zealand",earthquake,5.27,7.19,0.081,20,reviewed,us,us
2023-06-25T08:51:45.130Z,32.9403333,-116.285,10.81,0.66,ml,17,151,0.02101,0.18,ci,ci40494688,2023-06-25T13:12:40.971Z,"26km ENE of Pine Valley, CA",earthquake,0.37,0.53,0.113,4,reviewed,ci,ci
2023-06-25T08:44:45.360Z,38.8235,-122.8041667,2.78,1.1,md,45,34,0.004616,0.05,nc,nc73904976,2023-06-26T19:40:14.264Z,"7km NW of The Geysers, CA",earthquake,0.14,0.27,0.225,39,reviewed,nc,nc
2023-06-25T08:38:01.520Z,38.7668333,-122.7381667,1.39,0.37,md,4,166,0.01164,0.01,nc,nc73904971,2023-06-27T05:46:12.056Z,"2km SE of The Geysers, CA",earthquake,0.9,1.6,0.125,3,reviewed,nc,nc
2023-06-25T08:36:53.370Z,38.836834,-122.7906647,2.12,0.7,md,12,78,0.001593,0.04,nc,nc73904966,2023-06-25T08:55:14.098Z,"6km WNW of Cobb, CA",earthquake,0.34,0.54,0.09,12,automatic,nc,nc
2023-06-25T08:26:33.310Z,-24.0605,-175.7576,10,5.4,mww,49,37,2.922,0.98,us,us7000kayl,2023-06-26T12:11:34.040Z,"south of Tonga",earthquake,10.16,1.853,0.098,10,reviewed,us,us
2023-06-25T08:25:41.739Z,36.6105,-116.344,4.2,-0.1,ml,12,185.18,0.035,0.1068,nn,nn00861713,2023-06-26T02:03:59.359Z,"49 km ENE of Furnace Creek, California",earthquake,,1.9,0.28,3,reviewed,nn,nn
2023-06-25T08:17:48.130Z,40.1533333,-121.076,-0.02,2.55,md,32,38,0.1082,0.12,nc,nc73904956,2023-06-27T10:23:14.667Z,"2km S of Canyondam, CA",earthquake,0.21,1.46,0.125,50,reviewed,nc,nc
2023-06-25T08:16:05.592Z,-20.8872,-68.9323,103.201,4.3,mb,34,59,0.541,0.66,us,us7000kayj,2023-06-25T08:59:20.040Z,"Chile-Bolivia border region",earthquake,4.21,6.129,0.122,23,reviewed,us,us
2023-06-25T08:11:07.650Z,19.2398338317871,-155.399673461914,28.7299995422363,1.75,md,29,164,,0.119999997,hv,hv73461212,2023-06-25T08:14:14.680Z,"Island of Hawaii, Hawaii",earthquake,0.64,0.769999981,1.75,4,automatic,hv,hv
2023-06-25T07:47:06.010Z,34.1246667,-117.5111667,3.76,0.9,ml,35,105,0.02382,0.16,ci,ci40494680,2023-06-26T18:04:43.955Z,"6km WNW of Fontana, CA",earthquake,0.27,0.42,0.147,11,reviewed,ci,ci
2023-06-25T07:45:41.419Z,59.6997,-150.0841,22.1,2.2,ml,,,,0.53,ak,ak0238370ukd,2023-06-25T07:49:06.405Z,"52 km ESE of Fox River, Alaska",earthquake,,0.2,,,automatic,ak,ak
2023-06-25T07:45:30.550Z,32.7601667,-116.0275,11.88,1.33,ml,38,32,0.01435,0.21,ci,ci40494672,2023-06-26T17:57:29.391Z,"4km NW of Ocotillo, CA",earthquake,0.26,0.44,0.109,19,reviewed,ci,ci
2023-06-25T07:43:42.870Z,38.8333321,-122.8184967,1.23,0.71,md,12,60,0.01191,0.04,nc,nc73904951,2023-06-25T09:50:11.422Z,"8km NW of The Geysers, CA",earthquake,0.29,0.72,0.21,15,automatic,nc,nc
2023-06-25T07:32:54.650Z,46.89416666666666,-121.92366666666666,8.7,0.34,ml,26,89,0.01677,0.13,uw,uw61927087,2023-06-25T22:08:42.220Z,"Washington",earthquake,0.25,0.37,0.09277775631300336,17,reviewed,uw,uw
2023-06-25T07:26:48.429Z,36.41916667,-96.88366667,6.24,1.01,ml,59,81,0.04049205408,0.35,ok,ok2023miht,2023-06-26T13:20:43.507Z,"11 km NW of Pawnee, Oklahoma",earthquake,,0.5,0.26,21,reviewed,ok,ok
2023-06-25T07:23:39.230Z,58.233,-155.216,4.95,0.07,ml,5,157,,0.15,av,av91937481,2023-06-26T20:42:10.520Z,"86 km NNW of Karluk, Alaska",earthquake,0.72,0.57,0.0883332918752096,5,reviewed,av,av
2023-06-25T07:23:20.808Z,63.0042,-150.7278,103.4,1.6,ml,,,,0.35,ak,ak023836w380,2023-06-25T07:25:32.821Z,"56 km N of Petersville, Alaska",earthquake,,0.8,,,automatic,ak,ak
2023-06-25T07:22:34.450Z,19.2036666870117,-155.489166259766,31.2999992370605,1.91999996,md,31,199,,0.109999999,hv,hv73461192,2023-06-25T07:25:54.230Z,"1 km W of Pāhala, Hawaii",earthquake,0.57,0.779999971,0.959999979,8,automatic,hv,hv
2023-06-25T07:19:44.750Z,35.065,-118.8346667,8.59,1.08,ml,19,126,0.06187,0.15,ci,ci40494664,2023-06-26T17:50:58.358Z,"16km S of Arvin, CA",earthquake,0.26,0.42,0.25,5,reviewed,ci,ci
2023-06-25T07:16:59.490Z,-24.0318,-175.6262,7.087,6,mww,65,43,2.875,0.94,us,us7000kayb,2023-06-26T18:27:35.040Z,"south of Tonga",earthquake,6.23,3.711,0.075,17,reviewed,us,us
2023-06-25T07:13:07.336Z,40.0593,-119.6736,16.1,0.1,ml,5,169.51,0.12,0.188,nn,nn00861712,2023-06-26T02:03:54.613Z,"13 km NNW of Sutcliffe, Nevada",earthquake,,2.9,0.22,4,reviewed,nn,nn
2023-06-25T07:10:57.380Z,38.795166,-122.7638321,3.74,0.73,md,8,126,0.01893,0.01,nc,nc73904946,2023-06-25T09:23:15.265Z,"2km NNW of The Geysers, CA",earthquake,0.63,2.12,0.05,8,automatic,nc,nc
2023-06-25T06:56:06.240Z,38.8138351,-122.7941666,1.52,0.99,md,9,77,0.005925,0.01,nc,nc73904941,2023-06-25T08:55:14.234Z,"5km NW of The Geysers, CA",earthquake,0.44,0.94,0.22,9,automatic,nc,nc
2023-06-25T06:32:37.277Z,62.491,-149.1859,39.5,1.4,ml,,,,0.81,ak,ak023836cmbz,2023-06-25T06:34:22.741Z,"47 km E of Chase, Alaska",earthquake,,1.1,,,automatic,ak,ak
2023-06-25T06:27:01.228Z,31.72729311,-104.2992293,6.028735352,2.3,ml,46,60,0.04692416608,0.2,tx,tx2023mifu,2023-06-27T16:10:50.562Z,"50 km S of Whites City, New Mexico",earthquake,0.6814515003,0.7869079922999999,0,7,reviewed,tx,tx
2023-06-25T06:00:59.870Z,35.7003333,-117.5651667,2.19,1.26,ml,23,68,0.1204,0.15,ci,ci40494656,2023-06-26T17:47:02.333Z,"13km NE of Ridgecrest, CA",earthquake,0.23,0.33,0.155,8,reviewed,ci,ci
2023-06-25T05:57:42.950Z,38.8166656,-122.8223343,2.13,0.9,md,19,55,0.009445,0.03,nc,nc73904936,2023-06-25T08:00:14.793Z,"7km NW of The Geysers, CA",earthquake,0.24,0.42,0.24,19,automatic,nc,nc
2023-06-25T05:22:13.571Z,-12.066,124.5976,10,4.1,mb,15,112,2.319,0.97,us,us7000kay6,2023-06-25T06:41:49.040Z,"",earthquake,9.27,1.956,0.213,8,reviewed,us,us
2023-06-25T05:21:35.220Z,38.8146667,-122.8215027,2.14,2.46,md,42,26,0.008336,0.06,nc,nc73904921,2023-06-26T02:04:54.929Z,"7km NW of The Geysers, CA",earthquake,0.17,0.24,0.19,49,automatic,nc,nc
2023-06-25T05:21:00.136Z,-19.8766,-69.1384,114.075,4.1,mb,19,75,0.214,0.33,us,us7000kaxz,2023-06-25T05:53:21.040Z,"67 km ENE of Huara, Chile",earthquake,6.76,4.688,0.15,12,reviewed,us,us
2023-06-25T05:16:27.360Z,17.875,-66.9785,11.51,2.24,md,5,255,0.1129,0.03,pr,pr71414543,2023-06-25T06:47:57.870Z,"",earthquake,1.42,0.58,0.0792323596087483,3,reviewed,pr,pr
2023-06-25T05:13:45.320Z,35.6121667,-117.4805,9.84,1,ml,17,84,0.07022,0.14,ci,ci40494632,2023-06-26T17:25:03.814Z,"18km E of Ridgecrest, CA",earthquake,0.38,0.7,0.049,3,reviewed,ci,ci
2023-06-25T05:13:25.960Z,40.7745,-123.8841667,22.88,2,md,29,63,0.06063,0.12,nc,nc73904916,2023-06-26T20:16:20.496Z,"15km SE of Blue Lake, CA",earthquake,0.28,0.41,0.321,29,reviewed,nc,nc
2023-06-25T05:08:12.190Z,38.8085,-122.8211667,2.37,0.42,md,22,55,0.00627,0.03,nc,nc73904911,2023-06-27T05:36:12.987Z,"7km WNW of The Geysers, CA",earthquake,0.22,0.35,0.093,23,reviewed,nc,nc
2023-06-25T05:01:48.080Z,34.0581667,-117.1693333,10.91,0.95,ml,28,129,0.05241,0.23,ci,ci40494624,2023-06-25T13:14:06.685Z,"1km ENE of Redlands, CA",earthquake,0.4,0.58,0.206,26,reviewed,ci,ci
2023-06-25T04:58:57.102Z,64.8785,-147.3085,18.4,0.8,ml,,,,1.24,ak,ak023835bd9q,2023-06-25T05:00:26.448Z,"12 km W of Two Rivers, Alaska",earthquake,,0.3,,,automatic,ak,ak
2023-06-25T04:48:17.626Z,60.7283,-149.0197,35.4,1.6,ml,,,,0.64,ak,ak023835952a,2023-06-25T04:49:52.391Z,"18 km WSW of Whittier, Alaska",earthquake,,2.3,,,automatic,ak,ak
2023-06-25T04:48:11.060Z,34.0263333,-116.762,16.21,0.53,ml,29,114,0.03902,0.17,ci,ci40494616,2023-06-26T17:13:38.548Z,"12km N of Cabazon, CA",earthquake,0.28,0.62,0.099,7,reviewed,ci,ci
2023-06-25T04:38:50.910Z,33.3323333,-116.2713333,10.48,0.74,ml,29,92,0.1379,0.19,ci,ci40494608,2023-06-26T16:58:31.064Z,"13km NE of Borrego Springs, CA",earthquake,0.34,0.71,0.097,10,reviewed,ci,ci
2023-06-25T04:31:00.910Z,-4.7506,144.8121,97.069,4.5,mb,30,128,4.664,1.04,us,us7000kaxu,2023-06-25T22:53:24.835Z,"112 km SE of Angoram, Papua New Guinea",earthquake,9.85,7.682,0.121,22,reviewed,us,us
2023-06-25T04:01:05.713Z,-24.0855,-175.8586,10,4.7,mb,22,121,2.964,0.85,us,us7000kaxs,2023-06-25T04:23:10.040Z,"south of Tonga",earthquake,8.18,1.841,0.076,52,reviewed,us,us
2023-06-25T04:00:40.640Z,44.398,-110.586,2,1.44,ml,11,121,0.0076,0.07,uu,uu60543952,2023-06-26T13:15:50.140Z,"50 km SE of West Yellowstone, Montana",earthquake,0.3,0.46,0.272,3,reviewed,uu,uu
2023-06-25T03:59:15.970Z,44.396,-110.5856667,1.61,1.72,ml,8,187,0.006846,0.06,uu,uu60543947,2023-06-26T17:04:46.470Z,"50 km SE of West Yellowstone, Montana",earthquake,0.52,0.12,0.245,3,reviewed,uu,uu
2023-06-25T03:58:27.850Z,44.3786667,-110.5765,3.17,0.78,md,8,147,0.02591,0.22,uu,uu60543957,2023-06-26T17:00:05.880Z,"52 km SE of West Yellowstone, Montana",earthquake,1.15,0.87,0.554,3,reviewed,uu,uu
2023-06-25T03:57:04.290Z,36.0316667,-120.6058333,0.49,0.14,md,15,122,0.03788,0.07,nc,nc73904906,2023-06-27T16:59:50.045Z,"22km NW of Parkfield, CA",earthquake,0.54,2.19,0.086,4,reviewed,nc,nc
2023-06-25T03:50:45.080Z,34.062,-117.2483333,13.46,0.65,ml,18,107,0.1257,0.15,ci,ci40494576,2023-06-26T16:21:03.592Z,"2km NE of Loma Linda, CA",earthquake,0.33,0.69,0.035,4,reviewed,ci,ci
2023-06-25T03:50:37.490Z,51.8541666666667,-178.1,2.35,0.33,ml,5,141,,0.27,av,av91937236,2023-06-26T20:01:08.530Z,"101 km W of Adak, Alaska",earthquake,0.65,1.74,0.117049544612254,5,reviewed,av,av
2023-06-25T03:50:18.660Z,41.152,-111.6336667,7.84,0.72,md,14,130,0.1085,0.13,uu,uu60543942,2023-06-26T16:00:53.620Z,"10 km NE of Enterprise, Utah",earthquake,0.42,1.26,0.205,7,reviewed,uu,uu
2023-06-25T03:45:33.230Z,58.2595,-155.073333333333,5.06,0.41,ml,8,120,,0.17,av,av91937231,2023-06-26T19:57:36.970Z,"85 km NNW of Karluk, Alaska",earthquake,0.5,0.69,0.243840253301958,8,reviewed,av,av
2023-06-25T03:40:37.960Z,33.7068333,-116.718,16.77,0.81,ml,30,48,0.005375,0.17,ci,ci40494568,2023-06-25T13:14:31.298Z,"4km S of Idyllwild, CA",earthquake,0.37,0.43,0.188,18,reviewed,ci,ci
2023-06-25T03:30:31.770Z,38.8263333,-122.801,1.77,0.41,md,14,66,0.007671,0.01,nc,nc73904901,2023-06-26T23:54:15.841Z,"7km NW of The Geysers, CA",earthquake,0.32,0.89,0.052,13,reviewed,nc,nc
2023-06-25T03:24:30.300Z,61.0885,-152.3235,15.92,0.38,ml,4,298,,0.08,av,av91937216,2023-06-26T19:49:43.900Z,"64 km W of Tyonek, Alaska",earthquake,0.91,0.72,0.132446430921719,6,reviewed,av,av
2023-06-25T03:14:19.337Z,63.0324,-151.7512,0,1.2,ml,,,,0.66,ak,ak023834gf8t,2023-06-25T03:16:11.941Z,"Central Alaska",earthquake,,0.6,,,automatic,ak,ak
2023-06-25T03:06:26.177Z,-24.1507,-175.7109,10,4.9,mb,37,121,3.004,1.31,us,us7000kaxn,2023-06-25T03:50:20.040Z,"south of Tonga",earthquake,10.83,1.879,0.052,114,reviewed,us,us
2023-06-25T03:01:02.830Z,51.8513333333333,-178.094,3.3,1.24,ml,6,146,,0.16,av,av91937206,2023-06-26T19:46:07.210Z,"100 km W of Adak, Alaska",earthquake,0.48,0.54,0.223650901076842,6,reviewed,av,av
2023-06-25T02:54:43.480Z,36.8453333,-121.29,7.61,0.88,md,16,149,0.05745,0.08,nc,nc73904896,2023-06-26T18:47:22.240Z,"7km NNE of Tres Pinos, CA",earthquake,0.39,0.8,0.24,11,reviewed,nc,nc
2023-06-25T02:49:53.410Z,33.4855,-116.4391667,14.57,0.57,ml,23,133,0.03944,0.16,ci,ci40494560,2023-06-26T16:15:15.805Z,"23km ESE of Anza, CA",earthquake,0.33,0.61,0.124,7,reviewed,ci,ci
2023-06-25T02:46:26.960Z,41.8775,-112.5901667,-2.89,1.23,md,12,250,0.3774,0.14,uu,uu60543937,2023-06-26T16:36:27.100Z,"13 km SE of Snowville, Utah",earthquake,1.8,5.87,0.089,6,reviewed,uu,uu
2023-06-25T02:39:04.211Z,60.2127,-150.0481,31.5,1.7,ml,,,,0.35,ak,ak0238340bd1,2023-06-25T02:41:05.690Z,"33 km SSW of Cooper Landing, Alaska",earthquake,,0.2,,,automatic,ak,ak
2023-06-25T02:36:06.887Z,31.49830627,-104.0276895,6.594311523,2.2,ml,16,65,0.04301512756,0.1,tx,tx2023mhye,2023-06-27T09:54:53.671Z,"30 km NW of Toyah, Texas",earthquake,0.7408767334,0.8674446839,0.1,27,reviewed,tx,tx
2023-06-25T02:32:57.020Z,33.5261667,-116.5273333,12.81,0.63,ml,29,97,0.06998,0.14,ci,ci40494552,2023-06-26T16:10:39.784Z,"14km ESE of Anza, CA",earthquake,0.2,0.39,0.202,13,reviewed,ci,ci
2023-06-25T02:32:32.559Z,61.6253,-146.3348,33.4,1.4,ml,,,,0.4,ak,ak023833yvjr,2023-06-25T02:33:58.893Z,"46 km SSE of Nelchina, Alaska",earthquake,,0.2,,,automatic,ak,ak
2023-06-25T02:30:14.452Z,60.1973,-150.0614,31.1,2.8,ml,,,,0.44,ak,ak023833yepx,2023-06-26T02:33:16.684Z,"35 km SSW of Cooper Landing, Alaska",earthquake,,0.3,,,automatic,ak,ak
2023-06-25T02:28:37.180Z,60.6301,-141.359,10.8,2.7,ml,,,,0.65,ak,ak023833y11i,2023-06-25T02:38:10.040Z,"123 km SE of McCarthy, Alaska",earthquake,,0.2,,,automatic,ak,ak
2023-06-25T02:27:13.106Z,60.6866,-141.7243,11.2,2,ml,,,,0.74,ak,ak023833xrgu,2023-06-25T02:29:24.116Z,"105 km SE of McCarthy, Alaska",earthquake,,0.3,,,automatic,ak,ak
2023-06-25T02:24:11.227Z,30.0013,139.7601,10,4.6,mb,29,146,3.105,0.55,us,us7000kaxi,2023-06-25T05:23:57.040Z,"Izu Islands, Japan region",earthquake,11.52,1.918,0.091,36,reviewed,us,us
2023-06-25T02:22:35.560Z,38.7966652,-122.7839966,3.44,1.05,md,20,59,0.004638,0.02,nc,nc73904891,2023-06-25T03:41:18.279Z,"3km NW of The Geysers, CA",earthquake,0.25,0.6,0.16,19,automatic,nc,nc
2023-06-25T02:20:19.378Z,61.3358,-150.1346,32.4,1.2,ml,,,,0.27,ak,ak023833w9xt,2023-06-25T02:22:10.817Z,"8 km WSW of Point MacKenzie, Alaska",earthquake,,0.2,,,automatic,ak,ak
2023-06-25T02:14:03.561Z,61.9429,-147.4102,32.7,1.8,ml,,,,0.52,ak,ak023833uyf8,2023-06-25T02:15:35.046Z,"Southern Alaska",earthquake,,0.2,,,automatic,ak,ak
2023-06-25T02:06:42.150Z,65.3714,-144.7853,0.9,1.6,ml,,,,0.91,ak,ak023833tbo7,2023-06-25T02:09:09.847Z,"22 km S of Central, Alaska",earthquake,,0.4,,,automatic,ak,ak
2023-06-25T02:06:13.840Z,39.1873333,-123.1746667,6.6,1.9,md,31,64,0.09542,0.05,nc,nc73904886,2023-06-27T05:25:12.921Z,"5km NE of Ukiah, CA",earthquake,0.11,0.46,0.181,35,reviewed,nc,nc
2023-06-25T01:59:23.574Z,62.0208,-148.3781,30.8,1.7,ml,,,,0.34,ak,ak023833j7l1,2023-06-25T02:00:57.758Z,"25 km N of Chickaloon, Alaska",earthquake,,0.2,,,automatic,ak,ak
2023-06-25T01:47:18.226Z,65.7299,-151.2933,0,0.7,ml,,,,1.01,ak,ak023833gmku,2023-06-25T01:49:36.318Z,"",earthquake,,0.4,,,automatic,ak,ak
2023-06-25T01:35:56.423Z,-15.5193,-74.0911,59.647,4.3,mb,25,158,4.412,0.68,us,us7000kax7,2023-06-25T02:02:21.040Z,"Near the coast of southern Peru",earthquake,9.64,7.909,0.169,10,reviewed,us,us
2023-06-25T01:31:58.490Z,38.8074989,-122.8170013,3.02,0.36,md,12,61,0.009611,0.01,nc,nc73904881,2023-06-25T02:50:14.945Z,"6km WNW of The Geysers, CA",earthquake,0.34,0.93,0.19,13,automatic,nc,nc
2023-06-25T01:26:18.134Z,58.3029,-133.6736,1.1,2.7,ml,,,,0.99,ak,ak023833c4j9,2023-06-25T01:54:40.040Z,"43 km E of Juneau, Alaska",earthquake,,0.4,,,automatic,ak,ak
2023-06-25T01:18:52.168Z,63.5416,-150.6767,0,1.3,ml,,,,0.7,ak,ak023833ahfo,2023-06-25T01:21:44.413Z,"52 km E of Denali National Park, Alaska",earthquake,,0.3,,,automatic,ak,ak
2023-06-25T01:17:22.289Z,29.8912,140.0448,10,5.3,mww,94,82,3.22,1.05,us,us7000kax2,2023-06-25T01:38:21.040Z,"",earthquake,8.49,1.843,0.089,12,reviewed,us,us
2023-06-25T01:12:51.284Z,29.9147,139.9913,10,5,mb,46,125,3.194,1.31,us,us7000kawy,2023-06-25T01:48:58.040Z,"Izu Islands, Japan region",earthquake,8.13,1.87,0.035,263,reviewed,us,us
2023-06-25T01:06:29.664Z,59.8754,-151.5894,74,1.1,ml,,,,0.26,ak,ak0238337v3q,2023-06-25T01:07:47.323Z,"7 km N of Nikolaevsk, Alaska",earthquake,,1.1,,,automatic,ak,ak
2023-06-25T01:05:06.860Z,33.3496667,-116.314,11.12,0.88,ml,41,51,0.05002,0.19,ci,ci40494544,2023-06-26T15:51:46.673Z,"12km NNE of Borrego Springs, CA",earthquake,0.22,0.65,0.195,13,reviewed,ci,ci
2023-06-25T01:00:22.330Z,57.8093333333333,-156.853333333333,14.84,1.13,ml,5,185,,0.09,av,av91937061,2023-06-26T15:28:18.030Z,"Alaska Peninsula",earthquake,0.55,1.11,0.15749363741187,5,reviewed,av,av
2023-06-25T00:58:35.517Z,-24.2209,-175.4895,10,5.4,mww,82,96,3.048,0.58,us,us7000kaww,2023-06-26T01:02:08.066Z,"south of Tonga",earthquake,7.83,1.809,0.086,13,reviewed,us,us
2023-06-25T00:50:56.586Z,63.2942,-150.5047,128,1.8,ml,,,,0.14,ak,ak023832vx2y,2023-06-25T00:53:21.684Z,"66 km ESE of Denali National Park, Alaska",earthquake,,1.2,,,automatic,ak,ak
2023-06-25T00:29:56.885Z,60.5347,-141.2013,0,1.6,ml,,,,1.08,ak,ak023832rf2g,2023-06-25T00:32:01.061Z,"136 km SE of McCarthy, Alaska",earthquake,,0.5,,,automatic,ak,ak
2023-06-25T00:19:20.340Z,17.9393333333333,-66.9883333333333,9.69,2.21,md,6,229,0.06104,0.09,pr,pr71414533,2023-06-25T00:27:58.110Z,"7 km ESE of La Parguera, Puerto Rico",earthquake,0.57,0.92,0.0732449075755406,4,reviewed,pr,pr
2023-06-25T00:17:47.500Z,38.4933333,-112.8376667,-0.14,0.41,md,10,104,0.01399,0.08,uu,uu60543932,2023-06-26T16:04:00.130Z,"Utah",earthquake,0.25,0.14,0.261,4,reviewed,uu,uu
2023-06-25T00:00:50.220Z,38.8348333,-122.8081667,1.57,0.41,md,17,50,0.01152,0.05,nc,nc73904856,2023-06-27T17:05:19.119Z,"8km W of Cobb, CA",earthquake,0.21,0.45,0.177,17,reviewed,nc,nc
2023-06-24T23:59:01.085Z,-8.4131,113.2403,154.285,4.3,mb,32,84,3.088,0.61,us,us7000kawt,2023-06-25T00:31:06.040Z,"Java, Indonesia",earthquake,10.67,7.514,0.119,20,reviewed,us,us
2023-06-24T23:32:37.055Z,61.3232,-150.1166,38.7,1.2,ml,,,,0.32,ak,ak02381sxn3t,2023-06-24T23:34:05.353Z,"",earthquake,,0.8,,,automatic,ak,ak
2023-06-24T23:25:03.070Z,37.1548333,-121.5408333,5.38,1.29,md,44,57,0.06251,0.09,nc,nc73904846,2023-06-27T18:11:18.500Z,"10km NE of San Martin, CA",earthquake,0.15,0.5,0.179,26,reviewed,nc,nc
2023-06-24T23:24:49.601Z,63.064,-149.718,82.8,1.1,ml,,,,0.56,ak,ak02381svycg,2023-06-24T23:26:33.366Z,"53 km SW of Cantwell, Alaska",earthquake,,0.8,,,automatic,ak,ak
2023-06-24T23:23:27.990Z,46.4355,-119.5945,2.03,0.7000000000000001,ml,9,124,0.04118,0.04,uw,uw61926962,2023-06-26T22:06:44.340Z,"20 km NNW of Benton City, Washington",earthquake,0.46,1.46,0.06979353010334027,6,reviewed,uw,uw
2023-06-24T23:19:12.990Z,37.678,-122.5078333,12.26,1.26,md,19,165,0.04843,0.03,nc,nc73904841,2023-06-26T23:10:15.580Z,"4km WSW of Daly City, CA",earthquake,0.43,0.49,0.13,11,reviewed,nc,nc
2023-06-24T23:18:12.497Z,61.3142,-150.1161,44.2,0.9,ml,,,,0.25,ak,ak02381sul6p,2023-06-24T23:20:25.150Z,"8 km SW of Point MacKenzie, Alaska",earthquake,,0.8,,,automatic,ak,ak
2023-06-24T23:14:03.130Z,34.2271667,-117.4843333,6.54,0.62,ml,22,71,0.006956,0.16,ci,ci40494512,2023-06-25T15:30:45.961Z,"4km SSE of Lytle Creek, CA",earthquake,0.22,0.4,0.077,6,reviewed,ci,ci
2023-06-24T23:01:26.690Z,37.6131667,-122.4713333,8.65,0.68,md,12,129,0.02414,0.06,nc,nc73904836,2023-06-27T01:37:17.456Z,"1km E of Pacifica, CA",earthquake,0.63,0.69,0.188,6,reviewed,nc,nc
2023-06-24T22:58:49.300Z,38.8343315,-122.8778305,1.47,0.95,md,12,142,0.00915,0.02,nc,nc73904831,2023-06-25T00:14:14.040Z,"12km WNW of The Geysers, CA",earthquake,0.32,0.88,0.17,13,automatic,nc,nc
2023-06-24T22:55:13.080Z,33.0326667,-116.2928333,5.1,0.78,ml,33,57,0.07836,0.15,ci,ci40494496,2023-06-26T15:43:50.474Z,"19km SW of Ocotillo Wells, CA",earthquake,0.2,0.43,0.094,9,reviewed,ci,ci
2023-06-24T22:54:08.313Z,12.1569,-88.1719,35,4.5,mb,55,133,1.246,0.73,us,us7000kawm,2023-06-24T23:11:35.040Z,"101 km SW of Jiquilillo, Nicaragua",earthquake,3.96,1.946,0.049,124,reviewed,us,us
2023-06-24T22:39:05.867Z,61.5654,-146.5163,24,1.2,ml,,,,0.92,ak,ak02381sdn3u,2023-06-24T22:42:16.374Z,"49 km N of Valdez, Alaska",earthquake,,0.4,,,automatic,ak,ak
2023-06-24T22:37:42.470Z,58.2226666666667,-155.159,4.26,-0.17,ml,6,124,,0.13,av,av91936996,2023-06-27T02:16:51.640Z,"83 km NNW of Karluk, Alaska",earthquake,0.39,1.08,0.233843466662396,6,reviewed,av,av
2023-06-24T22:19:44.189Z,62.5735,-148.9504,0,1.6,ml,,,,0.77,ak,ak02381s9fqq,2023-06-24T22:22:05.778Z,"Central Alaska",earthquake,,0.3,,,automatic,ak,ak
2023-06-24T22:12:12.561Z,-23.0957,-66.5724,228.006,4.6,mb,45,80,1.487,0.83,us,us7000kawh,2023-06-24T22:36:27.040Z,"Jujuy, Argentina",earthquake,8.38,9.242,0.129,19,reviewed,us,us
2023-06-24T22:11:18.934Z,64.2778,-148.5373,23.4,0.9,ml,,,,0.4,ak,ak02381s7o2d,2023-06-24T22:12:40.118Z,"",earthquake,,0.5,,,automatic,ak,ak
2023-06-24T22:10:50.390Z,33.3298333,-116.2758333,9.94,1.09,ml,38,39,0.04303,0.18,ci,ci40494480,2023-06-26T15:29:37.204Z,"12km NE of Borrego Springs, CA",earthquake,0.2,0.5,0.151,16,reviewed,ci,ci
2023-06-24T22:10:24.020Z,33.333,-116.2678333,11.23,0.68,ml,17,74,0.04561,0.18,ci,ci37552628,2023-06-26T15:35:21.380Z,"13km NE of Borrego Springs, CA",earthquake,0.39,0.58,0.091,8,reviewed,ci,ci
2023-06-24T22:09:58.760Z,39.2335,-123.3915,4.42,1.67,md,21,83,0.07549,0.09,nc,nc73904826,2023-06-27T08:15:12.902Z,"16km WSW of Redwood Valley, CA",earthquake,0.18,0.95,0.136,21,reviewed,nc,nc
2023-06-24T22:06:44.090Z,35.6271667,-117.4841667,10.47,0.8,ml,4,168,0.04435,0.04,ci,ci37552612,2023-06-26T15:21:16.148Z,"17km SSW of Searles Valley, CA",earthquake,0.34,0.36,0.537,2,reviewed,ci,ci
2023-06-24T22:06:37.280Z,35.228,-118.11,3.74,1.08,ml,20,50,0.1057,0.14,ci,ci40494472,2023-06-26T15:16:48.310Z,"16km NW of California City, CA",earthquake,0.19,0.6,0.112,11,reviewed,ci,ci
2023-06-24T22:06:13.950Z,36.0698333,-117.3898333,0.19,0.92,ml,14,117,0.1983,0.18,ci,ci37552620,2023-06-27T17:38:20.989Z,"34km N of Searles Valley, CA",earthquake,0.33,0.75,0.061,3,reviewed,ci,ci
2023-06-24T22:02:44.740Z,37.3673333,-122.2115,7.21,0.66,md,13,58,0.01856,0.05,nc,nc73904816,2023-06-26T18:38:53.906Z,"3km SE of Portola Valley, CA",earthquake,0.25,0.4,0.301,9,reviewed,nc,nc
2023-06-24T22:00:10.670Z,32.936,-116.2868333,10.83,0.97,ml,37,42,0.02319,0.19,ci,ci40494464,2023-06-26T15:12:13.000Z,"26km ENE of Pine Valley, CA",earthquake,0.2,0.48,0.175,13,reviewed,ci,ci
2023-06-24T22:00:00.920Z,58.195,-155.262333333333,3.26,0.87,ml,8,176,,0.06,av,av91936966,2023-06-27T02:07:32.420Z,"",earthquake,0.35,1.04,0.396287831371965,9,reviewed,av,av
2023-06-24T21:52:20.360Z,39.6433333,-123.8576667,0.66,1.63,md,12,221,0.1,0.16,nc,nc73904811,2023-06-26T19:55:14.370Z,"10km SSW of Cape Vizcaino, CA",earthquake,0.54,1.5,0.132,6,reviewed,nc,nc
2023-06-24T21:51:46.580Z,36.0743333,-117.3803333,2.21,1.59,ml,24,118,0.1992,0.16,ci,ci40494456,2023-06-26T15:07:18.613Z,"34km N of Searles Valley, CA",earthquake,0.29,0.95,0.116,9,reviewed,ci,ci
2023-06-24T21:44:46.633Z,61.3338,-150.1382,22.5,1.6,ml,,,,0.77,ak,ak02381rtd87,2023-06-24T21:47:12.825Z,"9 km WSW of Point MacKenzie, Alaska",earthquake,,0.3,,,automatic,ak,ak
2023-06-24T21:43:50.953Z,62.7488,-150.6715,78.5,0.9,ml,,,,0.56,ak,ak02381rt5uf,2023-06-24T21:45:53.984Z,"28 km N of Petersville, Alaska",earthquake,,0.7,,,automatic,ak,ak
2023-06-24T21:43:19.420Z,51.8606666666667,-178.138833333333,4.7,1.61,ml,6,111,,0.15,av,av91936951,2023-06-27T01:47:31.120Z,"103 km W of Adak, Alaska",earthquake,0.47,0.52,0.239052768754241,6,reviewed,av,av
2023-06-24T21:39:34.899Z,61.3176,-150.1367,21.4,1.8,ml,,,,0.75,ak,ak02381rs9qp,2023-06-24T21:41:49.635Z,"9 km WSW of Point MacKenzie, Alaska",earthquake,,0.3,,,automatic,ak,ak
2023-06-24T21:38:17.765Z,61.2904,-150.1273,38.3,1.4,ml,,,,0.7,ak,ak02381rs0pc,2023-06-24T21:40:13.365Z,"11 km SW of Point MacKenzie, Alaska",earthquake,,0.8,,,automatic,ak,ak
2023-06-24T21:33:38.357Z,61.2963,-150.129,39.7,1.3,ml,,,,0.65,ak,ak02381rqzpn,2023-06-24T21:58:47.170Z,"10 km SW of Point MacKenzie, Alaska",earthquake,,0.7,,,automatic,ak,ak
2023-06-24T21:24:47.769Z,61.2919,-150.0994,36,3.6,ml,,,,0.96,ak,ak02381rp2xn,2023-06-27T06:27:35.657Z,"9 km SW of Point MacKenzie, Alaska",earthquake,,0.4,,,reviewed,ak,ak
2023-06-24T21:19:37.193Z,59.7919,-152.4414,67.5,1.8,ml,,,,0.42,ak,ak02381rnzlj,2023-06-24T21:45:47.940Z,"Southern Alaska",earthquake,,0.4,,,automatic,ak,ak
2023-06-24T21:14:28.070Z,58.249,-155.053666666667,26.98,-0.44,ml,6,163,,0.28,av,av91936886,2023-06-27T01:59:42.100Z,"Alaska Peninsula",earthquake,1.66,1.93,0.193649073141407,6,reviewed,av,av
2023-06-24T21:14:11.020Z,33.819,-117.0001667,13.8,1.6,ml,77,24,0.1034,0.18,ci,ci40494408,2023-06-26T15:02:58.950Z,"6km NW of San Jacinto, CA",earthquake,0.13,0.35,0.161,50,reviewed,ci,ci
2023-06-24T21:12:37.030Z,51.8503333333333,-178.053666666667,3.3,0.75,ml,5,123,,0.22,av,av91936881,2023-06-27T02:02:39.930Z,"97 km W of Adak, Alaska",earthquake,0.55,1.11,0.271740001187445,5,reviewed,av,av
2023-06-24T21:12:08.850Z,31.65615994,-104.3589457,6.080151367,2.3,ml,28,58,0.06199109673,0.2,tx,tx2023mhnm,2023-06-27T15:33:01.073Z,"57 km S of Whites City, New Mexico",earthquake,0.8921544594000002,0.9560865494000002,0.1,14,reviewed,tx,tx
2023-06-24T21:01:18.623Z,59.8497,-151.99,72.3,1.2,ml,,,,0.37,ak,ak02381rk39y,2023-06-24T21:02:44.685Z,"",earthquake,,1.9,,,automatic,ak,ak
2023-06-24T21:00:41.460Z,36.8065,-121.4365,4.19,0.68,md,12,105,0.01262,0.1,nc,nc73904801,2023-06-27T01:18:24.345Z,"6km SW of Hollister, CA",earthquake,0.3,0.5,0.232,8,reviewed,nc,nc
2023-06-24T20:57:06.890Z,33.1726667,-116.6668333,19.17,1.38,ml,46,26,0.03109,0.21,ci,ci40494392,2023-06-25T13:18:06.610Z,"12km SE of Lake Henshaw, CA",earthquake,0.26,0.52,0.219,26,reviewed,ci,ci
2023-06-24T20:51:44.440Z,35.8025,-117.6305,7.77,1.19,ml,29,60,0.1094,0.16,ci,ci40494384,2023-06-26T14:51:55.436Z,"21km NNE of Ridgecrest, CA",earthquake,0.19,0.79,0.197,10,reviewed,ci,ci
2023-06-24T20:51:24.125Z,47.0112,80.1881,17.402,4.5,mb,27,55,1.243,1.16,us,us7000kaw0,2023-06-24T22:04:28.040Z,"eastern Kazakhstan",earthquake,5.48,2.852,0.086,40,reviewed,us,us
2023-06-24T20:44:30.990Z,39.0225,-123.055,6.42,1.13,md,15,63,0.1086,0.08,nc,nc73904796,2023-06-26T19:44:13.295Z,"12km W of Lakeport, CA",earthquake,0.26,0.72,0.164,14,reviewed,nc,nc
2023-06-24T20:30:34.189Z,36.656,-98.83633333,7.38,0.89,ml,18,165,0.08008428473,0.1,ok,ok2023mhmd,2023-06-27T13:45:10.255Z,"Oklahoma",earthquake,,0.4,0.09,5,reviewed,ok,ok
2023-06-24T20:26:49.262Z,31.68618975,-104.1605363,6.131567383,2.9,ml,35,54,0.07152756709,0.2,tx,tx2023mhma,2023-06-24T20:48:13.168Z,"53 km W of Mentone, Texas",earthquake,0.4936503593,0.5882881292999999,0.2,25,reviewed,tx,tx
2023-06-24T20:26:13.340Z,38.7916667,-122.7591667,1.54,0.48,md,19,71,0.008955,0.02,nc,nc73904791,2023-06-26T23:42:15.769Z,"2km N of The Geysers, CA",earthquake,0.2,0.27,0.285,16,reviewed,nc,nc
2023-06-24T20:25:17.684Z,39.3553,-119.9941,7.3,0.8,ml,9,116.56,0.071,0.1103,nn,nn00861690,2023-06-24T23:22:43.626Z,"4 km SSE of Floriston, California",earthquake,,1.6,0.35,5,reviewed,nn,nn
2023-06-24T20:16:40.319Z,62.0039,-148.5927,15.3,1.1,ml,,,,1.01,ak,ak02381r1x33,2023-06-24T20:18:21.657Z,"24 km NNW of Chickaloon, Alaska",earthquake,,0.3,,,automatic,ak,ak
2023-06-24T19:51:09.550Z,19.1660003662109,-155.355667114258,29.4400005340576,1.72000003,md,36,178,,0.119999997,hv,hv73460802,2023-06-24T19:54:24.700Z,"13 km ESE of Pāhala, Hawaii",earthquake,0.61,1.04999995,1.02999997,16,automatic,hv,hv
2023-06-24T19:48:38.580Z,37.0564,-116.1871,6,0.8,ml,20,47.48,0.062,0.0996,nn,nn00861680,2023-06-24T23:03:57.795Z,"Nevada",earthquake,,1.2,0.41,10,reviewed,nn,nn
2023-06-24T19:47:29.250Z,36.8086667,-121.4481667,6.92,1.5,md,36,85,0.006503,0.13,nc,nc73904786,2023-06-27T02:07:10.649Z,"6km SW of Hollister, CA",earthquake,0.27,0.47,0.218,33,reviewed,nc,nc
2023-06-24T19:45:01.530Z,34.4573333,-117.9518333,9.83,0.61,ml,15,55,0.008878,0.12,ci,ci40494352,2023-06-26T14:37:31.168Z,"7km SW of Pearblossom, CA",earthquake,0.26,0.35,0.064,6,reviewed,ci,ci
2023-06-24T19:41:56.760Z,51.8503333333333,-178.118166666667,6.98,-0.28,ml,4,173,,0.15,av,av91936801,2023-06-27T01:33:53.690Z,"Andreanof Islands, Aleutian Islands, Alaska",earthquake,0.86,1.06,0.315106692036407,4,reviewed,av,av
2023-06-24T19:35:19.010Z,38.8330002,-122.8143311,1.38,0.93,md,16,54,0.01015,0.02,nc,nc73904781,2023-06-24T21:47:19.203Z,"8km NW of The Geysers, CA",earthquake,0.21,0.59,0.25,19,automatic,nc,nc
2023-06-24T19:29:11.800Z,19.242000579834,-155.383331298828,32.3300018310547,1.77999997,md,31,142,,0.100000001,hv,hv73460792,2023-06-24T19:32:33.230Z,"10 km ENE of Pāhala, Hawaii",earthquake,0.68,0.819999993,0.550000012,11,automatic,hv,hv
2023-06-24T19:27:45.710Z,44.7475,-111.0198333,5.95,0.75,ml,11,87,0.01532,0.15,uu,uu60543927,2023-06-26T16:34:21.280Z,"",earthquake,0.35,0.65,0.125,3,reviewed,uu,uu
2023-06-24T18:52:50.320Z,38.8071671,-122.8151703,2.81,0.7,md,11,74,0.01108,0.02,nc,nc73904761,2023-06-24T19:11:16.263Z,"6km WNW of The Geysers, CA",earthquake,0.38,0.87,0.33,13,automatic,nc,nc
2023-06-24T18:44:34.550Z,38.838665,-122.8238297,1.71,0.72,md,18,87,0.009104,0.01,nc,nc73904751,2023-06-24T19:01:12.191Z,"9km WNW of Cobb, CA",earthquake,0.23,0.5,0.12,18,automatic,nc,nc
2023-06-24T18:42:39.931Z,63.2904,-150.3473,8,1.1,ml,,,,0.41,ak,ak02381q0mgp,2023-06-24T18:44:31.450Z,"70 km W of Cantwell, Alaska",earthquake,,0.3,,,automatic,ak,ak
2023-06-24T18:32:53.040Z,51.853,-178.045166666667,-1.8,0.85,ml,5,103,,0.17,av,av91936756,2023-06-27T01:38:15.210Z,"97 km W of Adak, Alaska",earthquake,0.34,1.28,0.338968678419571,5,reviewed,av,av
2023-06-24T18:25:26.670Z,37.1356667,-121.5266667,7.51,0.57,md,18,47,0.07441,0.13,nc,nc73904741,2023-06-26T18:24:49.328Z,"9km NE of San Martin, CA",earthquake,0.3,0.93,0.263,15,reviewed,nc,nc
2023-06-24T18:13:01.190Z,58.2541666666667,-155.1425,32.59,0.48,ml,10,97,,0.25,av,av91108568,2023-06-25T19:22:30.310Z,"86 km NNW of Karluk, Alaska",earthquake,0.75,1.16,0.306963502639707,10,reviewed,av,av
2023-06-24T18:11:36.210Z,58.251,-155.129,29.94,0.21,ml,11,95,,0.3,av,av91108563,2023-06-25T19:11:29.630Z,"85 km NNW of Karluk, Alaska",earthquake,0.76,1.18,0.300456367198549,10,reviewed,av,av
2023-06-24T18:03:17.130Z,40.462,-124.908,6.72,2.3,md,41,253,0.4355,0.17,nc,nc73904726,2023-06-26T22:43:14.428Z,"55km WNW of Petrolia, CA",earthquake,0.81,1.32,0.336,32,reviewed,nc,nc
2023-06-24T17:59:52.170Z,46.88216666666667,-121.9415,9.83,1.45,ml,18,93,0.09308,0.14,uw,uw61926832,2023-06-25T22:43:11.810Z,"15 km NNE of Ashford, Washington",earthquake,0.36,0.59,0.22164472594591744,14,reviewed,uw,uw
2023-06-24T17:58:47.880Z,37.523,-118.8298333,5.49,1.17,md,15,208,0.06691,0.02,nc,nc73904721,2023-06-27T00:47:23.168Z,"14km WSW of Toms Place, CA",earthquake,0.71,1.17,0.055,11,reviewed,nc,nc
2023-06-24T17:54:49.560Z,47.8318333333333,-113.859833333333,2.13,0.93,ml,8,262,0.1069,0.03,mb,mb90019613,2023-06-26T14:40:01.610Z,"10 km S of Swan Lake, Montana",earthquake,1.62,1.64,0.300366337167323,2,reviewed,mb,mb
2023-06-24T17:53:23.430Z,35.4968333,-118.3913333,9.25,1.01,ml,20,66,0.1788,0.16,ci,ci40494280,2023-06-25T13:21:05.623Z,"14km SE of Bodfish, CA",earthquake,0.3,1.45,0.128,11,reviewed,ci,ci
2023-06-24T17:50:43.422Z,58.1905,-155.129,1.4,0.7,ml,,,,0.32,ak,ak02381pgwuu,2023-06-27T00:10:20.610Z,"",earthquake,,2,,,automatic,ak,ak
2023-06-24T17:38:57.885Z,59.7292,-152.0632,62.7,1.7,ml,,,,0.17,ak,ak02381peddo,2023-06-24T17:40:10.986Z,"Southern Alaska",earthquake,,2.2,,,automatic,ak,ak
2023-06-24T17:35:38.290Z,36.4033333,-120.9698333,10.78,1.21,md,25,64,0.0451,0.07,nc,nc73904716,2023-06-27T06:53:14.590Z,"21km SE of Pinnacles, CA",earthquake,0.22,0.54,0.196,17,reviewed,nc,nc
2023-06-24T17:34:33.810Z,58.22,-155.0895,3.58,-0.02,ml,6,112,,0.09,av,av91936696,2023-06-27T00:05:29.080Z,"81 km NNW of Karluk, Alaska",earthquake,0.33,1,0.232103609097296,6,reviewed,av,av
2023-06-24T17:25:39.620Z,35.1566667,-120.2485,0.29,1.02,ml,11,106,0.1312,0.17,ci,ci40494240,2023-06-26T14:30:41.095Z,"24km ENE of Nipomo, CA",earthquake,0.34,0.6,0.194,5,reviewed,ci,ci
2023-06-24T17:20:05.240Z,19.6865005493164,-156.130493164062,9.86999988555908,2.22000003,md,39,234,,0.230000004,hv,hv73460692,2023-06-24T17:23:14.480Z,"14 km WNW of Kailua-Kona, Hawaii",earthquake,1.85,2.8499999,0.680000007,9,automatic,hv,hv
2023-06-24T17:16:31.670Z,40.6025,-123.6678333,27.46,2.32,md,31,47,0.1432,0.11,nc,nc73904706,2023-06-27T01:18:25.344Z,"37km E of Hydesville, CA",earthquake,0.34,0.73,0.171,36,reviewed,nc,nc
2023-06-24T17:07:25.660Z,17.9556666666667,-66.8616666666667,8.78,2.6,md,8,205,0.02554,0.12,pr,pr71414528,2023-06-24T17:27:13.750Z,"3 km SE of Maria Antonia, Puerto Rico",earthquake,0.53,0.64,0.0270659693717268,5,reviewed,pr,pr
2023-06-24T17:01:31.420Z,38.7955017,-122.7441635,0.68,0.26,md,6,96,0.01356,0.02,nc,nc73904701,2023-06-24T19:06:12.228Z,"2km NNE of The Geysers, CA",earthquake,0.48,3.32,0.05,8,automatic,nc,nc
2023-06-24T16:58:43.090Z,34.1396667,-117.4063333,6.26,1.05,ml,35,100,0.0482,0.17,ci,ci40494216,2023-06-26T14:28:24.978Z,"5km NW of Rialto, CA",earthquake,0.25,0.46,0.12,11,reviewed,ci,ci
2023-06-24T16:56:14.982Z,60.8836,-149.5974,47.7,2.5,ml,,,,0.72,ak,ak02381owpav,2023-06-24T21:34:34.170Z,"4 km SSE of Hope, Alaska",earthquake,,0.3,,,reviewed,ak,ak
2023-06-24T16:48:15.830Z,58.2466666666667,-155.147333333333,2.53,0.16,ml,7,148,,0.11,av,av91936661,2023-06-27T00:02:51.910Z,"85 km NNW of Karluk, Alaska",earthquake,0.34,0.39,0.166405183594368,7,reviewed,av,av
2023-06-24T16:38:56.210Z,38.795166,-122.8081665,3.47,0.38,md,9,87,0.007906,0.02,nc,nc73904696,2023-06-24T18:38:12.036Z,"5km WNW of The Geysers, CA",earthquake,0.49,1.15,0.18,10,automatic,nc,nc
2023-06-24T16:33:08.402Z,58.1906,-155.2827,0,0.4,ml,,,,0.33,ak,ak02381orrdk,2023-06-27T00:00:26.150Z,"",earthquake,,3,,,automatic,ak,ak
2023-06-24T16:21:48.160Z,35.7026667,-117.5648333,1.77,1.01,ml,23,65,0.1208,0.14,ci,ci40494176,2023-06-26T14:15:34.650Z,"14km NE of Ridgecrest, CA",earthquake,0.23,0.32,0.212,7,reviewed,ci,ci
2023-06-24T16:13:45.010Z,19.1555004119873,-155.47917175293,31.1599998474121,2.28,ml,42,158,,0.129999995,hv,hv73460667,2023-06-24T16:22:38.040Z,"5 km S of Pāhala, Hawaii",earthquake,0.64,0.930000007,3.71,6,automatic,hv,hv
2023-06-24T16:08:46.972Z,62.4298,-151.4749,84.7,1.3,ml,,,,0.54,ak,ak02381omhg9,2023-06-24T16:21:40.179Z,"37 km WSW of Petersville, Alaska",earthquake,,0.7,,,automatic,ak,ak
2023-06-24T16:06:50.610Z,33.4706667,-116.5575,8.49,0.68,ml,27,80,0.04439,0.13,ci,ci40494152,2023-06-26T14:11:29.624Z,"14km SE of Anza, CA",earthquake,0.18,0.41,0.157,12,reviewed,ci,ci
2023-06-24T16:05:12.940Z,38.8129997,-122.8171692,2.91,1.07,md,21,53,0.01025,0.02,nc,nc73904686,2023-06-24T16:38:14.253Z,"7km NW of The Geysers, CA",earthquake,0.24,0.49,0.13,24,automatic,nc,nc
2023-06-24T15:59:24.180Z,33.844,-116.86,16.2,0.21,ml,11,244,0.1653,0.08,ci,ci40494144,2023-06-25T15:20:06.909Z,"9km S of Banning, CA",earthquake,0.54,0.62,0.111,8,reviewed,ci,ci
2023-06-24T15:59:01.950Z,38.8118324,-122.8154984,2.69,1.09,md,23,53,0.01109,0.03,nc,nc73904676,2023-06-24T16:18:16.119Z,"6km NW of The Geysers, CA",earthquake,0.23,0.45,0.23,23,automatic,nc,nc
2023-06-24T15:52:37.160Z,19.1709995269775,-155.352005004883,26.8899993896484,2.41,ml,46,179,,0.129999995,hv,hv73460657,2023-06-24T16:18:14.040Z,"13 km ESE of Pāhala, Hawaii",earthquake,0.58,0.74000001,3.31,19,automatic,hv,hv
2023-06-24T15:42:30.591Z,63.0198,-150.0191,73.5,1.6,ml,,,,0.38,ak,ak02381o8axf,2023-06-24T15:45:05.795Z,"Central Alaska",earthquake,,1,,,automatic,ak,ak
2023-06-24T15:41:57.720Z,19.1878337860107,-155.508666992188,32.4199981689453,2.31999993,md,39,147,,0.109999999,hv,hv73460642,2023-06-24T15:47:27.680Z,"3 km WSW of Pāhala, Hawaii",earthquake,0.65,0.819999993,1.12,24,automatic,hv,hv
2023-06-24T15:34:07.476Z,61.2855,-150.1066,39.3,1.8,ml,,,,0.35,ak,ak02381o6jez,2023-06-24T15:35:41.792Z,"Southern Alaska",earthquake,,0.8,,,automatic,ak,ak
2023-06-24T15:29:01.490Z,58.2621666666667,-155.073166666667,3.12,0.03,ml,10,108,,0.24,av,av91936576,2023-06-26T23:35:28.860Z,"85 km NNW of Karluk, Alaska",earthquake,0.38,0.87,0.155982659862113,10,reviewed,av,av
2023-06-24T15:28:49.830Z,32.9358333,-116.2861667,10.69,1.13,ml,55,42,0.02366,0.17,ci,ci40494112,2023-06-26T14:08:45.400Z,"26km ENE of Pine Valley, CA",earthquake,0.16,0.37,0.128,16,reviewed,ci,ci
2023-06-24T15:26:17.710Z,38.8105,-122.822,2.1,1.07,md,33,52,0.00584,0.03,nc,nc73904671,2023-06-26T23:46:09.868Z,"7km WNW of The Geysers, CA",earthquake,0.15,0.25,0.147,30,reviewed,nc,nc
2023-06-24T15:25:05.250Z,46.20466666666667,-119.593,7.92,0.22,ml,7,234,0.06562,0.04,uw,uw61926807,2023-06-26T21:07:02.230Z,"10 km SW of Benton City, Washington",earthquake,1.1,0.96,0.12834805167337526,6,reviewed,uw,uw
2023-06-24T15:24:56.250Z,35.8925,-117.6948333,6.67,1.06,ml,23,57,0.06602,0.14,ci,ci40494104,2023-06-26T14:00:43.272Z,"20km ESE of Little Lake, CA",earthquake,0.22,0.48,0.158,6,reviewed,ci,ci
2023-06-24T15:17:52.565Z,32.517,142.4974,10,4.7,mb,47,100,2.337,0.52,us,us7000kaut,2023-06-24T16:04:42.040Z,"Izu Islands, Japan region",earthquake,10.33,1.878,0.038,207,reviewed,us,us
2023-06-24T15:14:37.640Z,38.8105,-122.8156667,3.16,2.15,md,74,30,0.01068,0.06,nc,nc73904666,2023-06-27T03:10:17.065Z,"6km NW of The Geysers, CA",earthquake,0.11,0.16,0.141,69,reviewed,nc,nc
2023-06-24T15:14:15.770Z,35.954,-117.9131667,7.78,0.23,ml,9,128,0.05672,0.07,ci,ci40494088,2023-06-27T17:41:29.724Z,"2km NNW of Little Lake, CA",earthquake,0.28,0.52,0.043,3,reviewed,ci,ci
2023-06-24T15:13:46.800Z,38.8139992,-122.8171692,2.97,0.82,md,14,106,0.01069,0.02,nc,nc73904661,2023-06-24T15:32:11.814Z,"7km NW of The Geysers, CA",earthquake,0.35,0.64,0.15,12,automatic,nc,nc
2023-06-24T15:12:42.555Z,31.65232073,-104.3093985,7.982543944999999,2.4,ml,36,58,0.04257187553,0.2,tx,tx2023mhbq,2023-06-26T12:19:32.072Z,"58 km S of Whites City, New Mexico",earthquake,0.6505506997,0.9305655300999999,0.1,14,reviewed,tx,tx
2023-06-24T15:05:11.050Z,32.9355,-116.2848333,10.74,1.13,ml,42,42,0.02462,0.16,ci,ci40494072,2023-06-25T20:36:59.910Z,"26km ENE of Pine Valley, CA",earthquake,0.17,0.39,0.096,15,reviewed,ci,ci
2023-06-24T15:04:36.350Z,32.9385,-116.2853333,11.78,0.82,ml,39,58,0.02209,0.16,ci,ci40494064,2023-06-25T20:29:58.318Z,"26km ENE of Pine Valley, CA",earthquake,0.19,0.5,0.098,11,reviewed,ci,ci
2023-06-24T15:00:59.790Z,36.6026667,-121.2066667,2.5,1.92,md,37,129,0.03533,0.09,nc,nc73904656,2023-06-27T07:05:14.492Z,"10km NW of Pinnacles, CA",earthquake,0.28,0.68,0.216,38,reviewed,nc,nc
2023-06-24T14:58:09.650Z,58.1801666666667,-155.3555,8.51,0.94,ml,14,111,,0.25,av,av91936566,2023-06-26T23:25:30.610Z,"86 km NW of Karluk, Alaska",earthquake,0.7,0.71,0.305617388054188,15,reviewed,av,av
2023-06-24T14:55:56.930Z,38.778,-122.725,1.77,0.39,md,12,85,0.01055,0.02,nc,nc73904651,2023-06-26T23:22:14.650Z,"3km E of The Geysers, CA",earthquake,0.3,0.52,0.131,6,reviewed,nc,nc
2023-06-24T14:55:40.199Z,-12.6347,66.0898,10,4.8,mb,35,84,7.547,0.56,us,us7000kaup,2023-06-24T15:12:02.040Z,"",earthquake,9.14,1.669,0.091,37,reviewed,us,us
2023-06-24T14:50:36.940Z,58.2593333333333,-155.073833333333,4.98,0.89,ml,12,107,,0.2,av,av91936556,2023-06-26T23:22:13.700Z,"85 km NNW of Karluk, Alaska",earthquake,0.31,0.72,0.221872872931727,12,reviewed,av,av
2023-06-24T14:48:47.440Z,36.6065,-121.2085,1.57,1.48,md,27,148,0.03939,0.09,nc,nc73904646,2023-06-27T07:47:14.739Z,"10km NW of Pinnacles, CA",earthquake,0.32,0.46,0.129,23,reviewed,nc,nc
2023-06-24T14:46:40.890Z,35.6288333,-117.4365,8.21,1.25,ml,17,82,0.03767,0.16,ci,ci40494040,2023-06-25T13:22:05.988Z,"16km S of Searles Valley, CA",earthquake,0.34,0.77,0.223,8,reviewed,ci,ci
2023-06-24T14:40:16.890Z,58.1721666666667,-155.3125,2.49,0.58,ml,7,205,,0.13,av,av91936541,2023-06-26T23:17:07.970Z,"",earthquake,0.45,0.48,0.437181341227449,7,reviewed,av,av
2023-06-24T14:37:47.460Z,39.3468333,-123.2288333,7.65,1.23,md,14,63,0.08262,0.06,nc,nc73904641,2023-06-26T22:28:14.346Z,"9km NNW of Redwood Valley, CA",earthquake,0.19,0.8,0.221,14,reviewed,nc,nc
2023-06-24T14:32:43.440Z,33.9418333,-116.8608333,4.17,1.3,ml,60,47,0.06969,0.14,ci,ci40494024,2023-06-25T20:25:46.870Z,"2km NE of Banning, CA",earthquake,0.12,0.4,0.133,36,reviewed,ci,ci
2023-06-24T14:26:54.900Z,36.1253333333333,-83.6985,15.64,2.63,md,24,64,0.1508,0.25,se,se60530806,2023-06-27T04:13:25.487Z,"Kentucky-Tennessee border region",earthquake,0.38,1.02,0.137159293279002,15,reviewed,se,se
2023-06-24T14:21:35.650Z,38.833,-122.8145,1.32,0.3,md,20,53,0.0102,0.03,nc,nc73904636,2023-06-26T23:33:51.751Z,"8km NW of The Geysers, CA",earthquake,0.17,0.3,0.22,19,reviewed,nc,nc
2023-06-24T14:19:15.707Z,35.39642715,-98.11131287,2.454967976,1.7,ml,10,100.8142395,0.07253866643,0.9645455705,ok,ok2023mgzw,2023-06-24T14:22:36.104Z,"15 km W of Union City, Oklahoma",earthquake,5.419988316,3.976346164,0.17,9,automatic,ok,ok
2023-06-24T14:16:52.594Z,66.4062,-150.8182,11,1.9,ml,,,,0.28,ak,ak02381nhcej,2023-06-24T14:18:24.781Z,"64 km SSE of Bettles, Alaska",earthquake,,0.3,,,automatic,ak,ak
2023-06-24T14:14:35.580Z,52.0733333333333,-176.129833333333,14.38,-0.14,ml,6,122,,0.33,av,av91936526,2023-06-25T18:33:58.920Z,"41 km ENE of Adak, Alaska",earthquake,2.25,1.54,0.28836208348866,6,reviewed,av,av
2023-06-24T14:11:53.469Z,59.8868,-150.327,64.5,1.3,ml,,,,0.83,ak,ak02381ng9yi,2023-06-24T14:24:50.815Z,"35 km E of Fox River, Alaska",earthquake,,0.9,,,automatic,ak,ak
2023-06-24T14:10:01.430Z,38.7849998,-122.7561646,0.44,0.76,md,8,112,0.01585,0.01,nc,nc73904631,2023-06-24T15:45:14.057Z,"1km N of The Geysers, CA",earthquake,0.4,2.26,0.04,8,automatic,nc,nc
2023-06-24T14:06:25.280Z,33.833,-116.8955,11.82,0.65,ml,31,110,0.08168,0.14,ci,ci40494016,2023-06-25T20:15:34.762Z,"8km NE of San Jacinto, CA",earthquake,0.26,0.56,0.119,8,reviewed,ci,ci
2023-06-24T14:04:13.630Z,44.4776667,-110.766,4.66,1.25,ml,11,67,0.05651,0.17,uu,uu60543902,2023-06-26T13:50:15.680Z,"",earthquake,0.36,0.76,0.534,3,reviewed,uu,uu
2023-06-24T14:03:33.410Z,35.6715,-117.555,6.41,0.46,ml,15,76,0.1071,0.15,ci,ci40494008,2023-06-25T20:07:44.097Z,"12km ENE of Ridgecrest, CA",earthquake,0.31,1.25,0.202,4,reviewed,ci,ci
2023-06-24T14:02:34.590Z,37.1831667,-112.8918333,19.81,1.84,ml,16,108,0.1754,0.11,uu,uu60543907,2023-06-26T13:11:10.770Z,"Utah",earthquake,0.38,0.72,0.228,10,reviewed,uu,uu
2023-06-24T13:54:40.051Z,36.6936,-116.2754,4.7,-0.4,ml,6,132.62,0.045,0.0607,nn,nn00861686,2023-06-24T22:57:42.639Z,"49 km ESE of Beatty, Nevada",earthquake,,2.7,0.22,2,reviewed,nn,nn
2023-06-24T13:47:55.040Z,19.1476669311523,-155.364166259766,26.7600002288818,1.77999997,md,39,182,,0.0900000036,hv,hv73460602,2023-06-24T13:51:08.020Z,"13 km ESE of Pāhala, Hawaii",earthquake,0.62,0.99000001,0.939999998,10,automatic,hv,hv
2023-06-24T13:45:53.969Z,36.1015,-97.84183333,6.45,1.49,ml,38,51,0.1178768685,0.16,ok,ok2023mgyu,2023-06-27T13:39:19.074Z,"5 km E of Hennessey, Oklahoma",earthquake,,0.4,0.16,4,reviewed,ok,ok
2023-06-24T13:43:17.520Z,19.2361660003662,-155.39616394043,31.4400005340576,1.98000002,md,30,162,,0.119999997,hv,hv73460597,2023-06-24T13:46:35.380Z,"9 km ENE of Pāhala, Hawaii",earthquake,0.7,0.810000002,0.150000006,9,automatic,hv,hv
2023-06-24T13:40:40.882Z,31.68527559,-104.1594536,6.080151367,2.4,ml,18,53,0.07232401356,0.2,tx,tx2023mgyq,2023-06-26T11:36:22.963Z,"53 km W of Mentone, Texas",earthquake,0.7670264659000001,1.199223919,0.1,29,reviewed,tx,tx
2023-06-24T13:32:28.475Z,64.0169,-146.7427,11,2,ml,,,,0.48,ak,ak02381mzae7,2023-06-24T13:34:10.656Z,"40 km S of Harding-Birch Lakes, Alaska",earthquake,,0.4,,,automatic,ak,ak
2023-06-24T13:24:14.974Z,65.2253,-152.8101,5.6,1.9,ml,,,,0.63,ak,ak02381mxjmh,2023-06-24T13:26:31.177Z,"34 km W of Tanana, Alaska",earthquake,,0.3,,,automatic,ak,ak
2023-06-24T13:18:08.583Z,51.0283,-172.7969,10,3.9,ml,19,225,2.299,0.65,us,us7000kau7,2023-06-24T16:10:05.154Z,"162 km SE of Atka, Alaska",earthquake,5.19,2.007,0.085,18,reviewed,us,us
2023-06-24T13:09:46.830Z,58.2666666666667,-155.1085,30.99,-0.19,ml,8,98,,0.23,av,av91108553,2023-06-25T06:19:34.660Z,"86 km NNW of Karluk, Alaska",earthquake,0.83,1.28,0.293594536779779,8,reviewed,av,av
2023-06-24T13:07:46.330Z,38.7926667,-122.714,1.72,0.45,md,20,92,0.001977,0.19,nc,nc73904621,2023-06-26T23:10:16.580Z,"3km NW of Anderson Springs, CA",earthquake,0.56,1.07,0.159,13,reviewed,nc,nc
2023-06-24T13:07:12.650Z,58.2588333333333,-155.118666666667,30.99,0.05,ml,11,96,,0.18,av,av91108548,2023-06-25T06:06:40.300Z,"86 km NNW of Karluk, Alaska",earthquake,0.61,0.87,0.300520178355899,10,reviewed,av,av
2023-06-24T13:05:39.600Z,58.2615,-155.124833333333,29.79,-0.03,ml,11,94,,0.28,av,av91108543,2023-06-25T05:56:16.310Z,"Alaska Peninsula",earthquake,0.8,1.33,0.274832119357641,10,reviewed,av,av
2023-06-24T13:03:16.920Z,51.9353333333333,179.636833333333,21.83,0.57,ml,5,124,,0.12,av,av91936461,2023-06-26T22:40:52.750Z,"256 km W of Adak, Alaska",earthquake,2.49,1.07,0.249567368791168,5,reviewed,av,av
2023-06-24T13:01:19.440Z,19.1688327789307,-155.479339599609,33.1800003051758,2.69,ml,41,158,,0.129999995,hv,hv73460592,2023-06-24T13:06:51.020Z,"3 km S of Pāhala, Hawaii",earthquake,0.65,0.829999983,3.14,22,automatic,hv,hv
2023-06-24T12:51:30.440Z,17.9813333333333,-66.8341666666667,17.3,2.44,md,7,188,0.04337,0.08,pr,pr71414518,2023-06-24T13:09:56.070Z,"2 km SW of Indios, Puerto Rico",earthquake,0.44,0.76,0.0557268363633252,5,reviewed,pr,pr
2023-06-24T12:24:49.770Z,33.479,-116.5225,13.56,0.59,ml,40,89,0.06842,0.16,ci,ci40493952,2023-06-25T20:01:16.149Z,"16km ESE of Anza, CA",earthquake,0.21,0.41,0.128,15,reviewed,ci,ci
2023-06-24T12:23:35.070Z,58.2621666666667,-155.133166666667,31.02,0.58,ml,7,153,,0.32,av,av91108513,2023-06-25T04:25:37.510Z,"87 km NNW of Karluk, Alaska",earthquake,1.1,2.05,0.286967146915194,7,reviewed,av,av
2023-06-24T12:23:00.440Z,58.2456666666667,-155.168,34.44,0.94,ml,12,114,,0.25,av,av91108508,2023-06-25T04:21:41.820Z,"86 km NNW of Karluk, Alaska",earthquake,0.74,1.04,0.339081174127174,12,reviewed,av,av
2023-06-24T12:22:51.610Z,58.2308333333333,-155.122,31.34,0.75,ml,11,102,,0.18,av,av91936436,2023-06-25T04:14:22.570Z,"Alaska Peninsula",earthquake,0.55,0.85,0.449067923911541,10,reviewed,av,av
2023-06-24T12:22:10.850Z,58.2485,-155.1415,32.93,0.09,ml,10,144,,0.18,av,av91108538,2023-06-25T05:33:52.910Z,"85 km NNW of Karluk, Alaska",earthquake,0.51,0.85,0.254913481004709,10,reviewed,av,av
2023-06-24T12:21:49.320Z,58.2471666666667,-155.1715,33.53,-0.14,ml,7,154,,0.06,av,av91108528,2023-06-25T05:24:59.310Z,"Alaska Peninsula",earthquake,0.52,0.65,0.251892300140627,8,reviewed,av,av
2023-06-24T12:20:13.200Z,58.2485,-155.137,32.34,-0.09,ml,12,99,,0.27,av,av91108518,2023-06-25T04:48:11.600Z,"85 km NNW of Karluk, Alaska",earthquake,0.75,1.16,0.281977692594316,11,reviewed,av,av
2023-06-24T12:17:43.480Z,38.812,-122.8221667,2.75,0.41,md,18,57,0.006308,0.03,nc,nc73904616,2023-06-26T23:28:20.659Z,"7km NW of The Geysers, CA",earthquake,0.24,0.34,0.406,19,reviewed,nc,nc
2023-06-24T12:11:54.290Z,33.9985,-117.1163333,6.6,0.86,ml,31,88,0.03702,0.12,ci,ci40493936,2023-06-25T18:57:49.518Z,"6km W of Calimesa, CA",earthquake,0.14,0.4,0.106,15,reviewed,ci,ci
2023-06-24T12:00:47.469Z,38.6343,-119.8127,6.7,1.1,ml,9,115.22,0.064,0.1246,nn,nn00861689,2023-06-24T23:19:33.924Z,"7 km SSW of Markleeville, California",earthquake,,2.8,0.17,3,reviewed,nn,nn
2023-06-24T11:58:09.162Z,63.308,-149.3578,81.2,1.1,ml,,,,0.64,ak,ak02381lxyb8,2023-06-24T18:16:24.848Z,"Central Alaska",earthquake,,0.6,,,automatic,ak,ak
2023-06-24T11:54:23.020Z,19.2426662445068,-155.419998168945,32.7900009155273,1.94000006,md,34,124,,0.119999997,hv,hv73460557,2023-06-24T11:57:24.890Z,"7 km NE of Pāhala, Hawaii",earthquake,0.6,1.03999996,0.819999993,3,automatic,hv,hv
2023-06-24T11:52:09.120Z,38.8414993,-122.7645035,0.78,1.12,md,12,156,0.01179,0.02,nc,nc73904611,2023-06-24T13:57:14.188Z,"4km WNW of Cobb, CA",earthquake,0.32,0.54,0.17,13,automatic,nc,nc
2023-06-24T11:50:43.100Z,58.203,-155.401,7.09,0.54,ml,6,295,,0.14,av,av91936416,2023-06-26T22:37:21.740Z,"90 km NW of Karluk, Alaska",earthquake,0.77,1.07,0.291106406311891,6,reviewed,av,av
2023-06-24T11:49:27.407Z,63.1185,-149.2674,69.1,1.5,ml,,,,0.55,ak,ak02381lw29w,2023-06-24T11:51:40.799Z,"34 km SSW of Cantwell, Alaska",earthquake,,0.8,,,automatic,ak,ak
2023-06-24T11:45:15.547Z,44.0149,-11.8291,9.18,4.4,mb,22,92,4.814,0.63,us,us7000kats,2023-06-24T12:19:55.040Z,"233 km WNW of Mugia, Spain",earthquake,8.15,4.553,0.161,12,reviewed,us,us
2023-06-24T11:35:34.080Z,32.6771667,-115.7078333,8.02,1.24,ml,21,69,0.03186,0.21,ci,ci40493928,2023-06-25T18:48:44.514Z,"16km NW of Progreso, B.C., MX",earthquake,0.35,0.61,0.329,8,reviewed,ci,ci
2023-06-24T11:33:25.750Z,39.413,-123.272,8.28,1.68,md,21,76,0.05956,0.07,nc,nc73904601,2023-06-27T06:53:14.427Z,"7km E of Willits, CA",earthquake,0.17,0.47,0.184,25,reviewed,nc,nc
2023-06-24T11:30:36.960Z,33.0615,-116.562,13.05,0.81,ml,27,61,0.03561,0.18,ci,ci40493920,2023-06-25T13:22:53.189Z,"4km ESE of Julian, CA",earthquake,0.35,0.55,0.17,13,reviewed,ci,ci
2023-06-24T11:30:14.646Z,31.68776986,-104.2989155,7.159887695,2.1,ml,13,65,0.03321287593,0.1,tx,tx2023mguh,2023-06-26T12:32:38.162Z,"54 km S of Whites City, New Mexico",earthquake,1.018541644,0.9498640882,0.1,23,reviewed,tx,tx
2023-06-24T11:17:28.110Z,58.2436666666667,-155.145333333333,4.64,-0.06,ml,7,105,,0.2,av,av91936396,2023-06-26T22:35:01.920Z,"85 km NNW of Karluk, Alaska",earthquake,0.48,0.78,0.110775027828019,7,reviewed,av,av
2023-06-24T11:12:06.260Z,34.6873333,-119.028,0.06,1.03,ml,23,55,0.07747,0.2,ci,ci40493912,2023-06-25T18:40:17.588Z,"17km SSW of Frazier Park, CA",earthquake,0.25,0.52,0.071,7,reviewed,ci,ci
2023-06-24T11:11:48.991Z,58.1942,-155.3155,3.7,1,ml,,,,0.25,ak,ak02381lnyqb,2023-06-26T22:32:25.010Z,"86 km NW of Karluk, Alaska",earthquake,,0.9,,,automatic,ak,ak
2023-06-24T11:10:19.470Z,51.8665,179.508333333333,17.87,1.29,ml,4,332,,0.28,av,av91936386,2023-06-26T22:24:05.450Z,"265 km W of Adak, Alaska",earthquake,4.43,1.97,0.297718653491704,4,reviewed,av,av
2023-06-24T11:09:07.350Z,58.2503333333333,-155.143333333333,4.88,0.34,ml,10,99,,0.18,av,av91936381,2023-06-26T22:29:48.100Z,"86 km NNW of Karluk, Alaska",earthquake,0.37,0.69,0.276424106933492,12,reviewed,av,av
2023-06-24T11:03:45.850Z,36.1763333,-118.0505,1.09,1.66,ml,24,138,0.1689,0.17,ci,ci40493904,2023-06-25T18:36:08.133Z,"12km SSW of Olancha, CA",earthquake,0.33,0.95,0.189,9,reviewed,ci,ci
2023-06-24T10:54:23.310Z,56.8678,-157.5174,106.2,2.2,ml,,,,0.85,ak,ak02381lboxn,2023-06-24T10:57:29.219Z,"",earthquake,,0.8,,,automatic,ak,ak
2023-06-24T10:44:08.960Z,38.831665,-122.81633,1.68,0.78,md,16,55,0.009595,0.02,nc,nc73904596,2023-06-24T11:03:16.170Z,"8km NW of The Geysers, CA",earthquake,0.26,0.52,0.18,17,automatic,nc,nc
2023-06-24T10:29:40.430Z,52.0706666666667,-176.1675,3.26,0.16,ml,5,167,,0.25,av,av91936336,2023-06-26T22:09:07.440Z,"38 km NE of Adak, Alaska",earthquake,1.04,1.49,0.245892606229268,5,reviewed,av,av
2023-06-24T10:26:34.970Z,34.2036667,-118.586,8.78,1.15,ml,29,52,0.03392,0.18,ci,ci40493888,2023-06-25T18:31:41.105Z,"2km ENE of Canoga Park, CA",earthquake,0.26,0.51,0.163,12,reviewed,ci,ci
2023-06-24T10:25:00.050Z,38.6215,-119.817,-1.15,1.63,md,14,107,0.2355,0.1,nc,nc73904591,2023-06-26T22:01:14.195Z,"8km SSW of Markleeville, CA",earthquake,0.36,3.3,0.239,10,reviewed,nc,nc
2023-06-24T10:19:09.190Z,38.8353348,-122.8136673,-0.54,0.76,md,8,105,0.01225,0.09,nc,nc73904586,2023-06-24T11:22:15.274Z,"8km W of Cobb, CA",earthquake,0.34,2,0.2,9,automatic,nc,nc
2023-06-24T10:15:34.670Z,61.0326666666667,-152.3475,11.61,0.4,ml,5,313,,0.1,av,av91936331,2023-06-26T22:14:35.150Z,"65 km W of Tyonek, Alaska",earthquake,1.35,2.52,0.28315087866444,5,reviewed,av,av
2023-06-24T10:12:50.536Z,59.3726,-152.7216,75.8,1.5,ml,,,,0.51,ak,ak02381l2qyl,2023-06-24T10:15:40.403Z,"45 km W of Nanwalek, Alaska",earthquake,,0.8,,,automatic,ak,ak
2023-06-24T10:10:33.510Z,34.952,-116.7205,2.14,3.48,ml,32,48,0.1424,0.13,ci,ci40493880,2023-06-25T14:57:54.414Z,"28km ENE of Barstow, CA",earthquake,0.14,0.46,0.125,154,reviewed,ci,ci
2023-06-24T10:08:13.000Z,58.1853333333333,-155.333,1.99,0.64,ml,9,201,,0.07,av,av91936321,2023-06-26T22:18:12.860Z,"Alaska Peninsula",earthquake,0.33,0.49,0.316127304172237,10,reviewed,av,av
2023-06-24T10:07:37.580Z,39.0038333,-123.0821667,4.46,1.11,md,27,62,0.1068,0.09,nc,nc73904576,2023-06-26T21:31:14.993Z,"15km WSW of Lakeport, CA",earthquake,0.18,0.88,0.144,23,reviewed,nc,nc
2023-06-24T10:05:58.489Z,-6.3414,130.107,163.193,4.6,mb,63,38,1.818,0.86,us,us7000katd,2023-06-24T10:25:36.040Z,"Banda Sea",earthquake,6.51,7.618,0.077,53,reviewed,us,us
2023-06-24T10:03:40.449Z,38.8082,-118.8756,2.5,0.8,ml,8,178.33,0.55,0.1287,nn,nn00861688,2023-06-24T23:16:23.553Z,"16 km SSW of Schurz, Nevada",earthquake,,2.2,0.28,5,reviewed,nn,nn
2023-06-24T10:01:40.500Z,38.8334999,-122.8144989,1.75,0.76,md,16,54,0.01067,0.01,nc,nc73904571,2023-06-24T10:40:12.012Z,"8km W of Cobb, CA",earthquake,0.24,0.62,0.29,18,automatic,nc,nc
2023-06-24T09:59:46.040Z,33.6483333,-116.7213333,17.31,0.31,ml,15,80,0.04464,0.1,ci,ci40493872,2023-06-25T15:06:47.034Z,"10km S of Idyllwild, CA",earthquake,0.29,0.46,0.005,2,reviewed,ci,ci
2023-06-24T09:52:35.469Z,35.11716667,-95.57083333,4,1.09,ml,36,94,0.118776692,0.32,ok,ok2023mgrc,2023-06-27T13:32:16.270Z,"9 km E of Crowder, Oklahoma",earthquake,,1.5,0.25,5,reviewed,ok,ok
2023-06-24T09:50:55.040Z,34.2951667,-117.6008333,11.82,1.43,ml,60,32,0.07377,0.15,ci,ci40493864,2023-06-25T18:27:27.390Z,"8km SSE of Wrightwood, CA",earthquake,0.15,0.35,0.143,58,reviewed,ci,ci
2023-06-24T09:50:27.800Z,35.6648333,-117.4895,7.18,0.88,ml,20,74,0.05357,0.14,ci,ci40493856,2023-06-25T18:14:23.222Z,"14km SW of Searles Valley, CA",earthquake,0.26,0.76,0.172,5,reviewed,ci,ci
2023-06-24T09:38:09.170Z,35.6031667,-117.5511667,2.03,0.77,ml,10,99,0.1208,0.12,ci,ci40493848,2023-06-25T13:24:02.662Z,"11km E of Ridgecrest, CA",earthquake,0.28,0.54,0.099,6,reviewed,ci,ci
2023-06-24T09:37:30.830Z,63.0026,-149.5546,80.9,1.2,ml,,,,0.41,ak,ak02381kmmqj,2023-06-24T09:39:16.461Z,"52 km SW of Cantwell, Alaska",earthquake,,0.9,,,automatic,ak,ak
2023-06-24T09:30:16.380Z,33.453,-116.6343333,10.5,0.52,ml,34,65,0.04951,0.11,ci,ci40493840,2023-06-25T18:10:32.537Z,"12km SSE of Anza, CA",earthquake,0.14,0.3,0.064,9,reviewed,ci,ci
2023-06-24T09:29:38.642Z,61.8699,-149.6134,34.7,1.3,ml,,,,0.57,ak,ak02381kkxm0,2023-06-24T09:31:26.942Z,"24 km NW of Fishhook, Alaska",earthquake,,0.2,,,automatic,ak,ak
2023-06-24T09:25:00.340Z,19.2124996185303,-155.383834838867,28.1200008392334,2.1,ml,34,175,,0.0900000036,hv,hv73460432,2023-06-24T09:30:30.330Z,"10 km E of Pāhala, Hawaii",earthquake,0.68,0.889999986,1.93,3,automatic,hv,hv
2023-06-24T09:24:15.500Z,38.558,-122.4493333,5.37,1.41,md,46,34,0.08113,0.1,nc,nc73904566,2023-06-27T02:27:18.778Z,"2km S of Angwin, CA",earthquake,0.15,0.59,0.161,38,reviewed,nc,nc
2023-06-24T09:23:51.240Z,46.068666666666665,-122.39116666666666,17.13,0.6,ml,15,87,0.1305,0.06,uw,uw61926767,2023-06-24T16:43:29.590Z,"",earthquake,0.25,0.78,0.1601859536271597,9,reviewed,uw,uw
2023-06-24T09:14:13.873Z,63.6055,-150.6889,11.9,2.5,ml,,,,0.63,ak,ak02381khnyj,2023-06-24T09:27:13.040Z,"51 km E of Denali National Park, Alaska",earthquake,,0.4,,,automatic,ak,ak
2023-06-24T09:10:38.270Z,33.6745,-116.7313333,15.12,1.08,ml,44,59,0.03927,0.21,ci,ci40493832,2023-06-25T13:25:19.670Z,"7km S of Idyllwild, CA",earthquake,0.24,0.41,0.145,25,reviewed,ci,ci
2023-06-24T09:10:33.263Z,61.8572,-149.8154,55.4,1,ml,,,,0.54,ak,ak02381kgula,2023-06-24T09:12:52.753Z,"Southern Alaska",earthquake,,1,,,automatic,ak,ak
2023-06-24T09:04:16.690Z,33.4868333,-116.4548333,11.3,0.62,ml,31,80,0.04385,0.18,ci,ci40493824,2023-06-25T18:04:58.032Z,"22km ESE of Anza, CA",earthquake,0.24,0.57,0.086,15,reviewed,ci,ci
2023-06-24T09:03:38.450Z,60.0003333333333,-153.065333333333,-0.3,-0.26,ml,3,192,,0.05,av,av91936291,2023-06-26T22:02:04.280Z,"62 km ENE of Pedro Bay, Alaska",earthquake,0.43,2.25,0.207463440732277,3,reviewed,av,av
2023-06-24T09:02:46.267Z,61.7454,-151.9692,107.8,1.7,ml,,,,0.33,ak,ak02381kf5v6,2023-06-24T09:05:01.388Z,"40 km SW of Skwentna, Alaska",earthquake,,0.6,,,automatic,ak,ak
2023-06-24T08:50:06.198Z,-19.4296,-69.3619,102.977,4.4,mwr,35,97,0.285,0.61,us,us7000kat6,2023-06-24T09:21:33.040Z,"14 km SSE of Camiña, Chile",earthquake,5.24,3.851,,,reviewed,us,guc
2023-06-24T08:46:21.650Z,34.0171667,-117.0096667,16.19,0.92,ml,38,55,0.08726,0.16,ci,ci40493816,2023-06-25T18:00:07.612Z,"4km ESE of Yucaipa, CA",earthquake,0.21,0.58,0.091,12,reviewed,ci,ci
2023-06-24T08:43:07.907Z,61.0005,-152.3329,2.1,2.8,ml,,,,0.72,ak,ak02381k2f9z,2023-06-24T08:45:18.611Z,"Southern Alaska",earthquake,,0.3,,,automatic,ak,ak
2023-06-24T08:41:32.150Z,33.1793333,-116.4183333,13.83,0.41,ml,22,94,0.08863,0.18,ci,ci40493808,2023-06-25T17:29:11.602Z,"9km SSW of Borrego Springs, CA",earthquake,0.31,0.57,0.08,3,reviewed,ci,ci
2023-06-24T08:39:54.920Z,56.1586666666667,-159.379,14.4,0.3,ml,5,193,,0.07,av,av91936276,2023-06-26T20:58:39.120Z,"29 km NNE of Ivanof Bay, Alaska",earthquake,0.67,0.57,0.14697938658982,5,reviewed,av,av
2023-06-24T08:34:20.615Z,61.6166,-147.8401,25.7,1.3,ml,,,,0.6,ak,ak02381k0j71,2023-06-24T08:36:10.280Z,"23 km SSW of Glacier View, Alaska",earthquake,,0.2,,,automatic,ak,ak
2023-06-24T08:32:18.570Z,64.9435,-148.5227,17.4,0.5,ml,,,,0.35,ak,ak02381k03lt,2023-06-24T08:33:48.940Z,"26 km WNW of Ester, Alaska",earthquake,,0.4,,,automatic,ak,ak
2023-06-24T08:29:44.940Z,53.3746666666667,-168.196,6.98,-0.19,ml,4,248,,0.27,av,av91936256,2023-06-26T21:03:48.010Z,"Fox Islands, Aleutian Islands, Alaska",earthquake,2.95,1.63,0.368038367119619,4,reviewed,av,av
2023-06-24T08:21:48.240Z,35.718,-117.503,2.5,1.01,ml,26,81,0.08337,0.15,ci,ci40493792,2023-06-25T17:22:35.660Z,"10km WSW of Searles Valley, CA",earthquake,0.26,0.48,0.199,9,reviewed,ci,ci
2023-06-24T08:20:45.210Z,34.031,-117.148,16.2,0.76,ml,33,79,0.02989,0.18,ci,ci40493784,2023-06-25T17:17:52.833Z,"4km SE of Redlands, CA",earthquake,0.26,0.54,0.165,9,reviewed,ci,ci
2023-06-24T08:18:26.390Z,58.1813333333333,-155.286333333333,4.63,0.85,ml,11,192,,0.08,av,av91936241,2023-06-26T20:54:46.960Z,"84 km NW of Karluk, Alaska",earthquake,0.34,0.51,0.388961944619471,12,reviewed,av,av
2023-06-24T08:15:16.157Z,39.6247,-119.9664,6.8,0.9,ml,12,119.51,0.018,0.1126,nn,nn00861666,2023-06-24T14:28:51.064Z,"6 km S of Cold Springs, Nevada",earthquake,,1.1,0.3,6,reviewed,nn,nn
2023-06-24T08:09:02.805Z,52.4435,-167.6702,10,3.8,mb,46,178,0.894,0.68,us,us7000kasx,2023-06-24T15:54:24.700Z,"97 km SE of Nikolski, Alaska",earthquake,4.9,1.952,0.082,40,reviewed,us,us
2023-06-24T08:01:28.260Z,33.835,-116.9011667,13.24,1.18,ml,65,25,0.06173,0.18,ci,ci40493768,2023-06-25T17:12:25.220Z,"8km NE of San Jacinto, CA",earthquake,0.14,0.39,0.154,32,reviewed,ci,ci
2023-06-24T07:57:10.380Z,36.8213,-116.1273,2.8,-0.4,ml,6,254.81,0.031,0.0799,nn,nn00861674,2023-06-24T14:25:41.428Z,"49 km NW of Indian Springs, Nevada",earthquake,,3.1,0.29,3,reviewed,nn,nn
2023-06-24T07:39:03.140Z,19.1398334503174,-155.503997802734,32.4799995422363,2.00999999,md,32,209,,0.109999999,hv,hv73460377,2023-06-24T07:42:07.650Z,"7 km SSW of Pāhala, Hawaii",earthquake,0.79,0.889999986,0.469999999,9,automatic,hv,hv
2023-06-24T07:35:54.580Z,37.6591667,-119.0373333,-1.21,-0.07,md,4,281,0.01747,0.03,nc,nc73904561,2023-06-26T17:44:15.143Z,"6km WNW of Mammoth Lakes, CA",earthquake,1.03,0.41,0.337,6,reviewed,nc,nc
2023-06-24T07:35:38.250Z,44.743,-112.707333333333,5.77,1.65,ml,8,154,0.1316,0.07,mb,mb90019608,2023-06-24T13:38:04.930Z,"14 km NW of Lima, Montana",earthquake,0.38,1.2,0.203564430178105,13,reviewed,mb,mb
2023-06-24T07:34:03.620Z,34.8991667,-119.0408333,15.03,1.21,ml,23,64,0.08668,0.16,ci,ci40493760,2023-06-25T17:00:52.938Z,"11km WSW of Grapevine, CA",earthquake,0.28,0.59,0.078,6,reviewed,ci,ci
2023-06-24T07:29:22.410Z,61.0788333333333,-152.331166666667,17.12,0.58,ml,6,300,,0.2,av,av91936201,2023-06-26T20:37:12.980Z,"64 km W of Tyonek, Alaska",earthquake,1.28,0.92,0.165092931373962,6,reviewed,av,av
2023-06-24T07:25:21.120Z,38.8291664,-122.8144989,2.23,1.09,md,21,44,0.00672,0.02,nc,nc73904556,2023-06-24T07:42:14.915Z,"8km NW of The Geysers, CA",earthquake,0.21,0.42,0.12,22,automatic,nc,nc
2023-06-24T07:21:53.239Z,61.0458,-152.3544,7,2.9,ml,,,,0.77,ak,ak02381jcdsr,2023-06-24T07:41:09.403Z,"65 km W of Tyonek, Alaska",earthquake,,0.3,,,automatic,ak,ak
2023-06-24T07:17:04.780Z,18.0016666666667,-68.3945,102.51,3.39,md,13,270,0.5102,0.31,pr,pr71414508,2023-06-25T12:35:34.040Z,"",earthquake,3.39,2.24,0.0258603228295908,4,reviewed,pr,pr
2023-06-24T07:06:21.665Z,62.1138,-153.6656,49.9,1,ml,,,,0.55,ak,ak02381j93me,2023-06-24T07:08:30.715Z,"Central Alaska",earthquake,,2.3,,,automatic,ak,ak
2023-06-24T06:45:11.640Z,38.8243332,-122.7943344,2.86,1.02,md,13,85,0.01233,0.02,nc,nc73904551,2023-06-24T07:04:14.700Z,"6km W of Cobb, CA",earthquake,0.3,0.55,0.16,16,automatic,nc,nc
2023-06-24T06:45:05.200Z,33.4938333,-116.4151667,10.47,0.53,ml,21,119,0.03077,0.14,ci,ci40493752,2023-06-25T16:55:38.941Z,"21km SSW of La Quinta, CA",earthquake,0.26,0.48,0.141,8,reviewed,ci,ci
2023-06-24T06:42:15.510Z,37.062,-121.5031667,9.84,0.74,md,20,82,0.03938,0.09,nc,nc71130749,2023-06-26T17:42:15.024Z,"8km NE of Gilroy, CA",earthquake,0.32,0.68,0.244,17,reviewed,nc,nc
2023-06-24T06:41:46.960Z,37.5821667,-119.001,2.17,0.19,md,8,223,0.03456,0.04,nc,nc73904546,2023-06-26T18:30:13.852Z,"6km SSW of Mammoth Lakes, CA",earthquake,0.82,0.49,0.262,8,reviewed,nc,nc
2023-06-24T06:27:36.568Z,51.7184,178.2624,107.974,4.3,mb,44,172,0.306,0.49,us,us7000kasm,2023-06-24T15:47:03.411Z,"Rat Islands, Aleutian Islands, Alaska",earthquake,5.41,6.581,0.042,161,reviewed,us,us
2023-06-24T06:22:31.767Z,61.4,-146.883,35.2,1.6,ml,,,,0.39,ak,ak02381ir494,2023-06-24T06:23:51.960Z,"41 km NW of Valdez, Alaska",earthquake,,4,,,automatic,ak,ak
2023-06-24T06:21:23.422Z,63.4602,-151.2293,3.8,0.9,ml,,,,0.59,ak,ak02381iqvw3,2023-06-24T06:23:44.021Z,"26 km ESE of Denali National Park, Alaska",earthquake,,0.5,,,automatic,ak,ak
2023-06-24T06:19:42.240Z,32.9238333,-116.2451667,7.2,0.44,ml,20,99,0.05777,0.14,ci,ci40493736,2023-06-25T16:51:32.917Z,"27km SSW of Ocotillo Wells, CA",earthquake,0.24,0.46,0.027,2,reviewed,ci,ci
2023-06-24T06:13:56.300Z,34.2973333,-117.5995,10.38,1.92,ml,85,30,0.07613,0.21,ci,ci40493728,2023-06-25T16:48:35.640Z,"8km SSE of Wrightwood, CA",earthquake,0.16,0.32,0.135,73,reviewed,ci,ci
2023-06-24T06:11:26.610Z,34.685,-119.0338333,0.88,0.89,ml,13,75,0.07511,0.18,ci,ci40493720,2023-06-25T16:32:45.447Z,"17km SSW of Frazier Park, CA",earthquake,0.39,0.6,0.13,3,reviewed,ci,ci
2023-06-24T05:49:01.325Z,60.0238,-152.5995,99.2,3.4,ml,,,,0.8,ak,ak02381ibekf,2023-06-24T15:34:40.482Z,"Southern Alaska",earthquake,,0.4,,,reviewed,ak,ak
2023-06-24T05:45:39.229Z,62.7879,-148.6941,16.5,1.3,ml,,,,0.75,ak,ak02381iamoy,2023-06-24T05:47:45.782Z,"68 km S of Cantwell, Alaska",earthquake,,0.1,,,automatic,ak,ak
2023-06-24T05:28:39.470Z,18.818,-65.8701666666667,51.51,3.08,md,8,232,0.6726,0.23,pr,pr71414503,2023-06-24T06:00:34.270Z,"42 km N of Loíza, Puerto Rico",earthquake,1.4,3.14,0.113242055582151,5,reviewed,pr,pr
2023-06-24T05:26:12.740Z,18.884,-65.8495,38.1,3.43,md,27,226,0.4501,0.2,pr,pr71414488,2023-06-24T05:55:19.210Z,"50 km N of Loíza, Puerto Rico",earthquake,0.79,2.23,0.121860925959912,14,reviewed,pr,pr
2023-06-24T04:53:37.832Z,61.787,-151.4594,83,1.3,ml,,,,0.8,ak,ak02381hqwpj,2023-06-24T04:55:43.068Z,"22 km S of Skwentna, Alaska",earthquake,,0.5,,,automatic,ak,ak
2023-06-24T04:39:37.814Z,61.2469,-151.2157,62.5,1.2,ml,,,,0.64,ak,ak02381hnwol,2023-06-24T04:41:49.753Z,"13 km NNW of Beluga, Alaska",earthquake,,1.5,,,automatic,ak,ak
2023-06-24T04:37:24.170Z,38.8110008,-122.8225021,2.14,1.12,md,24,59,0.005634,0.02,nc,nc73904541,2023-06-24T08:21:15.177Z,"7km WNW of The Geysers, CA",earthquake,0.19,0.37,0.19,26,automatic,nc,nc
2023-06-24T04:36:07.460Z,37.3218333,-122.2106667,8.72,1.9,md,60,60,0.03762,0.11,nc,nc73904536,2023-06-27T02:00:22.601Z,"7km SSE of Portola Valley, CA",earthquake,0.16,0.27,0.136,48,reviewed,nc,nc
2023-06-24T04:33:01.830Z,36.132,-120.2078333,9.1,1.45,md,31,112,0.03714,0.11,nc,nc73904531,2023-06-27T06:25:12.279Z,"12km SW of Huron, CA",earthquake,0.26,0.31,0.242,24,reviewed,nc,nc
2023-06-24T04:32:24.813Z,63.1141,-151.3538,0,1,ml,,,,0.77,ak,ak02381hmdo2,2023-06-24T04:34:42.565Z,"51 km SSE of Denali National Park, Alaska",earthquake,,0.4,,,automatic,ak,ak
2023-06-24T04:32:07.960Z,51.8525,-178.063166666667,-1.8,1.84,ml,6,131,,0.15,av,av91936096,2023-06-26T19:14:00.620Z,"98 km W of Adak, Alaska",earthquake,0.37,1.11,0.339396328563558,6,reviewed,av,av
2023-06-24T04:27:08.590Z,35.9268333,-117.698,4.03,1.38,ml,24,48,0.04399,0.15,ci,ci40493704,2023-06-27T17:42:48.817Z,"19km E of Little Lake, CA",earthquake,0.2,0.5,0.17,13,reviewed,ci,ci
2023-06-24T04:14:52.360Z,37.055,-121.5021667,7.86,0.79,md,24,59,0.03265,0.16,nc,nc73904526,2023-06-26T21:03:06.483Z,"8km NE of Gilroy, CA",earthquake,0.35,0.75,0.104,19,reviewed,nc,nc
2023-06-24T04:12:46.760Z,33.3035,-116.2886667,11.7,0.92,ml,42,97,0.06968,0.19,ci,ci40493696,2023-06-25T16:19:13.904Z,"10km ENE of Borrego Springs, CA",earthquake,0.25,0.71,0.13,14,reviewed,ci,ci
2023-06-24T04:12:42.700Z,61.5281,-149.913,34.1,1,ml,,,,0.65,ak,ak02381hi4q6,2023-06-24T04:15:08.041Z,"2 km ENE of Big Lake, Alaska",earthquake,,0.2,,,automatic,ak,ak
2023-06-24T04:04:29.030Z,38.8241653,-122.7649994,2.03,0.78,md,11,123,0.01639,0.02,nc,nc73904521,2023-06-24T04:55:14.930Z,"4km W of Cobb, CA",earthquake,0.35,0.73,0.12,11,automatic,nc,nc
2023-06-24T04:03:39.945Z,61.5052,-149.9018,34.9,1.5,ml,,,,0.25,ak,ak02381hg72i,2023-06-24T15:54:30.490Z,"Southern Alaska",earthquake,,0.2,,,automatic,ak,ak
2023-06-24T04:03:31.690Z,53.8498333333333,-166.9215,4.17,-0.21,ml,5,214,,0.04,av,av91936061,2023-06-26T19:00:55.410Z,"Fox Islands, Aleutian Islands, Alaska",earthquake,0.44,1.02,0.161402360938509,5,reviewed,av,av
2023-06-24T03:58:06.590Z,38.7471667,-122.7371667,2.21,0.04,md,7,110,0.007996,0.03,nc,nc73904511,2023-06-26T20:33:03.712Z,"4km SSE of The Geysers, CA",earthquake,0.35,0.49,0.273,4,reviewed,nc,nc
2023-06-24T03:57:38.190Z,38.919,-123.2575,-0.4,1.34,md,15,75,0.05505,0.1,nc,nc73904516,2023-06-26T20:11:18.464Z,"14km SE of Boonville, CA",earthquake,0.18,0.72,0.137,14,reviewed,nc,nc
2023-06-24T03:52:26.180Z,37.5531667,-118.7943333,5.61,0.71,md,11,310,0.04602,0.06,nc,nc73904506,2023-06-24T21:16:14.011Z,"10km W of Toms Place, CA",earthquake,0.86,0.77,0.128,12,reviewed,nc,nc
2023-06-24T03:49:32.090Z,61.4982,-149.9352,29.9,2.8,ml,,,,0.86,ak,ak02381h4lqi,2023-06-25T03:52:55.548Z,"Southern Alaska",earthquake,,0.5,,,reviewed,ak,ak
2023-06-24T03:41:30.571Z,31.68842984,-104.3040356,6.774267578,2,ml,14,57,0.03737770889,0.1,tx,tx2023mgex,2023-06-27T11:16:32.937Z,"54 km S of Whites City, New Mexico",earthquake,0.9729352765,1.002622346,0.1,20,reviewed,tx,tx
2023-06-24T03:35:56.810Z,51.8576666666667,-178.038166666667,-1.8,1.01,ml,5,101,,0.24,av,av91936041,2023-06-26T18:53:53.530Z,"Andreanof Islands, Aleutian Islands, Alaska",earthquake,0.42,1.52,0.316365037993523,5,reviewed,av,av
2023-06-24T03:31:33.448Z,-8.0425,-74.4634,161.844,4.9,mb,76,107,1.77,0.93,us,us7000kart,2023-06-24T03:52:23.040Z,"38 km NNE of Pucallpa, Peru",earthquake,7.97,6.701,0.027,435,reviewed,us,us
2023-06-24T03:27:40.080Z,37.0575,-121.5031667,8.69,1.05,md,27,44,0.03525,0.14,nc,nc73904501,2023-06-26T20:31:03.072Z,"8km NE of Gilroy, CA",earthquake,0.29,0.95,0.209,18,reviewed,nc,nc
2023-06-24T03:27:12.340Z,58.183,-155.349166666667,8.34,0.58,ml,10,206,,0.14,av,av91936036,2023-06-26T18:51:10.840Z,"Alaska Peninsula",earthquake,0.44,0.56,0.224227622701926,11,reviewed,av,av
2023-06-24T03:22:50.496Z,57.4791,-155.2631,71.9,1.8,ml,,,,0.31,ak,ak02381gyukx,2023-06-24T03:25:37.679Z,"49 km WSW of Karluk, Alaska",earthquake,,1.6,,,automatic,ak,ak
2023-06-24T03:20:36.780Z,33.4666667,-116.611,7.73,0.55,ml,36,69,0.02891,0.12,ci,ci40493672,2023-06-25T16:12:25.196Z,"11km SSE of Anza, CA",earthquake,0.15,0.35,0.118,16,reviewed,ci,ci
2023-06-24T03:19:36.768Z,59.6737,-152.323,56.6,1.8,ml,,,,0.49,ak,ak02381gy6oc,2023-06-24T03:21:38.400Z,"",earthquake,,1.2,,,automatic,ak,ak
2023-06-24T03:17:20.510Z,36.5696667,-121.054,11.36,1.77,md,44,129,0.01458,0.09,nc,nc73904496,2023-06-27T10:06:13.579Z,"9km ENE of Pinnacles, CA",earthquake,0.28,0.43,0.187,45,reviewed,nc,nc
2023-06-24T03:14:23.780Z,38.8183333,-122.8171667,2.54,-0.22,md,12,96,0.0075,0.02,nc,nc73904491,2023-06-26T23:30:51.089Z,"7km NW of The Geysers, CA",earthquake,0.31,0.25,0.117,12,reviewed,nc,nc
2023-06-24T03:14:19.210Z,51.838,-178.041,5.27,0.36,ml,4,134,,0.12,av,av91936016,2023-06-26T18:47:02.320Z,"97 km W of Adak, Alaska",earthquake,0.56,0.99,0.249762934980031,4,reviewed,av,av
2023-06-24T03:04:52.180Z,38.8381653,-122.8225021,2.34,0.65,md,6,95,0.01648,0.01,nc,nc73904486,2023-06-24T03:53:28.574Z,"9km WNW of Cobb, CA",earthquake,0.49,1.9,0.14,6,automatic,nc,nc
2023-06-24T03:00:40.020Z,35.8166667,-121.2916667,10.62,1.67,md,23,185,0.122,0.09,nc,nc73904481,2023-06-26T20:16:19.496Z,"21km NNW of San Simeon, CA",earthquake,0.42,0.76,0.196,23,reviewed,nc,nc
2023-06-24T02:56:45.400Z,38.831,-123.0046667,3.24,1.26,md,41,67,0.04126,0.07,nc,nc73904476,2023-06-26T21:06:15.834Z,"3km NNE of Cloverdale, CA",earthquake,0.19,0.57,0.181,36,reviewed,nc,nc
2023-06-24T02:54:32.020Z,38.8068352,-122.8166656,2.7,0.76,md,14,62,0.009984,0.03,nc,nc73904466,2023-06-24T03:11:17.927Z,"6km WNW of The Geysers, CA",earthquake,0.33,0.78,0.34,15,automatic,nc,nc
2023-06-24T02:54:22.060Z,38.809166,-122.817337,3.39,0.76,md,9,113,0.009256,0.01,nc,nc73904471,2023-06-24T05:16:15.249Z,"6km NW of The Geysers, CA",earthquake,0.74,1.59,0.36,9,automatic,nc,nc
2023-06-24T02:52:20.960Z,-20.3443,-177.7415,494.543,4.4,mb,55,70,2.512,0.8,us,us7000karq,2023-06-24T03:20:35.040Z,"269 km WNW of Houma, Tonga",earthquake,12.6,8.447,0.044,151,reviewed,us,us
2023-06-24T02:50:28.770Z,35.4883333,-118.2878333,3.94,2.29,ml,50,34,0.1296,0.14,ci,ci40493664,2023-06-25T15:58:26.880Z,"22km ESE of Bodfish, CA",earthquake,0.12,0.45,0.159,45,reviewed,ci,ci
2023-06-24T02:44:41.090Z,58.1765,-155.357666666667,1.98,0.55,ml,10,211,,0.16,av,av91935996,2023-06-26T18:25:44.890Z,"",earthquake,0.45,0.66,0.399615722089575,10,reviewed,av,av
2023-06-24T02:26:08.440Z,38.8326683,-122.8164978,1.63,0.2,md,9,87,0.01053,0.01,nc,nc73904451,2023-06-24T04:33:15.809Z,"8km NW of The Geysers, CA",earthquake,0.31,0.95,0.08,8,automatic,nc,nc
2023-06-24T01:54:24.087Z,63.2652,-150.5963,129.1,0.8,ml,,,,0.18,ak,ak02381fysjs,2023-06-24T01:56:38.712Z,"64 km ESE of Denali National Park, Alaska",earthquake,,1.9,,,automatic,ak,ak
2023-06-24T01:53:58.940Z,17.8996666666667,-66.8461666666667,16.5,2.17,md,8,233,0.08133,0.14,pr,pr71414473,2023-06-24T02:22:38.440Z,"Puerto Rico region",earthquake,0.75,0.94,0.138240967069912,6,reviewed,pr,pr
2023-06-24T01:52:16.330Z,38.8021667,-122.8081667,1.51,1.21,md,40,60,0.0116,0.03,nc,nc73904446,2023-06-26T18:17:18.781Z,"5km WNW of The Geysers, CA",earthquake,0.13,0.21,0.136,32,reviewed,nc,nc
2023-06-24T01:35:10.056Z,44.9604,-28.0419,10,4.9,mb,72,61,7.435,0.56,us,us7000kare,2023-06-24T01:55:11.040Z,"northern Mid-Atlantic Ridge",earthquake,10.64,1.875,0.032,313,reviewed,us,us
2023-06-24T01:34:47.270Z,51.8573333333333,-178.049833333333,-1.8,1.04,ml,5,104,,0.2,av,av91935966,2023-06-26T17:43:01.820Z,"97 km W of Adak, Alaska",earthquake,0.36,1.23,0.267281137741219,5,reviewed,av,av
2023-06-24T01:32:32.830Z,51.6211666666667,-178.609166666667,21.88,1.88,ml,6,271,,0.09,av,av91935961,2023-06-26T17:40:50.160Z,"139 km WSW of Adak, Alaska",earthquake,1.91,1.85,0.261161999796387,6,reviewed,av,av
2023-06-24T01:31:33.660Z,38.7813339,-122.7568359,1.11,0.83,md,8,90,0.01268,0.02,nc,nc73904441,2023-06-24T01:49:14.445Z,"0km N of The Geysers, CA",earthquake,0.69,1.45,0.22,8,automatic,nc,nc
2023-06-24T01:24:47.552Z,39.354,-119.9901,7.1,0.8,ml,13,115.31,0.071,0.1502,nn,nn00861664,2023-06-24T14:22:35.309Z,"5 km SSE of Floriston, California",earthquake,,1.6,0.43,6,reviewed,nn,nn
2023-06-24T01:20:39.200Z,38.7768326,-122.7276688,1.14,1.05,md,11,73,0.009539,0.04,nc,nc73904436,2023-06-24T01:37:18.368Z,"2km E of The Geysers, CA",earthquake,0.47,1.19,0.29,11,automatic,nc,nc
2023-06-24T01:14:53.390Z,19.2189998626709,-155.417495727539,34.0699996948242,1.85000002,md,32,153,,0.109999999,hv,hv73460197,2023-06-24T01:18:17.960Z,"6 km ENE of Pāhala, Hawaii",earthquake,0.64,0.959999979,1.64999998,10,automatic,hv,hv
2023-06-24T01:11:25.950Z,60.0121666666667,-153.108833333333,2.13,-0.64,ml,4,175,,0.08,av,av91935941,2023-06-26T17:33:39.000Z,"61 km ENE of Pedro Bay, Alaska",earthquake,0.45,1.54,0.134609256342223,4,reviewed,av,av
2023-06-24T01:03:57.990Z,38.8176651,-122.8241653,2.05,0.96,md,8,118,0.009618,0.01,nc,nc73904431,2023-06-24T01:28:16.318Z,"7km NW of The Geysers, CA",earthquake,0.54,1.1,0.21,9,automatic,nc,nc
2023-06-24T00:58:30.896Z,37.2731,141.9698,39.266,4.8,mwr,71,134,3.101,0.47,us,us7000kard,2023-06-24T01:50:00.040Z,"84 km E of Tomioka, Japan",earthquake,8.19,6.254,0.065,23,reviewed,us,us
2023-06-24T00:50:42.424Z,63.0501,-148.2184,0,0.9,ml,,,,1.14,ak,ak02381fcjhu,2023-06-24T00:52:42.824Z,"52 km SE of Cantwell, Alaska",earthquake,,0.5,,,automatic,ak,ak
2023-06-24T00:46:04.885Z,64.0334,-148.7836,5.2,0.9,ml,,,,0.22,ak,ak02381fblqg,2023-06-24T00:47:53.374Z,"Central Alaska",earthquake,,0.6,,,automatic,ak,ak
2023-06-24T00:41:14.796Z,62.5571,-152.0551,4.7,1,ml,,,,0.65,ak,ak02381fajx3,2023-06-24T00:42:51.534Z,"Central Alaska",earthquake,,0.4,,,automatic,ak,ak
2023-06-24T00:36:39.320Z,40.7773333,-123.6118333,30.49,2.12,md,34,58,0.1337,0.11,nc,nc73904426,2023-06-26T04:38:13.072Z,"18km S of Willow Creek, CA",earthquake,0.33,0.56,0.216,35,reviewed,nc,nc
2023-06-24T00:17:48.890Z,51.8595,-178.048833333333,-1.8,1.06,ml,5,99,,0.16,av,av91935901,2023-06-26T17:21:17.400Z,"97 km W of Adak, Alaska",earthquake,0.3,1.06,0.197582104487257,4,reviewed,av,av
2023-06-24T00:16:02.017Z,64.0245,-150.4071,3.2,2.4,ml,,,,0.54,ak,ak02381f5615,2023-06-25T00:28:01.680Z,"63 km W of Ferry, Alaska",earthquake,,0.2,,,automatic,ak,ak
2023-06-24T00:07:11.430Z,39.1428333,-122.8376667,6.87,1.34,md,15,91,0.01892,0.1,nc,nc73904421,2023-06-25T08:26:13.065Z,"2km NNE of Nice, CA",earthquake,0.32,0.4,0.142,15,reviewed,nc,nc
2023-06-24T00:03:35.150Z,40.5191667,-124.4058333,18.66,1.83,md,24,204,0.06792,0.11,nc,nc73904416,2023-06-25T06:18:13.197Z,"14km WSW of Ferndale, CA",earthquake,0.56,0.31,0.062,12,reviewed,nc,nc
2023-06-23T23:58:37.330Z,51.8565,-178.0365,-1.79,0.74,ml,4,128,,0.28,av,av91935886,2023-06-24T09:25:41.500Z,"Andreanof Islands, Aleutian Islands, Alaska",earthquake,0.57,2.19,0.416117256372315,4,reviewed,av,av
2023-06-23T23:50:32.630Z,33.8683333,-117.4995,-0.44,1.11,ml,26,47,0.05175,0.22,ci,ci40493632,2023-06-26T19:33:39.351Z,"2km ESE of Home Gardens, CA",quarry blast,0.46,31.61,0.141,14,reviewed,ci,ci
2023-06-23T23:34:26.850Z,19.2686672210693,-155.047668457031,40.2700004577637,2.36,ml,46,202,,0.109999999,hv,hv73460182,2023-06-23T23:49:10.040Z,"Island of Hawaii, Hawaii",earthquake,0.72,0.449999988,2.09,16,automatic,hv,hv
2023-06-23T23:32:11.310Z,19.1748332977295,-155.495162963867,31.9899997711182,1.75,md,21,250,,0.100000001,hv,hv73460177,2023-06-23T23:35:24.310Z,"",earthquake,1,1.42999995,0.870000005,3,automatic,hv,hv
2023-06-23T23:27:29.150Z,35.6413333,-117.5991667,10.75,0.83,ml,19,73,0.1243,0.16,ci,ci40493616,2023-06-26T19:28:10.195Z,"7km ENE of Ridgecrest, CA",earthquake,0.28,0.74,0.128,7,reviewed,ci,ci
2023-06-23T23:26:19.060Z,19.2178325653076,-155.421005249023,35.6300010681152,1.85000002,md,24,152,,0.100000001,hv,hv73460172,2023-06-23T23:29:26.150Z,"6 km ENE of Pāhala, Hawaii",earthquake,0.92,0.670000017,0.920000017,3,automatic,hv,hv
2023-06-23T23:22:57.110Z,60.0463333333333,-153.095166666667,-1.08,-0.02,ml,4,213,,0.09,av,av91935866,2023-06-24T09:22:30.220Z,"63 km ENE of Pedro Bay, Alaska",earthquake,0.5,3.1,0.289109667892295,4,reviewed,av,av
2023-06-23T23:19:31.060Z,58.1786666666667,-155.342666666667,3.46,1.44,ml,10,207,,0.1,av,av91935856,2023-06-24T09:28:47.300Z,"85 km NW of Karluk, Alaska",earthquake,0.4,1.05,0.36359821105257,11,reviewed,av,av
2023-06-23T23:19:14.840Z,59.8243,-151.5279,52.3,2.6,ml,,,,0.86,ak,ak023805bgju,2023-06-24T03:08:43.566Z,"4 km ENE of Nikolaevsk, Alaska",earthquake,,0.3,,,reviewed,ak,ak
2023-06-23T23:16:32.450Z,38.8465004,-122.8136673,1.31,0.98,md,16,54,0.01111,0.02,nc,nc73904396,2023-06-24T00:05:18.831Z,"8km WNW of Cobb, CA",earthquake,0.22,0.4,0.21,20,automatic,nc,nc
2023-06-23T23:06:27.190Z,58.174,-155.315666666667,2.44,0.78,ml,10,204,,0.14,av,av91935841,2023-06-24T09:18:17.830Z,"",earthquake,0.35,0.43,0.346600709845465,10,reviewed,av,av
2023-06-23T23:05:54.634Z,-15.3674,-177.3345,25.361,5.6,mww,63,47,1.299,0.57,us,us7000kar4,2023-06-26T18:16:40.040Z,"143 km SE of Alo, Wallis and Futuna",earthquake,8.45,4.472,0.098,10,reviewed,us,us
2023-06-23T23:03:53.950Z,51.8413333333333,-178.049166666667,3.64,1.07,ml,5,143,,0.12,av,av91935831,2023-06-24T09:12:08.650Z,"97 km W of Adak, Alaska",earthquake,0.35,0.5,0.201112622925789,5,reviewed,av,av
2023-06-23T22:52:35.810Z,51.8501666666667,-178.045666666667,2.18,1.91,ml,6,109,,0.15,av,av91108503,2023-06-24T09:14:28.610Z,"",earthquake,0.36,0.81,0.247853232052838,6,reviewed,av,av
2023-06-23T22:52:09.940Z,51.8495,-178.045166666667,1.95,1.89,ml,6,108,,0.16,av,av91935826,2023-06-24T09:09:45.970Z,"97 km W of Adak, Alaska",earthquake,0.38,0.82,0.293954739354182,6,reviewed,av,av
2023-06-23T22:48:34.530Z,37.2981667,-121.614,5.64,1.01,md,14,68,0.04901,0.07,nc,nc73904391,2023-06-24T05:16:15.039Z,"19km N of Morgan Hill, CA",earthquake,0.26,0.59,0.139,13,reviewed,nc,nc
2023-06-23T22:35:27.070Z,51.8503333333333,-178.054666666667,-1.8,1.02,ml,5,125,,0.18,av,av91935821,2023-06-24T09:05:49.860Z,"97 km W of Adak, Alaska",earthquake,0.37,1.28,0.33751288246323,5,reviewed,av,av
2023-06-23T22:33:21.840Z,38.8066673,-122.791832,1.66,0.78,md,11,98,0.003007,0.01,nc,nc73904386,2023-06-23T23:44:14.702Z,"4km NW of The Geysers, CA",earthquake,0.37,0.67,0.08,12,automatic,nc,nc
2023-06-23T22:19:14.218Z,46.3272,-116.92,10,2.3,ml,18,100,0.382,0.66,us,us7000kaqv,2023-06-26T04:43:43.341Z,"7 km SE of Lewiston Orchards, Idaho",earthquake,2.08,1.784,0.051,50,reviewed,us,us
2023-06-23T22:04:28.569Z,58.9752,-154.2075,130.9,2.6,ml,,,,0.43,ak,ak023804mube,2023-06-23T22:22:15.040Z,"61 km SSE of Kokhanok, Alaska",earthquake,,0.5,,,automatic,ak,ak
2023-06-23T21:58:55.160Z,38.8176651,-122.8228302,2.19,0.77,md,10,69,0.01009,0.02,nc,nc73904381,2023-06-23T22:00:29.100Z,"7km NW of The Geysers, CA",earthquake,0.35,0.96,0.14,11,automatic,nc,nc
2023-06-23T21:52:29.930Z,51.8563333333333,-178.044833333333,-1.8,0.81,ml,5,98,,0.22,av,av91935776,2023-06-24T08:58:37.760Z,"97 km W of Adak, Alaska",earthquake,0.39,1.4,0.402901671978545,5,reviewed,av,av
2023-06-23T21:51:06.584Z,56.8058,-155.8887,10.9,2.2,ml,,,,0.35,ak,ak023804bgag,2023-06-23T21:53:28.111Z,"105 km W of Akhiok, Alaska",earthquake,,0.4,,,automatic,ak,ak
2023-06-23T21:48:25.398Z,44.9352,-28.0822,10,5.6,mww,117,46,7.418,0.49,us,us7000kaqm,2023-06-24T21:52:49.173Z,"northern Mid-Atlantic Ridge",earthquake,9.13,1.8,0.03,105,reviewed,us,us
2023-06-23T21:36:59.920Z,17.9686666666667,-66.8291666666667,14.42,2.23,md,6,205,0.0481,0.08,pr,pr71414468,2023-06-23T21:58:11.220Z,"3 km SSW of Indios, Puerto Rico",earthquake,0.69,0.6,0.144064566704364,5,reviewed,pr,pr
2023-06-23T21:32:48.524Z,63.5637,-150.8485,12.4,0.9,ml,,,,0.8,ak,ak0238047gac,2023-06-23T21:34:44.165Z,"43 km E of Denali National Park, Alaska",earthquake,,0.2,,,automatic,ak,ak
2023-06-23T21:17:47.956Z,36.2137,-115.534,8.9,1.6,ml,14,184.42,0.565,0.226,nn,nn00861649,2023-06-23T22:23:38.136Z,"Nevada",earthquake,,7.2,0.18,8,reviewed,nn,nn
2023-06-23T21:14:21.030Z,46.7753333333333,-112.4055,5.46,0.58,ml,5,139,0.05853,0.03,mb,mb90019518,2023-06-23T22:51:50.130Z,"Western Montana",earthquake,2.43,2.4,0.0687336379009173,2,reviewed,mb,mb
2023-06-23T21:13:09.520Z,51.8518333333333,-178.036,-1.8,1,ml,6,86,,0.24,av,av91935746,2023-06-24T08:55:15.860Z,"Andreanof Islands, Aleutian Islands, Alaska",earthquake,0.41,1.59,0.245608960326673,6,reviewed,av,av
2023-06-23T21:11:50.130Z,49.36533333333333,-120.522,-0.51,1.94,ml,7,216,0.588,0.15,uw,uw61926637,2023-06-24T04:55:08.580Z,"10 km S of Princeton, Canada",explosion,1.56,31.61,0.17936896045845208,6,reviewed,uw,uw
2023-06-23T21:07:24.250Z,38.8370018,-122.8016663,2.01,0.73,md,12,63,0.008953,0.02,nc,nc73904371,2023-06-23T21:09:00.089Z,"7km WNW of Cobb, CA",earthquake,0.3,1.09,0.3,14,automatic,nc,nc
2023-06-23T21:07:01.790Z,38.8380013,-122.793335,2,0.7,md,10,80,0.002371,0.01,nc,nc73904366,2023-06-23T22:06:16.141Z,"6km WNW of Cobb, CA",earthquake,0.41,1.14,0.09,10,automatic,nc,nc
2023-06-23T21:01:50.910Z,38.8318333,-122.8166667,1.71,1.28,md,34,52,0.009875,0.03,nc,nc73904361,2023-06-24T07:07:15.701Z,"8km NW of The Geysers, CA",earthquake,0.14,0.23,0.119,30,reviewed,nc,nc
2023-06-23T20:59:10.303Z,62.5321,-149.3674,2.3,3,ml,,,,0.77,ak,ak023803rpyq,2023-06-23T21:14:34.040Z,"Central Alaska",earthquake,,0.4,,,automatic,ak,ak
2023-06-23T20:55:22.020Z,52.0728333333333,-176.168166666667,3.27,0.15,ml,5,166,,0.28,av,av91935736,2023-06-24T09:34:40.280Z,"38 km NE of Adak, Alaska",earthquake,1.27,1.65,0.237821764106392,5,reviewed,av,av
2023-06-23T20:49:40.369Z,37.296,-117.5733,0,1.1,ml,8,166.87,0.086,0.1169,nn,nn00861647,2023-06-23T22:08:07.875Z,"51 km S of Silver Peak, Nevada",earthquake,,4.4,0.33,4,reviewed,nn,nn
2023-06-23T20:30:42.900Z,38.8348351,-122.8034973,2,1.1,md,20,56,0.01087,0.01,nc,nc73904351,2023-06-24T00:08:13.847Z,"7km WNW of Cobb, CA",earthquake,0.21,0.44,0.16,21,automatic,nc,nc
2023-06-23T20:27:35.940Z,46.8751666666667,-112.544833333333,13.59,0.64,ml,8,121,0.06235,0.05,mb,mb90019488,2023-06-23T22:44:57.290Z,"Western Montana",earthquake,0.32,0.54,0.359607521802092,2,reviewed,mb,mb
2023-06-23T20:27:34.270Z,51.8566666666667,-178.056666666667,-1.8,1.4,ml,6,113,,0.15,av,av91935716,2023-06-24T08:51:49.540Z,"",earthquake,0.3,0.99,0.177389458037334,6,reviewed,av,av
2023-06-23T20:08:37.714Z,64.3121,-148.0302,17,1,ml,,,,1.02,ak,ak023803gunv,2023-06-23T20:10:35.929Z,"56 km E of Anderson, Alaska",earthquake,,0.3,,,automatic,ak,ak
2023-06-23T20:07:33.245Z,38.2644,-116.677,10,2.2,ml,9,157.81,0.693,0.2395,nn,nn00861642,2023-06-24T14:53:43.425Z,"53 km ENE of Tonopah, Nevada",earthquake,,0,0.31,6,reviewed,nn,nn
2023-06-23T20:01:39.530Z,58.2646666666667,-155.078,6,-0.06,ml,5,106,,0.15,av,av91935691,2023-06-24T08:47:52.710Z,"85 km NNW of Karluk, Alaska",earthquake,0.44,0.8,0.257427229070091,5,reviewed,av,av
2023-06-23T19:55:08.010Z,46.8353333333333,-111.599,3.8,0.96,ml,16,160,0.3154,0.14,mb,mb90019553,2023-06-23T22:15:39.810Z,"30 km ENE of Helena Valley Northeast, Montana",earthquake,0.47,2.32,0.0851718020804166,3,reviewed,mb,mb
2023-06-23T19:54:06.864Z,63.3554,-145.5333,0,1.2,ml,,,,0.85,ak,ak02380357m6,2023-06-23T19:56:08.401Z,"29 km N of Paxson, Alaska",earthquake,,0.3,,,automatic,ak,ak
2023-06-23T19:49:16.720Z,58.2626666666667,-155.081833333333,31.9,-0.16,ml,6,106,,0.11,av,av91108493,2023-06-24T08:30:25.700Z,"85 km NNW of Karluk, Alaska",earthquake,0.71,1.11,0.195660171706888,6,reviewed,av,av
2023-06-23T19:38:31.536Z,58.2565,-155.0718,2.9,0.7,ml,,,,0.12,ak,ak0238031u29,2023-06-24T08:22:47.540Z,"84 km NNW of Karluk, Alaska",earthquake,,0.7,,,automatic,ak,ak
2023-06-23T19:34:33.969Z,63.1569,-147.6692,9.2,1.7,ml,,,,0.63,ak,ak0238030zdw,2023-06-23T19:37:03.798Z,"69 km ESE of Cantwell, Alaska",earthquake,,0.2,,,automatic,ak,ak
2023-06-23T19:32:05.180Z,51.8543333333333,-178.0475,-1.8,2,ml,6,105,,0.15,av,av91935656,2023-06-24T08:18:20.420Z,"97 km W of Adak, Alaska",earthquake,0.3,1.01,0.248975831310344,6,reviewed,av,av
2023-06-23T19:31:17.390Z,58.2641666666667,-155.072166666667,31.27,0.2,ml,6,151,,0.16,av,av91935651,2023-06-24T07:53:59.030Z,"Alaska Peninsula",earthquake,0.89,1,0.181783292508723,6,reviewed,av,av
2023-06-23T19:28:41.490Z,58.2486666666667,-155.133666666667,31.39,0.06,ml,9,98,,0.15,av,av91108478,2023-06-24T07:17:24.850Z,"85 km NNW of Karluk, Alaska",earthquake,0.76,0.88,0.125961238615508,8,reviewed,av,av
2023-06-23T19:28:29.020Z,47.17,-119.21733333333333,-0.47,0.72,md,4,110,0.2061,0.15,uw,uw61926592,2023-06-24T05:11:43.370Z,"6 km NE of Moses Lake, Washington",explosion,0.57,31.61,0.23377338203447984,3,reviewed,uw,uw
2023-06-23T19:28:06.467Z,61.0355,-146.0853,20.7,3.1,ml,,,,0.64,ak,ak023802zmy7,2023-06-23T20:25:28.040Z,"17 km SE of Valdez, Alaska",earthquake,,0.3,,,automatic,ak,ak
2023-06-23T19:27:53.190Z,58.2468333333333,-155.154166666667,32.68,0.33,ml,11,106,,0.22,av,av91108473,2023-06-24T07:06:00.990Z,"",earthquake,0.6,0.99,0.31660997578456,12,reviewed,av,av
2023-06-23T19:26:32.350Z,42.42816666666667,-123.23366666666666,-1.1,1.3800000000000001,ml,6,97,0.134,0.38,uw,uw61926587,2023-06-24T05:02:01.650Z,"5 km W of Rogue River, Oregon",explosion,1.55,31.61,0.14424501631463205,3,reviewed,uw,uw
2023-06-23T19:25:38.743Z,31.60940367,-103.9622129,7.481237793,2.1,ml,24,54,0.04058100148,0.2,tx,tx2023mfon,2023-06-27T14:31:56.321Z,"36 km WSW of Mentone, Texas",earthquake,0.5010729359,0.574616441,0.2,13,reviewed,tx,tx
2023-06-23T19:24:54.670Z,51.8538333333333,-178.048,-1.8,1.07,ml,5,106,,0.16,av,av91935641,2023-06-24T08:15:32.680Z,"97 km W of Adak, Alaska",earthquake,0.34,1.19,0.30459497583999,5,reviewed,av,av
2023-06-23T19:23:08.420Z,33.845,-117.4821667,2.91,1.44,ml,41,51,0.04139,0.18,ci,ci40493368,2023-06-26T19:17:53.970Z,"5km SE of Home Gardens, CA",quarry blast,0.24,0.35,0.183,22,reviewed,ci,ci
2023-06-23T19:22:42.240Z,58.1841666666667,-155.287,3.44,0.27,ml,6,232,,0.15,av,av91108453,2023-06-24T04:33:13.850Z,"84 km NW of Karluk, Alaska",earthquake,0.81,1.9,0.248125982638063,6,reviewed,av,av
2023-06-23T19:22:22.290Z,58.2583333333333,-155.081333333333,4.72,0.3,ml,12,104,,0.17,av,av91935626,2023-06-24T04:31:16.030Z,"",earthquake,0.28,0.54,0.158846780148892,12,reviewed,av,av
2023-06-23T19:13:53.206Z,63.5591,-150.7141,1.4,1.3,ml,,,,0.98,ak,ak023802wiu0,2023-06-23T19:16:16.157Z,"50 km E of Denali National Park, Alaska",earthquake,,0.3,,,automatic,ak,ak
2023-06-23T19:12:41.490Z,36.5456667,-121.1246667,3.13,1.03,md,14,123,0.02142,0.08,nc,nc73904336,2023-06-23T22:39:28.050Z,"2km NE of Pinnacles, CA",earthquake,0.32,0.33,0.189,13,reviewed,nc,nc
2023-06-23T19:11:17.988Z,44.9368,-27.8596,10,4.7,mb,14,77,7.378,0.66,us,us7000kapm,2023-06-23T19:51:23.040Z,"",earthquake,10.73,1.912,0.175,10,reviewed,us,us
2023-06-23T19:10:00.662Z,61.4848,-149.987,21.5,2.9,ml,,,,0.86,ak,ak023802vroc,2023-06-24T05:55:01.710Z,"4 km SSW of Big Lake, Alaska",earthquake,,0.4,,,automatic,ak,ak
2023-06-23T19:08:49.811Z,44.9575,-28.039,10,5.2,mb,47,74,7.432,0.59,us,us7000kape,2023-06-23T19:24:13.040Z,"northern Mid-Atlantic Ridge",earthquake,6.25,1.854,0.045,163,reviewed,us,us
2023-06-23T19:07:39.032Z,20.9731,108.9109,12.62,4.6,mb,45,61,3.808,0.71,us,us7000kapb,2023-06-23T19:45:04.040Z,"60 km SSW of Beihai, China",earthquake,3.92,4.776,0.091,36,reviewed,us,us
2023-06-23T19:06:11.825Z,-15.2313,-173.0091,10,5.6,mww,101,42,2.56,1.42,us,us7000kap9,2023-06-24T19:09:53.117Z,"116 km NE of Hihifo, Tonga",earthquake,6.63,1.781,0.098,10,reviewed,us,us
2023-06-23T19:02:38.970Z,46.008,-112.468666666667,-2,1.84,ml,11,112,0.05981,0.05,mb,mb90019448,2023-06-23T21:00:54.060Z,"5 km E of Butte, Montana",quarry blast,0.36,31.61,0.162650161037984,14,reviewed,mb,mb
2023-06-23T19:00:14.900Z,33.971,-116.9801667,15.85,0.66,ml,18,73,0.1277,0.11,ci,ci40493336,2023-06-26T19:06:21.793Z,"5km N of Beaumont, CA",earthquake,0.25,0.79,0.133,10,reviewed,ci,ci
2023-06-23T18:57:17.710Z,33.6751667,-116.7405,14.03,0.61,ml,19,80,0.04209,0.12,ci,ci40493328,2023-06-23T22:17:07.826Z,"8km SSW of Idyllwild, CA",earthquake,0.31,0.43,0.097,13,reviewed,ci,ci
2023-06-23T18:57:05.166Z,63.5634,-150.732,1.1,0.9,ml,,,,0.9,ak,ak023802kf0i,2023-06-23T18:59:20.227Z,"49 km E of Denali National Park, Alaska",earthquake,,0.2,,,automatic,ak,ak
2023-06-23T18:57:01.320Z,51.8506666666667,-178.048333333333,-1.77,1.29,ml,6,113,,0.24,av,av91935606,2023-06-24T08:11:24.060Z,"97 km W of Adak, Alaska",earthquake,0.43,1.43,0.330331221129165,6,reviewed,av,av
2023-06-23T18:53:43.690Z,19.1456661224365,-155.47883605957,29.1800003051758,2.26999998,md,24,174,,0.140000001,hv,hv73459867,2023-06-23T18:56:53.190Z,"6 km S of Pāhala, Hawaii",earthquake,1.1,1.26999998,2.26999998,4,automatic,hv,hv
2023-06-23T18:52:31.700Z,36.538,-121.145,2.65,2.84,md,57,115,,0.11,nc,nc73904321,2023-06-24T00:55:12.136Z,"1km NNW of Pinnacles, CA",earthquake,0.17,0.28,0.103,104,reviewed,nc,nc
2023-06-23T18:52:21.600Z,19.1695003509521,-155.484664916992,32.189998626709,2,ml,41,162,,0.109999999,hv,hv73459857,2023-06-23T18:57:53.210Z,"3 km S of Pāhala, Hawaii",earthquake,0.55,0.850000024,3.59,6,automatic,hv,hv
2023-06-23T18:52:09.253Z,63.2966,-151.52,15.5,1.6,ml,,,,1.03,ak,ak023802jcq3,2023-06-23T18:54:39.678Z,"29 km SSE of Denali National Park, Alaska",earthquake,,0.4,,,automatic,ak,ak
2023-06-23T18:51:48.110Z,63.5969,-150.8726,0.7,1.4,ml,,,,1.81,ak,ak023802j828,2023-06-23T20:02:01.573Z,"42 km E of Denali National Park, Alaska",earthquake,,0.6,,,reviewed,ak,ak
2023-06-23T18:50:47.290Z,38.7798347,-122.7574997,1.28,0.96,md,12,66,0.01115,0.02,nc,nc73904316,2023-06-23T19:22:16.106Z,"0km NNW of The Geysers, CA",earthquake,0.26,0.49,0.19,12,automatic,nc,nc
2023-06-23T18:46:06.270Z,19.1735000610352,-155.488159179688,31.5900001525879,2.82,ml,47,96,,0.129999995,hv,hv73459847,2023-06-24T02:52:30.656Z,"3 km SSW of Pāhala, Hawaii",earthquake,0.53,0.850000024,2.72,30,automatic,hv,hv
2023-06-23T18:45:21.780Z,35.724,-98.01333333,7,1.75,ml,32,96,0.1763653911,0.23,ok,ok2023mfne,2023-06-27T12:54:45.659Z,"3 km W of Okarche, Oklahoma",earthquake,,0.7,0.2,8,reviewed,ok,ok
2023-06-23T18:41:37.420Z,37.551,-121.9458333,4.88,1.34,md,30,52,0.01131,0.08,nc,nc73904311,2023-06-24T02:31:14.701Z,"3km ENE of Fremont, CA",earthquake,0.2,0.17,0.118,22,reviewed,nc,nc
2023-06-23T18:36:51.790Z,51.8555,-178.056333333333,-1.8,1.36,ml,6,115,,0.16,av,av91935591,2023-06-24T08:08:07.930Z,"97 km W of Adak, Alaska",earthquake,0.32,1.19,0.283435532676912,6,reviewed,av,av
2023-06-23T18:36:07.360Z,60.0428333333333,-153.091833333333,-0.94,-0.16,ml,4,200,,0.06,av,av91935586,2023-06-24T08:05:58.200Z,"63 km ENE of Pedro Bay, Alaska",earthquake,0.41,2.45,0.177292513526096,3,reviewed,av,av
2023-06-23T18:32:13.320Z,33.039,-116.4288333,8,0.7,ml,17,111,0.06873,0.14,ci,ci40493296,2023-06-26T19:00:04.892Z,"17km ESE of Julian, CA",earthquake,0.26,0.61,0.143,8,reviewed,ci,ci
2023-06-23T18:26:50.571Z,61.0078,-146.6026,8.4,1.2,ml,,,,1.07,ak,ak023802dvbc,2023-06-23T18:28:57.650Z,"16 km NNE of Tatitlek, Alaska",earthquake,,0.2,,,automatic,ak,ak
2023-06-23T18:25:22.390Z,51.851,-178.040833333333,-1.8,1.08,ml,6,97,,0.14,av,av91935576,2023-06-24T06:02:35.890Z,"Andreanof Islands, Aleutian Islands, Alaska",earthquake,0.26,0.91,0.217369133577567,6,reviewed,av,av
2023-06-23T18:21:48.560Z,51.8555,-178.047666666667,-1.8,1.41,ml,6,104,,0.22,av,av91935566,2023-06-24T07:32:06.020Z,"Andreanof Islands, Aleutian Islands, Alaska",earthquake,0.37,1.23,0.230090860588446,6,reviewed,av,av
2023-06-23T18:18:11.470Z,51.8535,-178.049,-1.77,1.1,ml,6,109,,0.25,av,av91935561,2023-06-24T07:50:22.950Z,"Andreanof Islands, Aleutian Islands, Alaska",earthquake,0.46,1.42,0.342440464901735,6,reviewed,av,av
2023-06-23T18:14:49.380Z,51.8541666666667,-178.047,-1.8,2.09,ml,6,104,,0.18,av,av91935556,2023-06-24T07:45:25.040Z,"97 km W of Adak, Alaska",earthquake,0.33,1.11,0.208236056412366,6,reviewed,av,av
2023-06-23T18:13:50.200Z,51.8518333333333,-178.0415,-1.76,1.33,ml,6,97,,0.15,av,av91935551,2023-06-24T09:32:28.460Z,"96 km W of Adak, Alaska",earthquake,0.34,1.01,0.225035028279607,6,reviewed,av,av
2023-06-23T18:12:53.390Z,51.8525,-178.046333333333,-1.8,2.05,ml,6,106,,0.17,av,av91935546,2023-06-24T07:19:41.830Z,"97 km W of Adak, Alaska",earthquake,0.32,1.05,0.266217072525707,6,reviewed,av,av
2023-06-23T18:11:40.986Z,63.593,-150.7137,8.2,1.9,ml,,,,0.83,ak,ak023802amuq,2023-06-23T18:13:48.749Z,"50 km E of Denali National Park, Alaska",earthquake,,0.3,,,automatic,ak,ak
2023-06-23T18:11:20.230Z,51.845,-178.050666666667,2.76,2.51,ml,8,115,,0.21,av,av91935541,2023-06-24T06:54:03.260Z,"97 km W of Adak, Alaska",earthquake,0.43,0.4,0.239056933609741,8,reviewed,av,av
2023-06-23T17:59:17.330Z,45.970166666666664,-121.352,0.21,1.8900000000000001,ml,9,239,0.1135,0.4,uw,uw61926562,2023-06-23T18:42:10.600Z,"13 km ESE of Trout Lake, Washington",earthquake,2.08,32.23,0.1559273826368488,4,reviewed,uw,uw
2023-06-23T17:58:46.000Z,58.243,-155.117,6.64,0.56,ml,9,95,,0.19,av,av91935536,2023-06-24T04:00:16.560Z,"84 km NNW of Karluk, Alaska",earthquake,0.45,0.82,0.291308515677669,9,reviewed,av,av
2023-06-23T17:58:06.580Z,58.2716666666667,-155.132833333333,30.99,0.06,ml,9,92,,0.14,av,av91108448,2023-06-24T04:11:21.130Z,"87 km NNW of Karluk, Alaska",earthquake,0.49,0.85,0.317664110412892,9,reviewed,av,av
2023-06-23T17:56:15.097Z,60.8292,-150.51,58.4,1.4,ml,,,,0.37,ak,ak023801ysh1,2023-06-23T17:59:01.264Z,"Kenai Peninsula, Alaska",earthquake,,1.4,,,automatic,ak,ak
2023-06-23T17:56:13.670Z,33.5926667,-116.8073333,4.4,0.64,ml,22,75,0.0361,0.12,ci,ci40493248,2023-06-26T18:37:35.836Z,"13km WNW of Anza, CA",earthquake,0.2,0.27,0.128,13,reviewed,ci,ci
2023-06-23T17:41:39.054Z,58.2312,-155.1172,3,0.9,ml,,,,0.16,ak,ak023801vmkx,2023-06-23T17:43:26.724Z,"83 km NNW of Karluk, Alaska",earthquake,,0.9,,,automatic,ak,ak
2023-06-23T17:39:13.508Z,45.8086,143.1243,317.625,5.6,mww,132,58,1.178,0.95,us,us7000kane,2023-06-24T17:44:48.150Z,"94 km NE of Hamatonbetsu, Japan",earthquake,8.74,5.678,0.055,32,reviewed,us,us
2023-06-23T17:31:58.770Z,38.78,-122.7113333,2.18,0.49,md,24,60,0.007982,0.03,nc,nc73904301,2023-06-23T20:11:18.400Z,"2km WNW of Anderson Springs, CA",earthquake,0.24,0.38,0.154,17,reviewed,nc,nc
2023-06-23T17:29:57.680Z,37.6365,-119.0453333,-0.16,0.36,md,7,148,0.01437,0.06,nc,nc73904296,2023-06-23T23:33:15.638Z,"6km W of Mammoth Lakes, CA",earthquake,0.35,0.64,0.235,7,reviewed,nc,nc
2023-06-23T17:29:31.136Z,58.2287,-155.1239,6.3,0.8,ml,,,,0.14,ak,ak023801t1dl,2023-06-24T06:14:11.530Z,"83 km NNW of Karluk, Alaska",earthquake,,0.7,,,automatic,ak,ak
2023-06-23T17:29:10.560Z,58.2353333333333,-155.113333333333,7.31,0.25,ml,8,97,,0.25,av,av91935491,2023-06-24T06:09:49.150Z,"83 km NNW of Karluk, Alaska",earthquake,0.51,1.14,0.388231576589553,8,reviewed,av,av
2023-06-23T17:26:21.290Z,58.2411666666667,-155.110333333333,6.47,0.51,ml,9,93,,0.17,av,av91935486,2023-06-24T06:06:27.110Z,"84 km NNW of Karluk, Alaska",earthquake,0.44,0.77,0.376480433468756,9,reviewed,av,av
2023-06-23T17:11:49.470Z,51.8511666666667,-178.042833333333,-1.8,1.4,ml,6,101,,0.14,av,av91935466,2023-06-24T04:38:56.600Z,"97 km W of Adak, Alaska",earthquake,0.28,0.92,0.166876630360913,6,reviewed,av,av
2023-06-23T17:10:36.110Z,51.8558333333333,-178.0435,-1.8,1.16,ml,6,96,,0.22,av,av91935461,2023-06-24T04:36:44.880Z,"97 km W of Adak, Alaska",earthquake,0.39,1.34,0.254427075571314,6,reviewed,av,av
2023-06-23T17:08:40.500Z,58.1863333333333,-155.3135,2.53,0.45,ml,7,196,,0.1,av,av91935456,2023-06-24T03:12:06.600Z,"Alaska Peninsula",earthquake,0.49,0.39,0.307568784615919,7,reviewed,av,av
2023-06-23T17:06:44.560Z,58.2558333333333,-155.1385,4.15,0.33,ml,11,95,,0.26,av,av91935451,2023-06-24T01:33:39.430Z,"86 km NNW of Karluk, Alaska",earthquake,0.46,0.79,0.220136026181021,11,reviewed,av,av
2023-06-23T17:04:48.710Z,58.2516666666667,-155.154166666667,33.06,0.63,ml,11,103,,0.13,av,av91108413,2023-06-24T02:04:44.330Z,"",earthquake,0.44,0.74,0.219833712803681,11,reviewed,av,av
2023-06-23T17:04:48.650Z,58.2655,-155.125,33.52,0.64,ml,12,86,,0.18,av,av91108408,2023-06-24T01:28:17.680Z,"87 km NNW of Karluk, Alaska",earthquake,0.55,0.86,0.219028878967426,11,reviewed,av,av
2023-06-23T17:04:21.230Z,58.2623333333333,-155.148666666667,33.44,0.51,ml,11,93,,0.15,av,av91935446,2023-06-24T01:02:36.730Z,"87 km NNW of Karluk, Alaska",earthquake,0.52,0.81,0.273772374605298,11,reviewed,av,av
2023-06-23T16:55:45.177Z,31.60838003,-103.9588464,7.674047852000001,2,ml,17,55,0.05154048909,0.1,tx,tx2023mfjn,2023-06-23T17:54:49.816Z,"35 km WSW of Mentone, Texas",earthquake,0.6231159256999999,0.7756655722,0.2,13,reviewed,tx,tx
2023-06-23T16:50:25.255Z,36.5913,-116.269,6.9,-0.4,ml,9,131.7,0.078,0.0759,nn,nn00861630,2023-06-23T19:15:17.208Z,"49 km NNW of Pahrump, Nevada",earthquake,,2.6,0.09,3,reviewed,nn,nn
2023-06-23T16:46:05.750Z,19.2313327789307,-155.417831420898,35.189998626709,2.05,ml,43,146,,0.109999999,hv,hv73459757,2023-06-23T16:51:36.180Z,"7 km ENE of Pāhala, Hawaii",earthquake,0.53,0.689999998,0.65,8,automatic,hv,hv
2023-06-23T16:44:36.700Z,58.1916666666667,-155.285,2.92,0.09,ml,6,185,,0.07,av,av91935436,2023-06-24T04:20:49.170Z,"85 km NW of Karluk, Alaska",earthquake,0.47,1.37,0.275163723671785,6,reviewed,av,av
2023-06-23T16:41:44.520Z,38.8153333,-122.8241667,2.37,1.42,md,43,44,0.00755,0.04,nc,nc73904286,2023-06-23T23:37:15.659Z,"7km NW of The Geysers, CA",earthquake,0.14,0.18,0.151,40,reviewed,nc,nc
2023-06-23T16:41:42.780Z,38.787,-122.7438333,1.94,0.67,md,11,193,0.006707,0.02,nc,nc71130744,2023-06-23T20:57:15.702Z,"2km NE of The Geysers, CA",earthquake,0.57,0.34,0.237,4,reviewed,nc,nc
2023-06-23T16:38:18.320Z,58.2581666666667,-155.133833333333,6.02,0.25,ml,9,91,,0.22,av,av91935421,2023-06-24T04:16:16.190Z,"86 km NNW of Karluk, Alaska",earthquake,0.52,0.81,0.271810479521645,9,reviewed,av,av
2023-06-23T16:37:36.080Z,51.8561666666667,-178.047666666667,-1.8,1.33,ml,6,102,,0.23,av,av91935426,2023-06-24T04:13:23.010Z,"97 km W of Adak, Alaska",earthquake,0.39,1.29,0.24515737717444,6,reviewed,av,av
2023-06-23T16:32:59.470Z,40.5768333,-124.2053333,16.62,1.49,md,17,164,0.1428,0.12,nc,nc73904281,2023-06-24T02:04:16.539Z,"5km WSW of Fortuna, CA",earthquake,0.49,0.85,0.081,10,reviewed,nc,nc
2023-06-23T16:24:29.380Z,37.6326667,-119.0476667,-2.48,0.32,md,5,144,0.01793,0.02,nc,nc73904276,2023-06-23T23:01:14.467Z,"6km W of Mammoth Lakes, CA",earthquake,0.3,5.26,0.114,5,reviewed,nc,nc
2023-06-23T16:19:35.120Z,51.8546666666667,-178.037666666667,-1.8,1.47,ml,6,86,,0.28,av,av91935416,2023-06-24T03:57:30.670Z,"Andreanof Islands, Aleutian Islands, Alaska",earthquake,0.45,1.6,0.300539451200271,6,reviewed,av,av
2023-06-23T16:16:09.810Z,33.0193333,-116.3435,10.67,0.41,ml,14,89,0.07283,0.16,ci,ci40493104,2023-06-26T18:29:41.617Z,"24km SW of Ocotillo Wells, CA",earthquake,0.28,0.62,0.093,3,reviewed,ci,ci
2023-06-23T15:58:47.880Z,33.348,-116.341,12.48,1.09,ml,44,70,0.03048,0.18,ci,ci40493072,2023-06-26T18:15:09.700Z,"11km NNE of Borrego Springs, CA",earthquake,0.23,0.54,0.191,24,reviewed,ci,ci
2023-06-23T15:57:14.790Z,51.8565,-178.040166666667,-1.77,1.2,ml,6,90,,0.24,av,av91935406,2023-06-24T03:46:00.540Z,"96 km W of Adak, Alaska",earthquake,0.4,1.36,0.257688878477217,6,reviewed,av,av
2023-06-23T15:57:09.260Z,39.3133333,-123.2366667,7.02,1.3,md,14,64,0.1035,0.07,nc,nc73904271,2023-06-24T01:37:17.369Z,"6km NNW of Redwood Valley, CA",earthquake,0.21,0.9,0.121,15,reviewed,nc,nc
2023-06-23T15:52:19.230Z,51.8561666666667,-178.045666666667,-1.8,1.17,ml,6,99,,0.23,av,av91935396,2023-06-24T03:42:25.350Z,"97 km W of Adak, Alaska",earthquake,0.39,1.3,0.269536348844662,6,reviewed,av,av
2023-06-23T15:51:28.676Z,45.0015,-28.0617,10,4.4,mb,36,55,7.478,0.45,us,us7000kamx,2023-06-23T17:28:24.040Z,"northern Mid-Atlantic Ridge",earthquake,8.84,1.89,0.071,57,reviewed,us,us
2023-06-23T15:50:03.750Z,51.8501666666667,-178.029333333333,-1.8,1.11,ml,6,75,,0.21,av,av91935391,2023-06-24T03:40:03.640Z,"96 km W of Adak, Alaska",earthquake,0.44,1.29,0.228752711617647,6,reviewed,av,av
2023-06-23T15:49:11.340Z,37.6351667,-119.048,-0.9,0.86,md,14,116,0.01686,0.03,nc,nc73904266,2023-06-24T00:58:12.152Z,"6km W of Mammoth Lakes, CA",earthquake,0.23,0.19,0.397,14,reviewed,nc,nc
2023-06-23T15:43:29.735Z,25.3595,141.3455,135.511,4.5,mb,45,107,7.843,0.9,us,us7000kamr,2023-06-23T17:22:51.040Z,"Volcano Islands, Japan region",earthquake,9.7,7.078,0.067,66,reviewed,us,us
2023-06-23T15:38:50.990Z,51.8568333333333,-178.051333333333,-1.8,1.04,ml,6,106,,0.24,av,av91935381,2023-06-24T03:32:30.570Z,"97 km W of Adak, Alaska",earthquake,0.42,1.37,0.356096323360095,6,reviewed,av,av
2023-06-23T15:28:38.380Z,51.8595,-178.034,-1.8,1.27,ml,6,81,,0.27,av,av91935361,2023-06-24T03:28:43.550Z,"",earthquake,0.43,1.56,0.254648699394612,6,reviewed,av,av
2023-06-23T15:25:02.826Z,63.5563,-150.7953,3.3,1.2,ml,,,,0.75,ak,ak023800l94a,2023-06-23T15:26:41.022Z,"46 km E of Denali National Park, Alaska",earthquake,,0.5,,,automatic,ak,ak
2023-06-23T15:21:39.340Z,51.8548333333333,-178.055666666667,-1.8,2.08,ml,8,108,,0.3,av,av91935356,2023-06-24T03:22:10.760Z,"97 km W of Adak, Alaska",earthquake,0.5,1.6,0.178506407335725,8,reviewed,av,av
2023-06-23T15:19:33.910Z,60.0416666666667,-153.061333333333,1.14,-0.04,ml,4,143,,0.09,av,av91935351,2023-06-24T02:57:50.920Z,"64 km ENE of Pedro Bay, Alaska",earthquake,2.93,1.49,0.351272467122154,4,reviewed,av,av
2023-06-23T15:13:08.617Z,44.7303,-28.0164,10,5.1,mb,43,88,7.209,0.7,us,us7000kamk,2023-06-23T15:29:54.040Z,"northern Mid-Atlantic Ridge",earthquake,10.42,1.868,0.047,144,reviewed,us,us
2023-06-23T15:10:14.260Z,46.7658333333333,-112.415333333333,5.11,1.9,ml,19,76,0.06124,0.08,mb,mb90019423,2023-06-23T19:59:01.470Z,"8 km W of Marysville, Montana",earthquake,0.25,0.64,0.122090163356405,12,reviewed,mb,mb
2023-06-23T15:09:06.472Z,58.6766,-152.4724,14.7,2.6,ml,,,,0.33,ak,ak023800htxz,2023-06-23T16:46:15.040Z,"73 km NNE of Aleneva, Alaska",earthquake,,0.2,,,automatic,ak,ak
2023-06-23T15:08:33.211Z,36.5259,-112.3122,5,2.5,ml,12,101,0.099,0.41,us,us7000kamh,2023-06-23T15:19:40.040Z,"46 km NE of Supai, Arizona",earthquake,2.02,1.943,0.064,32,reviewed,us,us
2023-06-23T15:04:25.900Z,32.9263333,-116.2496667,8.24,0.63,ml,18,135,0.05324,0.12,ci,ci40492952,2023-06-26T18:06:05.988Z,"26km SSW of Ocotillo Wells, CA",earthquake,0.27,0.4,0.08,3,reviewed,ci,ci
2023-06-23T14:59:54.870Z,51.8523333333333,-178.043833333333,-1.8,1.29,ml,6,102,,0.16,av,av91108428,2023-06-24T03:07:50.550Z,"97 km W of Adak, Alaska",earthquake,0.3,1.01,0.200279279500238,6,reviewed,av,av
2023-06-23T14:59:40.270Z,61.0856666666667,-152.3125,16.73,0.02,ml,5,299,,0.06,av,av91935336,2023-06-24T03:05:47.960Z,"63 km W of Tyonek, Alaska",earthquake,0.64,0.58,0.200253212564113,5,reviewed,av,av
2023-06-23T14:57:41.510Z,61.0511666666667,-152.359333333333,15.21,1.01,ml,6,304,,0.15,av,av91935331,2023-06-24T02:56:13.380Z,"66 km W of Tyonek, Alaska",earthquake,1.63,1.54,0.238478862898255,6,reviewed,av,av
2023-06-23T14:48:01.950Z,31.8845,-116.5813333,19.81,2.62,ml,22,120,0.1879,0.15,ci,ci40492920,2023-06-26T17:59:04.313Z,"4km ENE of Ensenada, B.C., MX",earthquake,0.38,1.09,0.123,22,reviewed,ci,ci
2023-06-23T14:47:23.460Z,31.88415527,-101.8952458,10.90681966,1.9,ml,18,80,0.1239388081,0.1,tx,tx2023mffi,2023-06-23T19:27:52.055Z,"21 km SE of Midland, Texas",earthquake,0.6102362782,1.472325908,0.1,12,reviewed,tx,tx
2023-06-23T14:41:20.150Z,35.6911667,-117.531,3.5,0.76,ml,13,71,0.09114,0.18,ci,ci40492912,2023-06-26T17:13:12.771Z,"14km SW of Searles Valley, CA",earthquake,0.33,1.44,0.062,6,reviewed,ci,ci
2023-06-23T14:37:21.790Z,33.2526667,-116.2655,12.49,0.94,ml,28,133,0.06059,0.18,ci,ci40492896,2023-06-26T17:03:59.369Z,"10km E of Borrego Springs, CA",earthquake,0.44,0.7,0.159,16,reviewed,ci,ci
2023-06-23T14:36:40.036Z,60.3075,-151.8371,66.2,2,ml,,,,0.69,ak,ak023800299f,2023-06-23T14:38:37.841Z,"25 km WNW of Clam Gulch, Alaska",earthquake,,1.2,,,automatic,ak,ak
2023-06-23T14:34:43.110Z,51.852,-178.028333333333,-1.41,1.2,ml,6,76,,0.33,av,av91935306,2023-06-24T02:50:55.720Z,"96 km W of Adak, Alaska",earthquake,0.52,2,0.160310279428375,5,reviewed,av,av
2023-06-23T14:33:39.160Z,51.845,-178.047166666667,1.11,2.06,ml,6,124,,0.19,av,av91108423,2023-06-24T02:48:29.700Z,"97 km W of Adak, Alaska",earthquake,0.42,1,0.277748190527749,6,reviewed,av,av
2023-06-23T14:33:17.900Z,51.8488333333333,-178.040666666667,-1.8,1.36,ml,6,99,,0.25,av,av91935301,2023-06-24T02:45:26.380Z,"96 km W of Adak, Alaska",earthquake,0.43,1.57,0.259297078153627,6,reviewed,av,av
2023-06-23T14:27:31.350Z,58.245,-155.086333333333,5.79,0.44,ml,11,96,,0.18,av,av91935281,2023-06-24T02:31:26.380Z,"84 km NNW of Karluk, Alaska",earthquake,0.36,0.73,0.31217132207188,11,reviewed,av,av
2023-06-23T14:26:46.530Z,61.0828333333333,-152.309166666667,16.99,0.33,ml,5,299,,0.15,av,av91935286,2023-06-24T02:27:33.950Z,"Southern Alaska",earthquake,1.08,0.84,0.149878766068496,5,reviewed,av,av
2023-06-23T14:08:22.699Z,61.5965,-146.2998,30.5,1.5,ml,,,,1.02,ak,ak0237zzw7vh,2023-06-23T14:10:52.091Z,"50 km SSE of Nelchina, Alaska",earthquake,,0.2,,,automatic,ak,ak
2023-06-23T14:08:16.610Z,61.0681666666667,-152.303333333333,16.54,0.05,ml,5,301,,0.08,av,av91935271,2023-06-24T02:24:16.140Z,"",earthquake,0.6,0.66,0.146819498897465,5,reviewed,av,av
2023-06-23T14:06:42.940Z,36.6491666666667,-89.5431666666667,11.33,1.8,md,26,43,0.05698,0.08,nm,nm60530681,2023-06-27T15:25:43.410Z,"7 km N of New Madrid, Missouri",earthquake,0.23,0.35,0.140706739088914,23,reviewed,nm,nm
2023-06-23T14:06:09.850Z,36.0835,-117.843,2.48,1.46,ml,19,85,0.03534,0.11,ci,ci40492848,2023-06-23T22:27:05.904Z,"10km ENE of Coso Junction, CA",earthquake,0.2,0.19,0.166,10,reviewed,ci,ci
2023-06-23T14:04:33.510Z,58.1798333333333,-155.313,2.37,0.62,ml,9,200,,0.06,av,av91935261,2023-06-24T02:21:54.840Z,"Alaska Peninsula",earthquake,0.48,0.33,0.315311053900535,10,reviewed,av,av
2023-06-23T14:04:01.435Z,61.0033,-152.3257,4.3,2,ml,,,,0.55,ak,ak0237zzvbdb,2023-06-23T14:05:52.631Z,"64 km W of Tyonek, Alaska",earthquake,,0.2,,,automatic,ak,ak
2023-06-23T14:03:04.290Z,58.2007,-155.2814,9.5,1,ml,,,,0.42,ak,ak0237zzv3vh,2023-06-24T02:19:03.480Z,"85 km NW of Karluk, Alaska",earthquake,,0.3,,,automatic,ak,ak
2023-06-23T13:55:24.920Z,38.8271675,-122.7979965,1.95,1.1,md,21,37,0.01016,0.01,nc,nc73904246,2023-06-23T15:05:19.559Z,"6km W of Cobb, CA",earthquake,0.2,0.39,0.1,20,automatic,nc,nc
2023-06-23T13:55:23.620Z,33.4355,-116.438,11.92,0.44,ml,18,161,0.133,0.13,ci,ci40492824,2023-06-23T21:35:22.672Z,"21km NNW of Borrego Springs, CA",earthquake,0.45,0.96,0.064,10,reviewed,ci,ci
2023-06-23T13:45:49.921Z,39.3656,-119.9763,3.5,0.6,ml,8,146.4,0.087,0.1208,nn,nn00861605,2023-06-23T14:52:09.492Z,"5 km SE of Floriston, California",earthquake,,6,0.24,4,reviewed,nn,nn
2023-06-23T13:45:03.910Z,51.8528333333333,-178.036333333333,-1.8,1.4,ml,6,85,,0.26,av,av91935251,2023-06-24T01:57:30.010Z,"",earthquake,0.44,1.72,0.265082151149939,6,reviewed,av,av
2023-06-23T13:42:21.587Z,44.921,-28.0731,10,4.5,mb,63,117,7.403,0.34,us,us7000kakh,2023-06-26T08:17:58.040Z,"",earthquake,11.36,1.866,0.06,80,reviewed,us,us
2023-06-23T13:30:13.720Z,33.1448333,-116.5138333,10.78,0.91,ml,25,102,0.09255,0.16,ci,ci40492784,2023-06-23T21:29:59.591Z,"11km NE of Julian, CA",earthquake,0.28,0.43,0.238,11,reviewed,ci,ci
2023-06-23T13:28:41.540Z,51.8525,-177.833333333333,4.15,0.83,ml,4,226,,0.08,av,av91935241,2023-06-24T00:43:47.330Z,"82 km W of Adak, Alaska",earthquake,0.74,1.2,0.274358285672381,4,reviewed,av,av
2023-06-23T13:27:54.067Z,44.9126,-28.0444,10,5,mb,62,61,7.389,0.64,us,us7000kakb,2023-06-23T13:43:57.040Z,"northern Mid-Atlantic Ridge",earthquake,8.98,1.406,0.029,378,reviewed,us,us
2023-06-23T13:23:49.950Z,58.2585,-155.0745,4.96,0.7,ml,12,106,,0.19,av,av91935236,2023-06-24T01:55:22.150Z,"85 km NNW of Karluk, Alaska",earthquake,0.3,0.72,0.218955655601868,12,reviewed,av,av
2023-06-23T13:23:01.494Z,65.0795,-146.7341,19,0.7,ml,,,,0.2,ak,ak0237zzdydh,2023-06-23T13:24:35.851Z,"northern Alaska",earthquake,,0.3,,,automatic,ak,ak
2023-06-23T13:06:27.930Z,34.023,-116.7801667,13.67,0.76,ml,17,142,0.02594,0.12,ci,ci40492744,2023-06-23T21:24:23.266Z,"12km N of Cabazon, CA",earthquake,0.23,0.52,0.161,15,reviewed,ci,ci
2023-06-23T12:58:30.685Z,62.2699,-149.8165,20.1,0.9,ml,,,,0.55,ak,ak0237zz0332,2023-06-23T13:01:10.942Z,"12 km N of Susitna North, Alaska",earthquake,,0.5,,,automatic,ak,ak
2023-06-23T12:55:50.990Z,46.36666666666667,-122.24633333333334,8.18,0.5700000000000001,ml,7,234,0.02584,0.08,uw,uw61926502,2023-06-23T20:29:34.560Z,"21 km S of Morton, Washington",earthquake,0.73,0.39,0.07839440116448004,5,reviewed,uw,uw
2023-06-23T12:53:48.153Z,1.5125,128.2786,78.95,4.4,mb,27,153,1.172,0.34,us,us7000kak6,2023-06-26T08:07:36.040Z,"38 km SE of Tobelo, Indonesia",earthquake,7.78,8.258,0.134,16,reviewed,us,us
2023-06-23T12:53:30.370Z,58.2571666666667,-155.11,5.12,0.58,ml,12,90,,0.29,av,av91935216,2023-06-24T00:55:57.150Z,"85 km NNW of Karluk, Alaska",earthquake,0.39,0.96,0.191024230347868,12,reviewed,av,av
2023-06-23T12:47:30.880Z,58.187,-155.284666666667,2.55,0.05,ml,7,188,,0.06,av,av91935196,2023-06-24T00:50:40.210Z,"84 km NW of Karluk, Alaska",earthquake,0.49,0.42,0.318688038804133,7,reviewed,av,av
2023-06-23T12:43:50.690Z,38.8256683,-122.8044968,2.6,0.36,md,8,140,0.004912,0.02,nc,nc73904241,2023-06-23T14:38:14.382Z,"7km NW of The Geysers, CA",earthquake,0.5,1.02,0.19,9,automatic,nc,nc
2023-06-23T12:38:21.530Z,60.7805,-150.8157,46.3,1.6,ml,,,,0.4,ak,ak0237zyvs21,2023-06-23T12:39:49.889Z,"17 km SSW of Point Possession, Alaska",earthquake,,0.9,,,automatic,ak,ak
2023-06-23T12:27:14.620Z,47.38583333333333,-122.45533333333333,60.9,1.3900000000000001,ml,48,39,0.03754,0.29,uw,uw61926497,2023-06-23T21:26:26.120Z,"6 km S of Vashon, Washington",earthquake,0.56,0.5,0.10621655859458357,26,reviewed,uw,uw
2023-06-23T12:26:00.471Z,60.248,-141.236,5.6,1.8,ml,,,,0.57,ak,ak0237zyt5u7,2023-06-23T12:27:57.859Z,"115 km NW of Yakutat, Alaska",earthquake,,0.3,,,automatic,ak,ak
2023-06-23T12:21:10.560Z,51.8515,-178.032,-1.8,1.12,ml,6,78,,0.23,av,av91935156,2023-06-24T00:46:48.550Z,"96 km W of Adak, Alaska",earthquake,0.4,1.61,0.237378100119426,6,reviewed,av,av
2023-06-23T12:19:51.400Z,61.5728,-146.3914,27.5,2.1,ml,,,,0.5,ak,ak0237zyrrqk,2023-06-23T12:21:12.947Z,"49 km N of Valdez, Alaska",earthquake,,0.4,,,automatic,ak,ak
2023-06-23T12:13:48.060Z,36.0601667,-117.8658333,3.34,1.11,ml,13,99,0.05598,0.07,ci,ci40492696,2023-06-23T21:18:32.025Z,"8km ENE of Coso Junction, CA",earthquake,0.19,0.28,0.064,7,reviewed,ci,ci
2023-06-23T12:09:12.060Z,33.5246667,-116.5263333,12.34,0.53,ml,20,82,0.07008,0.09,ci,ci40492680,2023-06-23T21:15:19.895Z,"14km ESE of Anza, CA",earthquake,0.19,0.46,0.233,11,reviewed,ci,ci
2023-06-23T12:05:00.685Z,31.67981529,-104.3973721,6.131567383,2,ml,33,68,0.02432281718,0.2,tx,tx2023mezy,2023-06-23T20:08:25.010Z,"55 km S of Whites City, New Mexico",earthquake,0.7069930384,0.6431518967999998,0,6,reviewed,tx,tx
2023-06-23T12:02:30.749Z,36.9783,-117.5188,8.6,0.6,ml,11,212.94,0.123,0.1229,nn,nn00861601,2023-06-23T17:30:11.989Z,"63 km NNE of Keeler, California",earthquake,,2.7,0.33,5,reviewed,nn,nn
2023-06-23T12:00:47.040Z,38.8265,-122.8065,1.77,0.37,md,22,50,0.004172,0.02,nc,nc73904236,2023-06-23T21:31:13.916Z,"7km NW of The Geysers, CA",earthquake,0.18,0.29,0.125,20,reviewed,nc,nc
2023-06-23T11:52:17.045Z,65.4597,-149.9591,13.7,0.7,ml,,,,0.62,ak,ak0237zydc4o,2023-06-23T11:54:15.271Z,"10 km ESE of Rampart, Alaska",earthquake,,0.4,,,automatic,ak,ak
2023-06-23T11:44:31.710Z,19.1723327636719,-155.501998901367,29.6200008392334,2.32,ml,48,106,,0.119999997,hv,hv73459602,2023-06-23T11:50:03.320Z,"4 km SW of Pāhala, Hawaii",earthquake,0.52,0.730000019,3.07,9,automatic,hv,hv
2023-06-23T11:30:55.026Z,-9.0974,112.6513,120.279,4.6,mb,45,106,1.609,1.02,us,us7000kaip,2023-06-23T12:20:29.040Z,"98 km S of Dampit, Indonesia",earthquake,6.82,7.931,0.101,29,reviewed,us,us
2023-06-23T11:23:25.980Z,53.747,-166.630166666667,10.85,0.59,ml,6,295,,0.07,av,av91935126,2023-06-24T02:30:39.040Z,"15 km SSW of Unalaska, Alaska",earthquake,0.62,1.22,0.333238202595091,7,reviewed,av,av
2023-06-23T11:06:59.050Z,38.7809982,-122.7653351,1.18,0.85,md,10,88,0.02008,0.03,nc,nc73904231,2023-06-23T11:50:12.397Z,"1km WNW of The Geysers, CA",earthquake,0.3,0.66,0.23,10,automatic,nc,nc
2023-06-23T10:58:37.136Z,65.3978,-144.7952,0,1.1,ml,,,,0.51,ak,ak0237zxt8dd,2023-06-23T11:00:27.357Z,"19 km S of Central, Alaska",earthquake,,1.1,,,automatic,ak,ak
2023-06-23T10:56:23.171Z,39.0894,20.5314,10,4.1,mb,29,72,0.89,0.76,us,us7000kaii,2023-06-23T12:50:35.040Z,"17 km SSW of Kanaláki, Greece",earthquake,2.21,1.936,0.174,9,reviewed,us,us
2023-06-23T10:46:38.640Z,58.2665,-155.068333333333,27,-0.32,ml,6,110,,0.16,av,av91935111,2023-06-24T02:39:44.630Z,"Alaska Peninsula",earthquake,1.04,1.55,0.186689331671771,6,reviewed,av,av
2023-06-23T10:36:28.960Z,35.01116667,-97.50466667,3.39,0.95,ml,21,97,0.06298763968,0.27,ok,ok2023mexa,2023-06-26T15:28:31.216Z,"5 km SSW of Washington, Oklahoma",earthquake,,1.3,0.27,12,reviewed,ok,ok
2023-06-23T10:34:12.930Z,38.8045006,-122.7598343,-0.62,0.63,md,8,155,0.02469,0.1,nc,nc73904226,2023-06-23T11:15:14.202Z,"3km N of The Geysers, CA",earthquake,0.57,2.83,0.09,8,automatic,nc,nc
2023-06-23T10:33:23.470Z,18.4941666666667,-66.8193333333333,115.76,3.2,md,14,188,0.1593,0.18,pr,pr71414448,2023-06-23T11:24:58.650Z,"1 km NE of Hatillo, Puerto Rico",earthquake,1.35,0.77,0.0688155338659415,9,reviewed,pr,pr
2023-06-23T10:31:17.990Z,51.8561666666667,-178.039,-1.8,0.89,ml,5,102,,0.32,av,av91935096,2023-06-24T01:48:29.110Z,"96 km W of Adak, Alaska",earthquake,0.57,2.24,0.23300200022772,5,reviewed,av,av
2023-06-23T10:28:33.350Z,36.1901667,-121.738,9,1.34,md,29,205,0.04443,0.1,nc,nc73904221,2023-06-23T22:17:20.208Z,"19km SE of Point Sur, CA",earthquake,0.67,0.68,0.188,15,reviewed,nc,nc
2023-06-23T10:25:13.009Z,58.2729,-155.0863,1.4,1.6,ml,,,,0.41,ak,ak0237zxm3vo,2023-06-24T01:46:02.620Z,"Alaska Peninsula",earthquake,,0.5,,,automatic,ak,ak
2023-06-23T10:15:10.891Z,14.0657,-90.8957,98.871,4.3,mb,91,157,1.095,0.52,us,us7000kaig,2023-06-23T11:50:53.040Z,"16 km SSW of Masagua, Guatemala",earthquake,7.92,8.223,0.04,175,reviewed,us,us
2023-06-23T10:11:16.970Z,38.7571667,-122.7086667,1.16,0.83,md,27,61,0.01322,0.04,nc,nc73904216,2023-06-23T21:08:13.771Z,"2km SW of Anderson Springs, CA",earthquake,0.18,0.24,0.203,23,reviewed,nc,nc
2023-06-23T10:05:27.220Z,47.728833333333334,-120.27766666666666,-0.41,0.67,ml,9,84,0.07326,0.08,uw,uw61926492,2023-06-23T21:02:04.370Z,"7 km NW of Entiat, Washington",earthquake,0.26,9.22,0.08974443299628487,6,reviewed,uw,uw
2023-06-23T10:05:02.840Z,38.8171654,-122.8201675,2.77,0.92,md,19,49,0.01004,0.02,nc,nc73904211,2023-06-23T10:52:12.074Z,"7km NW of The Geysers, CA",earthquake,0.24,0.65,0.25,18,automatic,nc,nc
2023-06-23T10:04:53.740Z,51.8581666666667,-178.042,-1.8,0.55,ml,5,99,,0.32,av,av91935086,2023-06-24T01:42:03.790Z,"97 km W of Adak, Alaska",earthquake,0.57,2.02,0.341505526816553,5,reviewed,av,av
2023-06-23T10:02:48.900Z,53.383,-168.249666666667,-0.99,0.5,ml,6,289,,0.25,av,av91935076,2023-06-24T01:38:50.840Z,"Fox Islands, Aleutian Islands, Alaska",earthquake,0.69,0.74,0.24052065287112,5,reviewed,av,av
2023-06-23T09:59:25.005Z,39.3538,-119.9848,7,0.7,ml,12,88.54,0.073,0.1536,nn,nn00861612,2023-06-23T17:23:58.861Z,"Nevada",earthquake,,1.8,0.22,7,reviewed,nn,nn
2023-06-23T09:58:24.085Z,39.6144,-119.9705,6.9,1.2,ml,19,80.79,0.01,0.1516,nn,nn00861600,2023-06-23T17:17:43.991Z,"7 km S of Cold Springs, Nevada",earthquake,,1.2,0.23,8,reviewed,nn,nn
2023-06-23T09:56:25.164Z,60.1543,-152.8544,114.9,1.9,ml,,,,0.35,ak,ak0237zx7ces,2023-06-24T00:53:52.112Z,"66 km WNW of Happy Valley, Alaska",earthquake,,0.4,,,automatic,ak,ak
2023-06-23T09:52:24.710Z,35.13,-97.7355,7.54,1.15,ml,61,42,0.08818269555,0.27,ok,ok2023mevo,2023-06-26T15:20:51.911Z,"7 km W of Blanchard, Oklahoma",earthquake,,0.5,0.27,29,reviewed,ok,ok
2023-06-23T09:51:26.240Z,44.6553333333333,-111.870333333333,10.97,0.73,ml,12,99,0.1639,0.12,mb,mb90019478,2023-06-23T19:44:21.560Z,"41 km NE of Spencer, Idaho",earthquake,0.52,0.7,0.185759389563424,9,reviewed,mb,mb
2023-06-23T09:47:13.342Z,53.2456,-167.7655,10,2.5,ml,11,200,0.187,0.33,us,us7000kar1,2023-06-27T07:39:36.040Z,"80 km ENE of Nikolski, Alaska",earthquake,1.16,1.971,0.128,8,reviewed,us,us
2023-06-23T09:25:01.496Z,31.6829777,-104.1594388,6.697143555000001,2.3,ml,21,54,0.07460966117,0.1,tx,tx2023meur,2023-06-23T10:32:06.152Z,"53 km W of Mentone, Texas",earthquake,0.5284658443,0.7914150344,0.1,30,reviewed,tx,tx
2023-06-23T09:19:55.871Z,61.9408,-148.3345,37.7,1.1,ml,,,,0.62,ak,ak0237zwzhab,2023-06-23T09:21:52.513Z,"17 km NNE of Chickaloon, Alaska",earthquake,,0.8,,,automatic,ak,ak
2023-06-23T09:15:17.210Z,51.8541666666667,-178.0485,-1.77,1.79,ml,6,107,,0.19,av,av91108388,2023-06-23T23:15:57.770Z,"97 km W of Adak, Alaska",earthquake,0.35,1.35,0.306077560562485,6,reviewed,av,av
2023-06-23T09:14:58.860Z,60.0058333333333,-153.075166666667,-3,-0.31,ml,4,129,,0.06,av,av91935021,2023-06-23T23:13:22.800Z,"62 km ENE of Pedro Bay, Alaska",earthquake,0.49,1.88,0.200609236956406,5,reviewed,av,av
2023-06-23T09:12:54.680Z,51.8531666666667,-178.044666666667,-1.78,0.75,ml,4,127,,0.09,av,av91935016,2023-06-23T23:09:14.420Z,"97 km W of Adak, Alaska",earthquake,0.39,1.31,0.413183146539707,4,reviewed,av,av
2023-06-23T09:11:40.330Z,51.8548333333333,-178.052833333333,-1.8,0.95,ml,5,112,,0.25,av,av91935011,2023-06-23T22:25:25.520Z,"97 km W of Adak, Alaska",earthquake,0.59,1.59,0.166100810285136,5,reviewed,av,av
2023-06-23T09:07:57.168Z,60.1363,-153.4117,162.9,2.4,ml,,,,0.36,ak,ak0237zwwwts,2023-06-23T12:52:45.040Z,"50 km E of Port Alsworth, Alaska",earthquake,,0.6,,,automatic,ak,ak
2023-06-23T09:03:49.710Z,58.179,-155.3425,2.58,0.87,ml,8,207,,0.06,av,av91934986,2023-06-23T22:16:18.040Z,"85 km NW of Karluk, Alaska",earthquake,0.33,0.42,0.367710471392011,8,reviewed,av,av
2023-06-23T08:54:01.350Z,58.1688333333333,-155.3005,3.19,0.43,ml,7,205,,0.11,av,av91934976,2023-06-23T22:08:05.270Z,"83 km NW of Karluk, Alaska",earthquake,0.6,1.6,0.381330287681218,7,reviewed,av,av
2023-06-23T08:49:38.267Z,58.1922,-155.3124,7.8,0.3,ml,,,,0.68,ak,ak0237zwkftq,2023-06-23T22:03:08.450Z,"86 km NW of Karluk, Alaska",earthquake,,0.5,,,automatic,ak,ak
2023-06-23T08:45:33.057Z,64.7926,-148.0898,1,0.3,ml,,,,0.54,ak,ak0237zwjkg9,2023-06-23T08:47:53.646Z,"7 km SSW of Ester, Alaska",earthquake,,0.4,,,automatic,ak,ak
2023-06-23T08:44:56.398Z,59.4706,-152.833,90,1.1,ml,,,,0.54,ak,ak0237zwjemf,2023-06-23T08:46:28.607Z,"53 km WNW of Nanwalek, Alaska",earthquake,,0.7,,,automatic,ak,ak
2023-06-23T08:35:04.510Z,51.8558333333333,-178.053833333333,-1.8,0.71,ml,5,111,,0.31,av,av91934956,2023-06-23T21:57:29.630Z,"97 km W of Adak, Alaska",earthquake,0.71,2,0.357022364774988,5,reviewed,av,av
2023-06-23T08:33:14.770Z,54.0003333333333,-167.065,18.11,1.33,ml,6,282,,0.2,av,av91934951,2023-06-23T21:47:09.620Z,"",earthquake,1.9,3.03,0.165298435604252,8,reviewed,av,av
2023-06-23T08:22:34.010Z,33.886,-117.8006667,11.51,0.89,ml,25,66,0.04195,0.17,ci,ci40492616,2023-06-23T20:55:45.011Z,"1km ESE of Yorba Linda, CA",earthquake,0.33,0.45,0.056,11,reviewed,ci,ci
2023-06-23T08:17:13.680Z,47.970166666666664,-121.63566666666667,11.67,0.97,ml,11,86,0.1888,0.11,uw,uw61926487,2023-06-23T21:19:44.210Z,"Washington",earthquake,0.29,1.89,0.1541645515457557,3,reviewed,uw,uw
2023-06-23T08:10:56.080Z,33.3881667,-116.8821667,6.11,1.11,ml,53,27,0.03814,0.17,ci,ci40492608,2023-06-23T20:52:11.030Z,"4km NNW of Palomar Observatory, CA",earthquake,0.15,0.45,0.159,28,reviewed,ci,ci
2023-06-23T08:05:36.453Z,62.8531,-150.9149,96.1,1.1,ml,,,,0.22,ak,ak0237zwb05p,2023-06-23T08:07:47.600Z,"",earthquake,,1.1,,,automatic,ak,ak
2023-06-23T07:57:50.670Z,35.30233333,-98.00583333,7.35,0.97,ml,44,57,0.1016800469,0.48,ok,ok2023meru,2023-06-26T15:12:42.156Z,"5 km WSW of Minco, Oklahoma",earthquake,,0.9,0.24,15,reviewed,ok,ok
2023-06-23T07:57:45.080Z,45.0055,-114.520666666667,7.46,1.22,ml,12,125,0.2537,0.12,mb,mb90019468,2023-06-23T19:36:56.550Z,"52 km WSW of Salmon, Idaho",earthquake,0.47,1.13,0.243752608600545,11,reviewed,mb,mb
2023-06-23T07:51:50.630Z,38.8204994,-122.8193359,2.18,0.65,md,9,72,0.007791,0.1,nc,nc73904206,2023-06-23T08:11:19.118Z,"7km NW of The Geysers, CA",earthquake,0.64,1.27,0.21,11,automatic,nc,nc
2023-06-23T07:49:23.899Z,59.38,-152.9278,88.9,1.5,ml,,,,0.42,ak,ak0237zvyz39,2023-06-24T01:13:51.097Z,"57 km W of Nanwalek, Alaska",earthquake,,0.8,,,reviewed,ak,ak
2023-06-23T07:40:32.970Z,58.2611666666667,-154.9725,3.82,0.32,ml,8,145,,0.11,av,av91934916,2023-06-23T20:58:38.550Z,"82 km NNW of Karluk, Alaska",earthquake,0.38,0.93,0.454076623289685,8,reviewed,av,av
2023-06-23T07:39:59.521Z,59.4727,-153.2561,113.8,1.5,ml,,,,0.4,ak,ak0237zvx046,2023-06-24T01:13:50.338Z,"59 km SE of Pedro Bay, Alaska",earthquake,,0.7,,,reviewed,ak,ak
2023-06-23T07:37:14.750Z,33.6435,-116.7081667,16.44,0.42,ml,20,71,0.03826,0.09,ci,ci40492600,2023-06-23T20:42:33.770Z,"10km NNW of Anza, CA",earthquake,0.24,0.33,0.156,10,reviewed,ci,ci
2023-06-23T07:33:41.540Z,62.3453,-150.1319,7.7,1.1,ml,,,,0.73,ak,ak0237zvvkyv,2023-06-24T01:13:50.126Z,"2 km NNW of Talkeetna, Alaska",earthquake,,0.2,,,reviewed,ak,ak
2023-06-23T07:30:03.300Z,59.9971666666667,-153.1865,5.32,-0.47,ml,4,281,,0.19,av,av91934906,2023-06-23T20:55:25.460Z,"56 km ENE of Pedro Bay, Alaska",earthquake,3.39,1.46,0.141720855398072,4,reviewed,av,av
2023-06-23T07:26:30.170Z,-27.0984,-176.6246,37.162,5,mb,45,120,2.44,0.8,us,us7000kai7,2023-06-23T07:44:30.040Z,"Kermadec Islands region",earthquake,9.32,7.557,0.093,37,reviewed,us,us
2023-06-23T07:24:56.025Z,61.1632,-140.5335,7.6,1.3,ml,,,,0.56,ak,ak0237zvtonz,2023-06-24T01:13:49.925Z,"131 km ESE of McCarthy, Alaska",earthquake,,0.3,,,reviewed,ak,ak
2023-06-23T07:19:35.580Z,32.6575,-115.4931667,5.52,1.39,ml,18,58,0.04836,0.15,ci,ci40492592,2023-06-23T20:38:13.999Z,"2km WNW of Mexicali, B.C., MX",earthquake,0.24,0.5,0.219,16,reviewed,ci,ci
2023-06-23T07:16:49.560Z,36.541,-121.1333333,3.38,1.82,md,34,108,0.01318,0.07,nc,nc73904201,2023-06-23T19:47:19.259Z,"1km NE of Pinnacles, CA",earthquake,0.21,0.32,0.191,31,reviewed,nc,nc
2023-06-23T07:07:39.885Z,39.3566,-119.9913,7.4,1.1,ml,14,89.16,0.073,0.1443,nn,nn00861599,2023-06-23T17:05:16.993Z,"4 km SSE of Floriston, California",earthquake,,1.5,0.33,6,reviewed,nn,nn
2023-06-23T07:02:40.170Z,38.809166,-122.8348312,3.76,0.63,md,9,188,0.004427,0.03,nc,nc73904196,2023-06-23T07:36:15.923Z,"8km WNW of The Geysers, CA",earthquake,1.29,1.74,0.2,11,automatic,nc,nc
2023-06-23T06:48:15.523Z,37.2583,-117.5917,7.8,1.4,ml,12,94.07,0.05,0.1862,nn,nn00861597,2023-06-23T16:55:56.277Z,"55 km S of Silver Peak, Nevada",earthquake,,1.7,0.47,5,reviewed,nn,nn
2023-06-23T06:42:56.152Z,2.6617,95.8804,25.788,4.8,mb,43,185,2.165,0.44,us,us7000kai5,2023-06-23T07:00:36.040Z,"59 km WNW of Sinabang, Indonesia",earthquake,8.02,6.858,0.107,27,reviewed,us,us
2023-06-23T06:40:52.030Z,38.814167,-122.8508301,1.62,0.52,md,5,104,0.01417,0.01,nc,nc73904186,2023-06-23T07:03:15.722Z,"9km WNW of The Geysers, CA",earthquake,0.71,1.73,0.3,7,automatic,nc,nc
2023-06-23T06:39:10.720Z,51.8588333333333,-178.046,-1.8,1.07,ml,5,150,,0.32,av,av91934891,2023-06-23T20:51:58.170Z,"97 km W of Adak, Alaska",earthquake,1.27,2.21,0.193676247151425,5,reviewed,av,av
2023-06-23T06:34:11.270Z,33.0293333,-116.2906667,6.15,1.1,ml,39,78,0.07529,0.18,ci,ci40492576,2023-06-23T19:53:20.716Z,"20km SW of Ocotillo Wells, CA",earthquake,0.28,0.68,0.125,23,reviewed,ci,ci
2023-06-23T06:31:32.890Z,58.1731666666667,-155.346333333333,2.47,0.23,ml,6,222,,0.12,av,av91934881,2023-06-23T20:45:49.290Z,"85 km NW of Karluk, Alaska",earthquake,0.53,0.73,0.348884334376123,6,reviewed,av,av
2023-06-23T06:30:40.640Z,38.8246651,-122.7983322,2.44,1.08,md,24,34,0.009259,0.02,nc,nc73904181,2023-06-23T06:52:14.653Z,"6km NW of The Geysers, CA",earthquake,0.21,0.4,0.24,22,automatic,nc,nc
2023-06-23T06:29:46.532Z,51.6035,-173.9131,35,3.3,ml,23,211,0.681,0.5,us,us7000kamp,2023-06-25T12:39:44.040Z,"68 km SSE of Atka, Alaska",earthquake,4.38,2.018,0.105,12,reviewed,us,us
2023-06-23T06:28:42.288Z,58.2122,-155.21,2.6,1.9,ml,,,,0.57,ak,ak0237zv92r0,2023-06-24T01:13:49.527Z,"84 km NNW of Karluk, Alaska",earthquake,,0.4,,,reviewed,ak,ak
2023-06-23T06:27:26.970Z,51.8503333333333,-178.045166666667,-1.8,1,ml,5,108,,0.12,av,av91934866,2023-06-23T20:37:08.550Z,"97 km W of Adak, Alaska",earthquake,0.32,1.67,0.218576556679095,5,reviewed,av,av
2023-06-23T06:25:59.060Z,38.8243332,-122.7990036,3.04,0.76,md,11,117,0.008698,0.01,nc,nc73904176,2023-06-23T06:42:14.605Z,"6km NW of The Geysers, CA",earthquake,0.43,0.84,0.17,11,automatic,nc,nc
2023-06-23T06:25:03.120Z,38.8276667,-122.7898333,1.73,0.37,md,9,94,0.01073,0.02,nc,nc73904171,2023-06-24T00:26:13.960Z,"6km W of Cobb, CA",earthquake,0.4,0.93,0.139,9,reviewed,nc,nc
2023-06-23T06:24:57.680Z,51.857,-178.051833333333,-1.79,0.85,ml,5,106,,0.28,av,av91934861,2023-06-23T20:32:54.920Z,"97 km W of Adak, Alaska",earthquake,0.54,1.91,0.244420186517738,5,reviewed,av,av
2023-06-23T06:21:25.750Z,34.0326667,-116.8485,18.66,1.64,ml,55,55,0.03391,0.22,ci,ci40492568,2023-06-23T13:33:37.270Z,"12km NNE of Banning, CA",earthquake,0.26,0.44,0.174,26,reviewed,ci,ci
2023-06-23T06:20:29.160Z,60.007,-153.126166666667,2.47,-0.87,ml,4,192,,0.23,av,av91934856,2023-06-23T20:27:21.680Z,"60 km ENE of Pedro Bay, Alaska",earthquake,1.08,2.41,0.142943919184089,4,reviewed,av,av
2023-06-23T06:18:10.869Z,34.8405,-96.59383333,19.89,1.4,ml,67,58,0.0863830487,0.31,ok,ok2023meon,2023-06-26T13:49:23.994Z,"3 km S of Francis, Oklahoma",earthquake,,0.7,0.24,21,reviewed,ok,ok
2023-06-23T06:03:53.380Z,38.7791667,-122.7116667,2.05,0.49,md,18,58,0.007822,0.04,nc,nc73904166,2023-06-23T12:20:12.553Z,"2km WNW of Anderson Springs, CA",earthquake,0.33,0.54,0.253,13,reviewed,nc,nc
2023-06-23T06:02:05.220Z,36.5413333,-121.1385,3.29,2.11,md,46,147,0.01111,0.1,nc,nc73904161,2023-06-23T18:52:15.072Z,"1km NNE of Pinnacles, CA",earthquake,0.23,0.32,0.164,48,reviewed,nc,nc
2023-06-23T06:00:36.640Z,33.314,-115.7573333,3.43,0.82,ml,7,185,0.04347,0.18,ci,ci40492560,2023-06-23T19:29:24.198Z,"5km SSW of Bombay Beach, CA",earthquake,1.29,0.34,0.007,2,reviewed,ci,ci
2023-06-23T05:54:56.885Z,58.9111,-153.0482,62.8,1.4,ml,,,,0.48,ak,ak0237zut91p,2023-06-24T01:13:49.306Z,"81 km SW of Nanwalek, Alaska",earthquake,,0.6,,,reviewed,ak,ak
2023-06-23T05:40:54.390Z,61.6663,-151.7103,102.2,2,ml,,,,0.6,ak,ak0237zuq8q2,2023-06-24T01:13:49.031Z,"39 km SSW of Skwentna, Alaska",earthquake,,0.5,,,reviewed,ak,ak
2023-06-23T05:40:02.385Z,59.2935,-153.3015,77.1,2.2,ml,,,,0.54,ak,ak0237zuq4r0,2023-06-24T01:13:48.779Z,"71 km SE of Pedro Bay, Alaska",earthquake,,0.3,,,reviewed,ak,ak
2023-06-23T05:37:11.990Z,34.0111667,-116.3471667,4.71,0.99,ml,31,65,0.068,0.11,ci,ci40492552,2023-06-23T19:22:34.188Z,"14km SE of Yucca Valley, CA",earthquake,0.16,0.32,0.159,19,reviewed,ci,ci
2023-06-23T05:30:36.330Z,33.9043333,-116.2703333,10.08,0.6,ml,21,125,0.08332,0.1,ci,ci40492544,2023-06-23T19:15:04.172Z,"14km NE of Thousand Palms, CA",earthquake,0.22,0.47,0.056,11,reviewed,ci,ci
2023-06-23T05:27:13.130Z,38.8366667,-122.7855,1.97,0.2,md,11,76,0.004164,0.02,nc,nc73904156,2023-06-23T20:44:17.108Z,"6km WNW of Cobb, CA",earthquake,0.29,0.31,0.28,11,reviewed,nc,nc
2023-06-23T05:17:38.027Z,62.5315,-151.9093,95.9,1.1,ml,,,,0.32,ak,ak0237zula22,2023-06-24T01:13:50.901Z,"59 km W of Petersville, Alaska",earthquake,,0.8,,,reviewed,ak,ak
2023-06-23T05:16:03.999Z,39.3496,-119.9898,7.8,1.1,ml,17,88.94,0.067,0.1622,nn,nn00861596,2023-06-23T16:46:37.083Z,"",earthquake,,1,0.27,8,reviewed,nn,nn
2023-06-23T05:12:37.680Z,33.4823333,-116.4575,14.32,1.09,ml,44,107,0.04882,0.14,ci,ci40492536,2023-06-23T19:10:35.500Z,"22km ESE of Anza, CA",earthquake,0.19,0.29,0.147,25,reviewed,ci,ci
2023-06-23T04:51:58.300Z,58.1871666666667,-155.322166666667,2.4,0.25,ml,7,197,,0.08,av,av91934816,2023-06-23T20:14:03.890Z,"85 km NW of Karluk, Alaska",earthquake,0.5,0.67,0.247697006502515,7,reviewed,av,av
2023-06-23T04:45:03.360Z,18.8373336791992,-155.27116394043,10.5699996948242,2.61,ml,35,263,,0.129999995,hv,hv73459322,2023-06-23T04:58:46.040Z,"41 km SE of Naalehu, Hawaii",earthquake,1.61,1.44000006,0.5,14,automatic,hv,hv
2023-06-23T04:42:16.200Z,52.0835,-176.129333333333,-1.78,0.03,ml,6,150,,0.2,av,av91934811,2023-06-23T20:08:09.920Z,"Andreanof Islands, Aleutian Islands, Alaska",earthquake,0.84,1.39,0.157430789053124,6,reviewed,av,av
2023-06-23T04:41:02.100Z,18.7854995727539,-155.263168334961,10.25,2.47000003,md,30,274,,0.140000001,hv,hv73459312,2023-06-23T04:54:44.040Z,"45 km SE of Naalehu, Hawaii",earthquake,1.58,1.57000005,0.330000013,5,automatic,hv,hv
2023-06-23T04:28:49.410Z,57.9385,-153.4365,4.3,1.6,ml,,,,0.49,ak,ak0237zu2879,2023-06-24T01:13:48.582Z,"33 km WNW of Port Lions, Alaska",earthquake,,0.7,,,reviewed,ak,ak
2023-06-23T04:20:07.230Z,38.7773333,-122.7201667,1.38,1.75,md,49,42,0.01382,0.05,nc,nc73904151,2023-06-23T21:41:17.989Z,"2km W of Anderson Springs, CA",earthquake,0.15,0.23,0.186,47,reviewed,nc,nc
2023-06-23T04:18:41.940Z,37.3403333,-121.6033333,5.74,1.03,md,16,52,0.0313,0.1,nc,nc73904146,2023-06-23T20:36:16.548Z,"20km E of Alum Rock, CA",earthquake,0.26,0.48,0.118,16,reviewed,nc,nc
2023-06-23T04:13:06.510Z,19.166166305542,-155.47900390625,30.0900001525879,2.05999994,md,38,100,,0.170000002,hv,hv73459292,2023-06-23T04:16:18.060Z,"4 km S of Pāhala, Hawaii",earthquake,0.79,1.16999996,0.99000001,16,automatic,hv,hv
2023-06-23T04:10:15.054Z,61.0512,-148.3923,0,1.2,ml,,,,0.5,ak,ak0237ztyas3,2023-06-24T03:27:13.175Z,"",ice quake,,0,,,reviewed,ak,ak
2023-06-23T04:02:04.651Z,60.1346,-152.1709,70.9,1.9,ml,,,,0.48,ak,ak0237ztwk3l,2023-06-24T01:13:48.138Z,"29 km WNW of Ninilchik, Alaska",earthquake,,0.5,,,reviewed,ak,ak
2023-06-23T03:46:10.820Z,19.1625003814697,-155.47900390625,31.6100006103516,2.45,ml,49,156,,0.109999999,hv,hv73459267,2023-06-23T03:59:08.040Z,"4 km S of Pāhala, Hawaii",earthquake,0.58,0.730000019,3.13,22,automatic,hv,hv
2023-06-23T03:44:57.650Z,36.0946667,-120.6578333,7.31,1.01,md,9,160,0.05621,0.07,nc,nc71130739,2023-06-23T20:16:13.429Z,"24km ENE of San Ardo, CA",earthquake,1.14,1.17,0.267,6,reviewed,nc,nc
2023-06-23T03:44:51.730Z,36.0945,-120.659,4.52,0.98,md,18,140,0.05698,0.1,nc,nc73904136,2023-06-23T20:43:14.596Z,"24km ENE of San Ardo, CA",earthquake,0.73,0.55,0.252,9,reviewed,nc,nc
2023-06-23T03:31:04.141Z,66.3572,-154.6597,1.2,1.2,ml,,,,0.62,ak,ak0237zthc90,2023-06-24T01:13:47.946Z,"38 km NNW of Hughes, Alaska",earthquake,,0.5,,,reviewed,ak,ak
2023-06-23T03:26:54.189Z,43.6579,-76.2761,5.335,1.4,ml,15,75,0.321,0.23,us,us7000kasd,2023-06-24T05:35:38.040Z,"14 km SW of Ellisburg, New York",earthquake,0.87,4.482,0.097,14,reviewed,us,us
2023-06-23T03:22:10.350Z,38.8160019,-122.795166,2.17,1.08,md,16,50,0.008023,0.01,nc,nc73904131,2023-06-23T03:44:15.497Z,"6km NW of The Geysers, CA",earthquake,0.23,0.46,0.28,19,automatic,nc,nc
2023-06-23T03:20:45.330Z,33.3846667,-116.7548333,12.9,0.39,ml,22,85,0.09539,0.12,ci,ci40492512,2023-06-23T18:58:45.430Z,"11km ENE of Palomar Observatory, CA",earthquake,0.23,0.61,0.117,11,reviewed,ci,ci
2023-06-23T03:17:22.005Z,39.9268,-117.7919,5.2,2.5,ml,7,151.37,0.256,0.3293,nn,nn00861604,2023-06-23T14:49:01.184Z,"64 km ESE of Lovelock, Nevada",earthquake,,3.7,0.31,4,reviewed,nn,nn
2023-06-23T03:16:57.250Z,51.851,-178.048,2.85,1.3,ml,6,111,,0.21,av,av91934766,2023-06-23T19:52:33.410Z,"Andreanof Islands, Aleutian Islands, Alaska",earthquake,0.57,1.77,0.358784828349703,6,reviewed,av,av
2023-06-23T03:15:15.368Z,65.798,-151.3482,4.3,1.1,ml,,,,0.92,ak,ak0237ztdxns,2023-06-24T01:13:47.564Z,"northern Alaska",earthquake,,0.3,,,reviewed,ak,ak
2023-06-23T03:15:03.966Z,67.1653,-143.0175,11.3,1.6,ml,,,,0.6,ak,ak0237ztdwtk,2023-06-24T01:13:47.756Z,"64 km NNE of Chalkyitsik, Alaska",earthquake,,0.4,,,reviewed,ak,ak
2023-06-23T03:07:01.530Z,51.8461666666667,-178.048833333333,3.46,1.15,ml,5,124,,0.1,av,av91934756,2023-06-23T19:46:09.950Z,"",earthquake,0.41,1.06,0.338177172636224,5,reviewed,av,av
2023-06-23T03:04:26.431Z,62.8968,-150.8357,86.3,1.1,ml,,,,0.38,ak,ak0237ztbmf1,2023-06-24T01:13:47.364Z,"44 km N of Petersville, Alaska",earthquake,,0.7,,,reviewed,ak,ak
2023-06-23T02:59:55.310Z,51.8396666666667,-178.041333333333,5.23,0.72,ml,4,135,,0.04,av,av91934751,2023-06-23T19:39:54.030Z,"97 km W of Adak, Alaska",earthquake,0.44,1.02,0.218502956975107,5,reviewed,av,av
2023-06-23T02:54:39.070Z,58.8236,-139.5127,2.3,1.9,ml,,,,0.58,ak,ak0237zt0wt7,2023-06-24T03:27:13.566Z,"off the coast of Southeastern Alaska",earthquake,,1.4,,,reviewed,ak,ak
2023-06-23T02:50:02.550Z,40.5298333,-124.3296667,19.04,1.88,md,20,204,0.05454,0.08,nc,nc73904121,2023-06-23T23:09:16.509Z,"8km SW of Ferndale, CA",earthquake,0.68,0.39,0.087,11,reviewed,nc,nc
2023-06-23T02:48:01.669Z,35.47583333,-98.02583333,6.4,1.31,ml,79,63,0.05128993517,0.58,ok,ok2023meho,2023-06-23T12:11:22.681Z,"8 km SW of El Reno, Oklahoma",earthquake,,1,0.24,33,reviewed,ok,ok
2023-06-23T02:25:57.409Z,65.6771,-145.3235,3.2,1.2,ml,,,,1,ak,ak0237zsuqge,2023-06-24T01:13:47.158Z,"26 km WNW of Central, Alaska",earthquake,,0.4,,,reviewed,ak,ak
2023-06-23T02:23:24.780Z,58.1773333333333,-155.3395,2.46,0.2,ml,6,251,,0.14,av,av91934731,2023-06-23T19:29:42.590Z,"85 km NW of Karluk, Alaska",earthquake,0.88,0.63,0.395221826653215,6,reviewed,av,av
2023-06-23T02:22:52.275Z,56.6388,-148.9231,10,2.9,ml,15,265,2.298,0.28,us,us7000kahi,2023-06-24T01:13:46.909Z,"Gulf of Alaska",earthquake,4.93,2.021,0.069,28,reviewed,us,us
2023-06-23T02:16:59.760Z,40.7141667,-124.2081667,18.84,1.8,md,25,172,0.07054,0.12,nc,nc73904116,2023-06-23T22:49:16.390Z,"2km SW of Humboldt Hill, CA",earthquake,0.45,0.36,0.196,17,reviewed,nc,nc
2023-06-23T02:15:20.007Z,39.6135,-119.9633,7.2,2.3,ml,28,67.76,0.006,0.1437,nn,nn00861594,2023-06-23T15:39:20.114Z,"",earthquake,,0.9,0.24,8,reviewed,nn,nn
2023-06-23T02:10:06.562Z,31.43949959,-103.7479056,0.5015136719,1.9,ml,10,62,0.1230396312,0.1,tx,tx2023megj,2023-06-23T15:55:44.583Z,"14 km NNE of Toyah, Texas",earthquake,1.271044485,2.153071632,0.1,25,reviewed,tx,tx
2023-06-23T02:01:50.430Z,38.823,-122.794,2.65,0.42,md,27,34,0.01256,0.03,nc,nc73904106,2023-06-23T11:50:13.396Z,"6km NNW of The Geysers, CA",earthquake,0.14,0.29,0.146,26,reviewed,nc,nc
2023-06-23T02:00:32.020Z,58.223,-155.094833333333,3.63,-0.05,ml,5,111,,0.11,av,av91934721,2023-06-23T19:21:09.490Z,"82 km NNW of Karluk, Alaska",earthquake,0.4,1.3,0.174442038197767,5,reviewed,av,av
2023-06-23T01:50:01.970Z,35.499,-118.3956667,9.02,1.23,ml,17,67,0.1755,0.13,ci,ci40492496,2023-06-23T18:54:09.954Z,"13km SE of Bodfish, CA",earthquake,0.21,0.75,0.133,7,reviewed,ci,ci
2023-06-23T01:42:39.690Z,60.0283333333333,-153.082333333333,5.13,-0.56,ml,4,163,,0.31,av,av91934711,2023-06-23T23:40:48.900Z,"63 km ENE of Pedro Bay, Alaska",earthquake,1.65,2.83,0.149259247993697,4,reviewed,av,av
2023-06-23T01:38:56.081Z,62.2919,-151.4658,88,1.1,ml,,,,0.26,ak,ak0237zsc32g,2023-06-24T01:13:50.529Z,"33 km N of Skwentna, Alaska",earthquake,,0.8,,,reviewed,ak,ak
2023-06-23T01:37:15.250Z,35.6091667,-118.3855,6.79,0.95,ml,13,186,0.08979,0.11,ci,ci40492488,2023-06-23T18:47:35.967Z,"8km E of Lake Isabella, CA",earthquake,0.49,0.43,0.17,4,reviewed,ci,ci
2023-06-23T01:30:31.007Z,31.64829254,-104.29053,5.154663086,1.9,ml,36,68,0.03197866835,0.2,tx,tx2023mefa,2023-06-23T17:55:25.863Z,"59 km S of Whites City, New Mexico",earthquake,0.5891946963,0.6613947012,0,6,reviewed,tx,tx
2023-06-23T01:15:28.660Z,58.7011666666667,-154.101666666667,13.91,0.34,ml,5,324,,0.13,av,av91934696,2023-06-23T18:53:55.010Z,"90 km SSE of Kokhanok, Alaska",earthquake,1.12,0.88,0.304903230843223,6,reviewed,av,av
2023-06-23T01:14:39.085Z,60.0678,-151.5855,67.7,1.3,ml,,,,0.52,ak,ak0237zs6vig,2023-06-24T01:13:46.699Z,"4 km ENE of Ninilchik, Alaska",earthquake,,0.9,,,reviewed,ak,ak
2023-06-23T01:11:46.630Z,19.2146,-67.7243,67,3.56,md,8,262,0.8656,0.33,pr,pr2023174000,2023-06-23T01:50:31.143Z,"100 km NE of Punta Cana, Dominican Republic",earthquake,3.55,7.39,0.04,6,reviewed,pr,pr
2023-06-23T01:10:02.930Z,32.7886667,-116.6403333,17.29,0.84,ml,14,86,0.1116,0.13,ci,ci40492472,2023-06-23T18:43:24.323Z,"11km WSW of Pine Valley, CA",earthquake,0.25,0.6,0.097,6,reviewed,ci,ci
2023-06-23T01:01:59.130Z,57.528,-156.525333333333,5.78,1.18,ml,4,294,,0.19,av,av91934676,2023-06-23T18:45:35.250Z,"52 km E of Ugashik, Alaska",earthquake,1.41,2.13,0.214465386218276,4,reviewed,av,av
2023-06-23T00:58:08.960Z,-15.7645,-173.5235,41.367,4.5,mb,17,64,2.904,0.21,us,us7000kahb,2023-06-23T01:45:24.040Z,"35 km NE of Hihifo, Tonga",earthquake,6.21,7.446,0.171,10,reviewed,us,us
2023-06-23T00:53:24.020Z,38.7806664,-122.7645035,1.4,1.08,md,14,85,0.02028,0.03,nc,nc73904101,2023-06-23T01:21:16.705Z,"1km WNW of The Geysers, CA",earthquake,0.28,0.62,0.15,14,automatic,nc,nc
2023-06-23T00:47:44.030Z,58.186,-155.3345,2.3,0.52,ml,7,201,,0.07,av,av91934656,2023-06-23T17:45:42.440Z,"86 km NW of Karluk, Alaska",earthquake,0.33,0.44,0.252341348101152,7,reviewed,av,av
2023-06-23T00:41:56.380Z,38.8145,-122.8226667,2.43,1.61,md,48,33,0.007583,0.05,nc,nc73904096,2023-06-23T21:57:15.088Z,"7km NW of The Geysers, CA",earthquake,0.15,0.26,0.139,39,reviewed,nc,nc
2023-06-23T00:33:40.010Z,36.0503333,-120.6098333,8.68,1.1,md,22,74,0.0215,0.06,nc,nc73904091,2023-06-23T19:22:15.105Z,"23km NW of Parkfield, CA",earthquake,0.29,0.42,0.072,9,reviewed,nc,nc
2023-06-23T00:30:26.090Z,62.1958,-149.4341,39.8,1.9,ml,,,,0.62,ak,ak0237zrovd3,2023-06-24T01:14:47.485Z,"Central Alaska",earthquake,,0.6,,,reviewed,ak,ak
2023-06-23T00:21:53.530Z,59.9856666666667,-153.0825,1.07,-1,ml,4,122,,0.11,av,av91934636,2023-06-23T17:41:05.760Z,"61 km ENE of Pedro Bay, Alaska",earthquake,0.39,1.32,0.145673513981963,4,reviewed,av,av
2023-06-23T00:21:34.080Z,38.7719994,-122.7218323,1.82,1.03,md,8,91,0.01066,0.02,nc,nc73904081,2023-06-23T00:39:17.450Z,"3km W of Anderson Springs, CA",earthquake,0.5,0.8,0.18,7,automatic,nc,nc
2023-06-23T00:05:45.260Z,60.0756666666667,-152.976166666667,7.62,-0.29,ml,4,312,,0.26,av,av91934626,2023-06-23T17:33:57.470Z,"70 km W of Happy Valley, Alaska",earthquake,2.48,1.57,0.274975539080093,4,reviewed,av,av
2023-06-23T00:01:20.750Z,38.4773333,-112.8435,0.04,-0.26,md,6,195,0.02323,0.04,uu,uu60033484,2023-06-23T14:16:06.800Z,"Utah",earthquake,0.68,31.61,0.432,3,reviewed,uu,uu
2023-06-23T00:00:16.270Z,38.4778333,-112.8445,-0.17,0.11,md,6,193,0.02318,0.05,uu,uu60543036,2023-06-23T14:12:28.800Z,"Utah",earthquake,0.72,0.34,0.126,2,reviewed,uu,uu
2023-06-22T23:59:49.630Z,60.0513333333333,-153.076333333333,2.04,-0.18,ml,4,200,,0.15,av,av91934621,2023-06-23T23:57:54.730Z,"",earthquake,0.91,1.35,0.350900023457234,4,reviewed,av,av
2023-06-22T23:58:21.480Z,38.8381653,-122.8746643,2.1,0.62,md,8,113,0.005061,0.03,nc,nc73904071,2023-06-23T00:17:19.293Z,"12km WNW of The Geysers, CA",earthquake,0.48,0.86,0.35,8,automatic,nc,nc
2023-06-22T23:38:20.268Z,61.3913,-150.0526,42.5,1,ml,,,,0.64,ak,ak0237yhw74a,2023-06-26T18:48:42.138Z,"5 km NW of Point MacKenzie, Alaska",earthquake,,0.9,,,reviewed,ak,ak
2023-06-22T23:37:09.829Z,31.61534977,-104.5143444,6.157275391,1.9,ml,21,147,0.05458335468,0.1,tx,tx2023mebh,2023-06-26T15:08:41.980Z,"63 km SSW of Whites City, New Mexico",earthquake,2.239881072,1.455040509,0.1,12,reviewed,tx,tx
2023-06-22T23:25:07.885Z,63.1282,-150.1769,92.3,2,ml,,,,0.61,ak,ak0237yhtdvm,2023-06-26T18:48:40.917Z,"68 km WSW of Cantwell, Alaska",earthquake,,0.4,,,reviewed,ak,ak
2023-06-22T23:21:43.180Z,47.615,-121.76383333333334,12.43,0.56,md,5,155,0.09305,0.04,uw,uw61926342,2023-06-24T04:32:11.860Z,"10 km NNE of Snoqualmie, Washington",earthquake,0.77,0.68,0.11172179692782724,2,reviewed,uw,uw
2023-06-22T23:16:41.228Z,51.1372,-178.1755,17.6,2.1,ml,,,,0.56,ak,ak0237yhrize,2023-06-26T18:48:41.945Z,"134 km SW of Adak, Alaska",earthquake,,1,,,reviewed,ak,ak
2023-06-22T22:57:40.580Z,37.5435,-118.7808333,7.68,1.56,md,21,105,0.03427,0.05,nc,nc73904066,2023-06-23T13:44:13.053Z,"9km WSW of Toms Place, CA",earthquake,0.43,0.69,0.241,22,reviewed,nc,nc
2023-06-22T22:56:19.240Z,34.0115,-116.9548333,19.2,2.07,ml,79,43,0.08334,0.15,ci,ci40492432,2023-06-23T18:33:47.479Z,"8km ESE of Yucaipa, CA",earthquake,0.11,0.27,0.158,26,reviewed,ci,ci
2023-06-22T22:54:46.174Z,49.6766,-178.4149,6.8,3.1,ml,,,,0.55,ak,ak0237yhe8x0,2023-06-26T20:42:28.200Z,"274 km SSW of Adak, Alaska",earthquake,,2.1,,,reviewed,ak,ak
2023-06-22T22:38:57.071Z,32.02055034,-103.8093296,6.902807617,2,ml,12,60,0.02322023537,0.1,tx,tx2023mdzj,2023-06-23T20:36:08.079Z,"33 km SE of Malaga, New Mexico",earthquake,1.507738569,1.436773805,0.2,7,reviewed,tx,tx
2023-06-22T22:38:49.237Z,63.531,-150.9362,7.2,1.1,ml,,,,0.86,ak,ak0237yhatpt,2023-06-26T18:48:40.490Z,"39 km E of Denali National Park, Alaska",earthquake,,0.2,,,reviewed,ak,ak
2023-06-22T22:36:50.556Z,1.3536,120.4015,35,4.7,mb,17,196,0.45,0.53,us,us7000kagx,2023-06-22T23:02:55.040Z,"256 km NNE of Palu, Indonesia",earthquake,8.56,1.982,0.159,12,reviewed,us,us
2023-06-22T22:22:41.760Z,40.2975,-124.7141667,14.79,2.94,md,65,236,0.2844,0.23,nc,nc73904051,2023-06-23T22:12:17.180Z,"36km W of Petrolia, CA",earthquake,0.74,0.62,0.186,60,reviewed,nc,nc
2023-06-22T22:21:25.220Z,44.6515,-114.372666666667,8.44,1.98,ml,12,95,0.3594,0.17,mb,mb90019398,2023-06-23T14:08:49.800Z,"",earthquake,0.6,1.17,0.247401778259244,17,reviewed,mb,mb
2023-06-22T22:20:54.847Z,54.4556,-161.3091,5.3,2,ml,,,,0.59,ak,ak0237yh6zam,2023-06-26T20:42:28.618Z,"93 km SE of King Cove, Alaska",earthquake,,1.2,,,reviewed,ak,ak
2023-06-22T22:05:55.025Z,56.7566,-157.1331,76.8,1.7,ml,,,,0.39,ak,ak0237yh3rja,2023-06-26T20:42:28.424Z,"85 km S of Ugashik, Alaska",earthquake,,3.1,,,reviewed,ak,ak
2023-06-22T21:57:42.460Z,38.7799988,-122.7358322,-0.79,0.58,md,8,108,0.02028,0.13,nc,nc73904046,2023-06-22T22:20:14.521Z,"2km E of The Geysers, CA",earthquake,0.33,2.77,0.14,5,automatic,nc,nc
2023-06-22T21:53:58.060Z,35.46633333,-98.02133333,6.01,1.22,ml,72,62,0.04229170093,0.5,ok,ok2023mdxw,2023-06-23T12:42:22.564Z,"9 km SW of El Reno, Oklahoma",earthquake,,0.9,0.28,28,reviewed,ok,ok
2023-06-22T21:51:52.380Z,58.2176666666667,-155.111666666667,-2.18,0.26,ml,7,103,,0.26,av,av91934531,2023-06-24T00:12:58.220Z,"82 km NNW of Karluk, Alaska",earthquake,0.54,4.07,0.132491852313756,5,reviewed,av,av
2023-06-22T21:50:11.670Z,53.9136666666667,-166.694666666667,3.35,-0.05,ml,4,162,,0.13,av,av91934536,2023-06-24T00:29:47.620Z,"Fox Islands, Aleutian Islands, Alaska",earthquake,0.59,1.09,0.161855608380284,4,reviewed,av,av
2023-06-22T21:49:53.930Z,38.8373337,-122.8099976,1.1,0.69,md,9,66,0.01995,0.02,nc,nc73904041,2023-06-22T22:07:15.451Z,"8km WNW of Cobb, CA",earthquake,0.43,1.1,0.07,9,automatic,nc,nc
2023-06-22T21:43:52.846Z,38.094,-118.1489,8.7,1.7,ml,7,60.64,0.321,0.1906,nn,nn00861589,2023-06-22T23:51:37.735Z,"33 km S of Mina, Nevada",earthquake,,5.8,0.28,6,reviewed,nn,nn
2023-06-22T21:17:24.640Z,44.168,-122.79666666666667,-0.58,1,ml,9,61,0.1395,0.22,uw,uw61926312,2023-06-24T04:50:38.160Z,"20 km S of Holley, Oregon",explosion,0.51,31.61,0.27260341810888983,5,reviewed,uw,uw
2023-06-22T21:17:03.960Z,33.5143333,-116.551,13.5,0.56,ml,21,58,0.04705,0.11,ci,ci40492336,2023-06-23T17:55:01.645Z,"12km ESE of Anza, CA",earthquake,0.27,0.45,0.11,11,reviewed,ci,ci
2023-06-22T21:14:07.670Z,33.9051667,-116.702,16.66,0.79,ml,24,78,0.1404,0.09,ci,ci40492320,2023-06-23T17:48:58.580Z,"8km E of Cabazon, CA",earthquake,0.17,0.47,0.152,16,reviewed,ci,ci
2023-06-22T21:12:03.721Z,63.8971,-148.8482,107,1.2,ml,,,,0.53,ak,ak0237ygjq1p,2023-06-26T18:48:40.266Z,"Central Alaska",earthquake,,0.5,,,reviewed,ak,ak
2023-06-22T21:11:26.011Z,51.4095,-177.6896,25.9,2,ml,,,,0.47,ak,ak0237ygjk1u,2023-06-26T18:48:40.063Z,"89 km SW of Adak, Alaska",earthquake,,18,,,reviewed,ak,ak
2023-06-22T21:05:46.183Z,60.7743,-152.0192,82.7,1.4,ml,,,,0.54,ak,ak0237ygibc6,2023-06-26T18:48:39.832Z,"40 km WNW of Nikiski, Alaska",earthquake,,0.5,,,reviewed,ak,ak
2023-06-22T21:05:42.190Z,33.6463333,-116.7238333,13.63,0.37,ml,11,154,0.04742,0.07,ci,ci40492296,2023-06-23T17:39:54.878Z,"10km S of Idyllwild, CA",earthquake,0.24,0.5,0.092,2,reviewed,ci,ci
2023-06-22T21:05:25.570Z,33.6471667,-116.7178333,13.7,0.14,ml,10,146,0.04265,0.1,ci,ci37527461,2023-06-23T17:44:13.554Z,"10km S of Idyllwild, CA",earthquake,0.37,0.79,0.149,3,reviewed,ci,ci
2023-06-22T20:52:39.770Z,51.8596666666667,-178.042,-1.8,1.28,ml,5,98,,0.28,av,av91934456,2023-06-23T23:42:54.530Z,"96 km W of Adak, Alaska",earthquake,0.48,1.68,0.232952409377655,5,reviewed,av,av
2023-06-22T20:50:15.850Z,58.2553333333333,-155.124666666667,31.19,0.17,ml,9,138,,0.24,av,av91108393,2023-06-23T23:33:11.980Z,"86 km NNW of Karluk, Alaska",earthquake,1.24,1.14,0.241631894585958,8,reviewed,av,av
2023-06-22T20:49:52.270Z,58.2473333333333,-155.15,33.02,-0.18,ml,10,104,,0.32,av,av91934446,2023-06-23T23:24:37.770Z,"86 km NNW of Karluk, Alaska",earthquake,1.07,1.63,0.219433297932115,9,reviewed,av,av
2023-06-22T20:49:28.250Z,34.39383333,-96.85983333,0,1.73,ml,75,103,0.3401332543,0.39,ok,ok2023mdvt,2023-06-23T12:33:57.078Z,"Oklahoma",quarry blast,,0.4,0.26,25,reviewed,ok,ok
2023-06-22T20:39:41.648Z,60.5842,-142.7308,3.7,1.7,ml,,,,0.92,ak,ak0237yg45oy,2023-06-26T18:48:39.600Z,"95 km S of McCarthy, Alaska",earthquake,,0.2,,,reviewed,ak,ak
2023-06-22T20:30:21.860Z,32.6031667,-117.0003333,-0.43,1.23,ml,20,207,0.05938,0.26,ci,ci40492264,2023-06-23T17:29:45.476Z,"5km ESE of Chula Vista, CA",quarry blast,1.21,31.61,0.089,7,reviewed,ci,ci
2023-06-22T20:28:11.100Z,58.2735,-155.133,31.83,-0.03,ml,9,92,,0.26,av,av91108383,2023-06-23T23:12:10.240Z,"88 km NNW of Karluk, Alaska",earthquake,0.9,1.31,0.248863301392078,9,reviewed,av,av
2023-06-22T20:26:32.198Z,58.2639,-155.0994,28.9,1.3,ml,,,,0.63,ak,ak0237yg1c8n,2023-06-26T18:48:39.405Z,"86 km NNW of Karluk, Alaska",earthquake,,0.5,,,reviewed,ak,ak
2023-06-22T20:25:37.341Z,58.269,-155.0892,26.3,1.3,ml,,,,0.5,ak,ak0237yg154p,2023-06-26T18:48:39.205Z,"86 km NNW of Karluk, Alaska",earthquake,,0.3,,,reviewed,ak,ak
2023-06-22T20:25:04.000Z,58.2586666666667,-155.136333333333,31.25,0.43,ml,12,92,,0.28,av,av91108373,2023-06-23T22:33:20.040Z,"",earthquake,0.8,1.31,0.335094067739217,11,reviewed,av,av
2023-06-22T20:24:44.220Z,58.2413333333333,-155.149,32.66,0.37,ml,12,109,,0.25,av,av91934431,2023-06-23T22:26:16.880Z,"85 km NNW of Karluk, Alaska",earthquake,0.68,1.17,0.313165958767112,12,reviewed,av,av
2023-06-22T20:24:43.350Z,33.7183333,-116.771,16.67,0.95,ml,33,103,0.04791,0.1,ci,ci40492256,2023-06-23T17:24:46.340Z,"5km WSW of Idyllwild, CA",earthquake,0.2,0.27,0.144,22,reviewed,ci,ci
2023-06-22T20:17:26.250Z,58.2711666666667,-155.107,4.91,0.55,ml,11,117,,0.23,av,av91934406,2023-06-23T22:16:55.970Z,"Alaska Peninsula",earthquake,0.41,0.83,0.314907159581408,11,reviewed,av,av
2023-06-22T20:17:11.359Z,57.2968,-150.0391,3,2.5,ml,,,,0.57,ak,ak0237yfzduk,2023-06-26T20:42:27.921Z,"139 km ESE of Chiniak, Alaska",earthquake,,0.9,,,reviewed,ak,ak
2023-06-22T20:13:45.333Z,23.6923,121.997,21.574,4.3,mb,49,89,0.604,0.64,us,us7000kafi,2023-06-23T18:49:04.040Z,"Taiwan",earthquake,3.81,5.957,0.093,33,reviewed,us,us
2023-06-22T20:10:28.507Z,-22.7042,172.7071,10,4.5,mb,40,93,8.121,0.94,us,us7000kafg,2023-06-23T18:26:13.040Z,"southeast of the Loyalty Islands",earthquake,6.89,1.834,0.091,37,reviewed,us,us
2023-06-22T20:10:00.716Z,39.3537,-119.9954,6.6,1.6,ml,25,51.16,0.069,0.1266,nn,nn00861580,2023-06-22T21:11:09.451Z,"Nevada",earthquake,,1,0.31,9,reviewed,nn,nn
2023-06-22T19:50:19.321Z,62.1865,-149.4382,31.1,3.7,ml,,,,0.73,ak,ak0237yfl15l,2023-06-26T20:43:27.667Z,"Central Alaska",earthquake,,0.3,,,reviewed,ak,ak
2023-06-22T19:47:38.360Z,19.3171666666667,-155.219,7.04,2.28,ml,26,176,,0.07,hv,hv73458757,2023-06-26T03:44:41.945Z,"",earthquake,0.36,0.84,0.131628490934063,24,reviewed,hv,hv
2023-06-22T19:46:52.720Z,38.8383331,-122.8353348,1.62,1.15,md,23,49,0.0002818,0.02,nc,nc73904021,2023-06-22T20:29:18.865Z,"10km NW of The Geysers, CA",earthquake,0.2,0.33,0.19,23,automatic,nc,nc
2023-06-22T19:45:13.650Z,58.185,-155.331666666667,2.25,-0.13,ml,7,201,,0.06,av,av91934386,2023-06-23T22:11:51.440Z,"Alaska Peninsula",earthquake,0.32,0.43,0.263619025526306,7,reviewed,av,av
2023-06-22T19:33:44.122Z,-28.7244,-176.6314,10,5.1,mb,21,83,1.25,1.11,us,us7000kaf3,2023-06-22T19:54:01.040Z,"",earthquake,10.22,1.915,0.095,36,reviewed,us,us
2023-06-22T19:32:41.840Z,36.5773333,-121.4253333,-0.43,1.34,md,26,52,0.02736,0.17,nc,nc73904011,2023-06-23T09:13:12.475Z,"8km NNE of Gonzales, CA",quarry blast,0.33,31.61,0.263,22,reviewed,nc,nc
2023-06-22T19:28:46.180Z,59.6413,-152.7128,91,1.4,ml,,,,0.43,ak,ak0237yfgdhv,2023-06-26T18:48:38.255Z,"51 km WSW of Anchor Point, Alaska",earthquake,,0.3,,,reviewed,ak,ak
2023-06-22T19:27:56.693Z,12.1441,-88.2701,35,4.9,mb,42,172,1.69,0.95,us,us7000kaf1,2023-06-22T19:40:01.040Z,"111 km SW of Jiquilillo, Nicaragua",earthquake,2.68,1.966,0.039,210,reviewed,us,us
2023-06-22T19:26:53.930Z,51.8536666666667,-178.033833333333,-1.8,0.1,ml,5,106,,0.27,av,av91934366,2023-06-23T22:06:39.710Z,"96 km W of Adak, Alaska",earthquake,0.54,1.96,0.328038966235136,5,reviewed,av,av
2023-06-22T19:24:23.790Z,17.9323333333333,-67.7205,22.06,3.39,md,10,220,0.2467,0.43,pr,pr71414423,2023-06-22T19:57:58.310Z,"56 km W of Pole Ojea, Puerto Rico",earthquake,2.19,9.9,0.0776594050106107,8,reviewed,pr,pr
2023-06-22T19:23:18.394Z,51.3444,-178.4085,34.5,2.1,ml,,,,0.43,ak,ak0237yff8sb,2023-06-26T18:48:38.055Z,"136 km WSW of Adak, Alaska",earthquake,,1.1,,,reviewed,ak,ak
2023-06-22T19:18:09.610Z,38.8300018,-122.8148346,2.38,0.76,md,9,98,0.007573,0,nc,nc73904006,2023-06-22T20:05:17.721Z,"8km NW of The Geysers, CA",earthquake,0.47,1.4,0.15,11,automatic,nc,nc
2023-06-22T19:18:09.190Z,19.1538333892822,-155.45832824707,31.2000007629395,2.15,ml,43,162,,0.140000001,hv,hv73458732,2023-06-22T19:23:41.060Z,"5 km SSE of Pāhala, Hawaii",earthquake,0.62,0.959999979,4.01,5,automatic,hv,hv
2023-06-22T19:17:02.267Z,64.9841,-147.3853,0,1.2,ml,,,,0.58,ak,ak0237yfdx9l,2023-06-26T18:48:37.874Z,"Central Alaska",explosion,,0,,,reviewed,ak,ak
2023-06-22T19:16:49.177Z,31.68084473,-104.449603,5.10324707,2.2,ml,12,59,0.02021237283,0.2,tx,tx2023mdsu,2023-06-23T13:23:12.456Z,"55 km S of Whites City, New Mexico",earthquake,1.115134371,1.103502145,0.1,20,reviewed,tx,tx
2023-06-22T19:15:19.050Z,38.8313333,-122.8141667,2.23,0.44,md,20,49,0.008547,0.02,nc,nc73904001,2023-06-23T04:35:18.796Z,"8km NW of The Geysers, CA",earthquake,0.2,0.34,0.186,21,reviewed,nc,nc
2023-06-22T19:08:12.242Z,60.7857,-151.7416,76.2,1.6,ml,,,,0.61,ak,ak0237yfc0k9,2023-06-26T18:48:37.631Z,"26 km WNW of Nikiski, Alaska",earthquake,,0.5,,,reviewed,ak,ak
2023-06-22T19:06:32.650Z,40.6376667,-122.2203333,16.95,2.52,md,29,68,0.02716,0.16,nc,nc73903996,2023-06-23T16:22:13.040Z,"1km ESE of Bella Vista, CA",earthquake,0.27,0.43,0.173,42,reviewed,nc,nc
2023-06-22T19:05:41.199Z,61.292,-150.1382,43.9,1.1,ml,,,,0.48,ak,ak0237yfbfob,2023-06-26T18:48:37.430Z,"11 km SW of Point MacKenzie, Alaska",earthquake,,0.4,,,reviewed,ak,ak
2023-06-22T19:02:27.740Z,19.1439990997314,-155.453826904297,29.8299999237061,1.97000003,md,32,176,,0.109999999,hv,hv73458717,2023-06-22T19:05:36.790Z,"Island of Hawaii, Hawaii",earthquake,0.69,1,1.62,10,automatic,hv,hv
2023-06-22T18:59:03.119Z,-4.0119,100.6933,10,4.5,mb,37,183,2.283,0.88,us,us7000kaen,2023-06-23T16:15:15.040Z,"",earthquake,6.69,1.868,0.113,23,reviewed,us,us
2023-06-22T18:58:40.440Z,34.9898333,-118.183,-0.91,1.03,ml,15,60,0.1169,0.18,ci,ci40492184,2023-06-22T19:31:51.856Z,"7km S of Mojave, CA",quarry blast,0.44,31.61,0.1,12,reviewed,ci,ci
2023-06-22T18:55:49.620Z,58.3725,-155.1035,18.96,0.44,ml,6,164,,0.29,av,av91934346,2023-06-23T22:00:11.510Z,"97 km ESE of King Salmon, Alaska",earthquake,1.36,1.59,0.39152405825893,6,reviewed,av,av
2023-06-22T18:55:43.261Z,61.6278,-150.306,47.1,1.2,ml,,,,0.7,ak,ak0237yf0o7s,2023-06-26T18:48:37.246Z,"14 km NE of Susitna, Alaska",earthquake,,1.8,,,reviewed,ak,ak
2023-06-22T18:54:06.230Z,48.089666666666666,-121.93483333333333,-0.25,1.3800000000000001,ml,12,73,0.01839,0.15,uw,uw61926287,2023-06-22T19:58:22.970Z,"2 km ENE of Granite Falls, Washington",explosion,0.37,31.61,0.1911662405697897,7,reviewed,uw,uw
2023-06-22T18:47:01.160Z,38.3858333,-122.6498333,8.83,1.42,md,29,46,0.01086,0.09,nc,nc73903991,2023-06-23T17:45:14.523Z,"7km NE of Rohnert Park, CA",earthquake,0.24,0.34,0.258,27,reviewed,nc,nc
2023-06-22T18:44:03.750Z,33.4136667,-117.0196667,9.36,1.05,ml,33,35,0.02657,0.17,ci,ci40492160,2023-06-22T19:25:45.744Z,"8km NE of Pala, CA",earthquake,0.2,0.65,0.075,20,reviewed,ci,ci
2023-06-22T18:41:52.030Z,49.109,-122.16,-0.37,1.09,ml,7,264,0.1212,0.19,uw,uw61935131,2023-06-22T20:01:38.940Z,"8 km NE of Abbotsford, Canada",explosion,1.35,31.61,0.07636526265396504,4,reviewed,uw,uw
2023-06-22T18:36:40.829Z,36.20083333,-95.82266667,0,1.22,ml,50,116,0.2906429659,0.58,ok,ok2023mdrj,2023-06-22T18:52:29.709Z,"7 km W of Catoosa, Oklahoma",quarry blast,,0.6,0.23,22,reviewed,ok,ok
2023-06-22T18:35:08.583Z,56.0214,-157.9634,41.7,2,ml,,,,0.64,ak,ak0237yewd2a,2023-06-26T18:48:37.058Z,"40 km SE of Chignik, Alaska",earthquake,,1.9,,,reviewed,ak,ak
2023-06-22T18:32:08.500Z,45.0926666666667,-111.737833333333,-2,1.15,ml,13,113,0.2562,0.21,mb,mb90019443,2023-06-23T18:13:24.040Z,"27 km SE of Virginia City, Montana",quarry blast,0.84,31.61,0.148604607729455,11,reviewed,mb,mb
2023-06-22T18:31:33.060Z,36.19616667,-95.809,0,1.23,ml,60,116,0.2852440254,0.48,ok,ok2023mdrf,2023-06-22T18:39:40.606Z,"5 km W of Catoosa, Oklahoma",quarry blast,,0.5,0.2,26,reviewed,ok,ok
2023-06-22T18:28:46.890Z,38.8183327,-122.7956696,2.47,1.04,md,21,34,0.01035,0.01,nc,nc73903986,2023-06-22T18:31:28.397Z,"6km NW of The Geysers, CA",earthquake,0.23,0.47,0.2,19,automatic,nc,nc
2023-06-22T18:25:43.180Z,33.9335,-117.8393333,8.69,0.74,ml,10,122,0.03054,0.12,ci,ci40492120,2023-06-22T19:09:10.900Z,"6km NNW of Yorba Linda, CA",earthquake,0.31,0.44,0.164,6,reviewed,ci,ci
2023-06-22T18:16:22.770Z,33.8553333,-117.4835,-0.5,1.53,ml,39,49,0.04955,0.27,ci,ci40492112,2023-06-22T19:05:02.908Z,"4km SE of Home Gardens, CA",quarry blast,0.33,31.61,0.187,24,reviewed,ci,ci
2023-06-22T18:15:02.880Z,19.16233253479,-155.505172729492,33.810001373291,1.71000004,md,25,211,,0.109999999,hv,hv73458667,2023-06-22T18:18:07.770Z,"5 km SSW of Pāhala, Hawaii",earthquake,0.88,1.14999998,1.77999997,4,automatic,hv,hv
2023-06-22T18:12:47.160Z,33.5696667,-116.6493333,14.49,0.37,ml,16,83,0.03521,0.08,ci,ci40492096,2023-06-22T18:56:52.435Z,"3km NE of Anza, CA",earthquake,0.23,0.39,0.076,8,reviewed,ci,ci
2023-06-22T18:11:21.823Z,62.2211,-153.2802,0.3,1.4,ml,,,,0.73,ak,ak0237yer8vg,2023-06-26T18:48:36.846Z,"Central Alaska",earthquake,,0.3,,,reviewed,ak,ak
2023-06-22T18:09:22.240Z,38.1128333,-122.1728333,-0.07,1.24,md,8,115,0.02113,0.04,nc,nc73903976,2023-06-22T18:44:30.712Z,"6km E of Vallejo, CA",quarry blast,0.3,31.61,0.259,10,reviewed,nc,nc
2023-06-22T18:08:30.570Z,33.8365,-117.6705,4.11,1.14,ml,26,64,0.06561,0.18,ci,ci40492088,2023-06-22T18:52:34.247Z,"10km WSW of Corona, CA",earthquake,0.23,0.58,0.166,15,reviewed,ci,ci
2023-06-22T18:06:25.809Z,36.01283333,-96.55166667,0,1.38,ml,60,97,0.1754655677,0.55,ok,ok2023mdqj,2023-06-22T18:21:22.453Z,"5 km ENE of Drumright, Oklahoma",quarry blast,,0.4,0.22,28,reviewed,ok,ok
2023-06-22T18:05:31.580Z,36.8893333,-121.6186667,-0.12,1.44,md,23,64,0.02195,0.1,nc,nc73903971,2023-06-23T01:00:37.541Z,"2km E of Aromas, CA",quarry blast,0.22,31.61,0.189,19,reviewed,nc,nc
2023-06-22T18:04:04.546Z,60.6391,-147.6892,6.4,2.9,ml,,,,0.8,ak,ak0237yeppig,2023-06-26T18:48:36.500Z,"56 km ESE of Whittier, Alaska",earthquake,,0.2,,,reviewed,ak,ak
2023-06-22T18:01:45.250Z,38.7921677,-122.7600021,2.44,0.72,md,10,72,0.008448,0.03,nc,nc73903966,2023-06-22T19:00:14.321Z,"2km N of The Geysers, CA",earthquake,0.35,0.99,0.07,10,automatic,nc,nc
2023-06-22T17:57:02.700Z,38.8353348,-122.8059998,2.09,1.07,md,18,53,0.01234,0.02,nc,nc73903961,2023-06-22T18:50:13.261Z,"7km WNW of Cobb, CA",earthquake,0.25,0.48,0.29,19,automatic,nc,nc
2023-06-22T17:55:52.270Z,33.067,-115.0025,-0.2,1.38,ml,13,85,0.09672,0.26,ci,ci40492072,2023-06-22T18:44:18.373Z,"45km NE of Holtville, CA",quarry blast,0.63,31.61,0.064,5,reviewed,ci,ci
2023-06-22T17:46:17.042Z,60.2541,-140.1956,1.3,1.4,ml,,,,0.68,ak,ak0237yedb0y,2023-06-26T20:42:27.253Z,"83 km NNW of Yakutat, Alaska",earthquake,,0.4,,,reviewed,ak,ak
2023-06-22T17:45:43.190Z,45.67633333333333,-123.34716666666667,-0.33,1.3900000000000001,ml,4,267,0.2132,0.2,uw,uw61935121,2023-06-22T20:06:05.260Z,"19 km WNW of Banks, Oregon",explosion,1.89,31.61,0.0728000079734259,4,reviewed,uw,uw
2023-06-22T17:44:38.180Z,19.1464996337891,-155.454162597656,30.5,1.92999995,md,29,175,,0.0900000036,hv,hv73458632,2023-06-22T17:47:49.620Z,"6 km SSE of Pāhala, Hawaii",earthquake,0.81,1.26999998,1.60000002,6,automatic,hv,hv
2023-06-22T17:37:27.490Z,33.8263333,-117.4843333,2.84,1.5,ml,26,61,0.03392,0.16,ci,ci40492048,2023-06-22T18:41:25.349Z,"7km SSE of Home Gardens, CA",quarry blast,0.24,0.22,0.242,28,reviewed,ci,ci
2023-06-22T17:37:12.280Z,51.8616666666667,-178.049833333333,-1.8,0.81,ml,5,97,,0.21,av,av91934266,2023-06-23T21:27:15.480Z,"97 km W of Adak, Alaska",earthquake,0.39,1.24,0.284230998558508,5,reviewed,av,av
2023-06-22T17:36:55.250Z,51.8595,-178.047166666667,-1.8,0.49,ml,5,97,,0.24,av,av91108363,2023-06-23T21:30:07.450Z,"97 km W of Adak, Alaska",earthquake,0.42,1.47,0.364724158960845,5,reviewed,av,av
2023-06-22T17:34:54.997Z,63.4238,-151.4067,3,1.1,ml,,,,0.88,ak,ak0237yeatbd,2023-06-26T18:48:36.108Z,"20 km SE of Denali National Park, Alaska",earthquake,,0.3,,,reviewed,ak,ak
2023-06-22T17:34:53.880Z,51.8591666666667,-178.039833333333,-1.8,0.93,ml,5,100,,0.28,av,av91934261,2023-06-23T21:17:51.510Z,"96 km W of Adak, Alaska",earthquake,0.47,1.67,0.175441084396269,4,reviewed,av,av
2023-06-22T17:33:44.946Z,34.3596,141.4387,10,4.6,mb,65,143,1.837,1.03,us,us7000kae2,2023-06-23T09:46:39.593Z,"134 km SE of Katsuura, Japan",earthquake,6.59,1.678,0.056,96,reviewed,us,us
2023-06-22T17:30:51.183Z,60.2267,-152.732,98.3,1.4,ml,,,,0.59,ak,ak0237ye9y5a,2023-06-26T18:48:41.204Z,"62 km WNW of Ninilchik, Alaska",earthquake,,1.3,,,reviewed,ak,ak
2023-06-22T17:30:35.104Z,51.1903,-174.9702,13.8,2.1,ml,,,,0.5,ak,ak0237ye9wwm,2023-06-26T18:48:41.406Z,"123 km SSW of Atka, Alaska",earthquake,,1.7,,,reviewed,ak,ak
2023-06-22T17:27:53.500Z,51.8608333333333,-178.041666666667,-1.8,0.99,ml,5,98,,0.3,av,av91934241,2023-06-23T21:14:59.940Z,"",earthquake,0.51,1.8,0.18480682476402,5,reviewed,av,av
2023-06-22T17:22:41.770Z,51.8523333333333,-178.048666666667,2.28,0.92,ml,4,162,,0.18,av,av91934236,2023-06-23T21:11:48.910Z,"97 km W of Adak, Alaska",earthquake,0.62,1.1,0.385065782376841,4,reviewed,av,av
2023-06-22T17:21:54.460Z,58.2738333333333,-155.019,2.06,0.19,ml,7,124,,0.23,av,av91934226,2023-06-23T20:56:21.910Z,"85 km NNW of Karluk, Alaska",earthquake,0.61,0.98,0.0668700389594614,2,reviewed,av,av
2023-06-22T17:18:11.860Z,38.8321667,-122.8203333,2,-0.27,md,11,62,0.01187,0.01,nc,nc73903951,2023-06-23T03:43:19.580Z,"8km NW of The Geysers, CA",earthquake,0.39,0.81,0.18,9,reviewed,nc,nc
2023-06-22T17:10:26.280Z,46.3203333333333,-111.6445,-2,1.42,ml,9,145,0.3474,0.31,mb,mb90019388,2023-06-23T14:18:52.010Z,"8 km SSW of The Silos, Montana",quarry blast,1.61,31.61,0.278509467270932,10,reviewed,mb,mb
2023-06-22T17:10:16.060Z,19.1744995117188,-155.468673706055,31.0499992370605,1.83000004,md,30,136,,0.100000001,hv,hv73458592,2023-06-22T17:13:43.720Z,"3 km SSE of Pāhala, Hawaii",earthquake,0.72,0.879999995,1.79999995,6,automatic,hv,hv
2023-06-22T17:04:25.730Z,33.6578333,-116.6936667,14.69,0.26,ml,11,85,0.01991,0.07,ci,ci40492032,2023-06-22T18:28:11.360Z,"9km SSE of Idyllwild, CA",earthquake,0.24,0.48,0.042,3,reviewed,ci,ci
2023-06-22T17:03:25.750Z,59.4312,-152.9115,95.9,1.7,ml,,,,0.46,ak,ak0237ye43u1,2023-06-26T18:48:35.862Z,"Southern Alaska",earthquake,,0.3,,,reviewed,ak,ak
2023-06-22T17:01:39.540Z,51.9215,179.5495,11.36,0.7,ml,4,253,,0.13,av,av91934216,2023-06-23T20:50:07.390Z,"262 km W of Adak, Alaska",earthquake,2.43,1.02,0.313462102421663,4,reviewed,av,av
2023-06-22T17:00:31.490Z,38.0145,-122.084,13.09,1.54,md,22,95,0.05512,0.08,nc,nc73903946,2023-06-23T03:51:15.536Z,"1km ENE of Vine Hill, CA",earthquake,0.4,0.84,0.18,24,reviewed,nc,nc
2023-06-22T16:46:51.630Z,51.8601666666667,-178.040666666667,-1.77,0.95,ml,5,99,,0.31,av,av91934201,2023-06-23T20:17:06.300Z,"96 km W of Adak, Alaska",earthquake,0.52,1.84,0.271253900770768,5,reviewed,av,av
2023-06-22T16:42:42.324Z,21.2446,93.8082,41.552,4.4,mb,17,183,2.626,1.08,us,us7000kaec,2023-06-23T15:59:51.040Z,"111 km WNW of Chauk, Myanmar",earthquake,12.41,13.437,0.161,11,reviewed,us,us
2023-06-22T16:42:04.637Z,54.6701,-159.835,9.6,2.1,ml,,,,0.35,ak,ak0237ydr0a9,2023-06-26T18:48:35.678Z,"85 km SSE of Sand Point, Alaska",earthquake,,0.9,,,reviewed,ak,ak
2023-06-22T16:37:42.474Z,-15.6248,167.5798,138.753,4.6,mb,21,162,5.815,0.87,us,us7000kadr,2023-06-22T17:17:32.040Z,"46 km ESE of Luganville, Vanuatu",earthquake,13.43,8.636,0.126,21,reviewed,us,us
2023-06-22T16:36:41.564Z,53.3421,-167.3424,13.2,2.1,ml,,,,0.69,ak,ak0237ydps1l,2023-06-26T18:48:35.494Z,"79 km SW of Unalaska, Alaska",earthquake,,0.6,,,reviewed,ak,ak
2023-06-22T16:36:28.880Z,36.7456667,-121.354,5.8,1.66,md,37,85,0.0386,0.2,nc,nc73903941,2023-06-27T07:37:12.681Z,"6km SSW of Tres Pinos, CA",earthquake,0.31,0.63,0.288,34,reviewed,nc,nc
2023-06-22T16:31:38.540Z,51.862,-178.039666666667,-1.8,1.27,ml,5,98,,0.31,av,av91934181,2023-06-23T20:21:02.230Z,"96 km W of Adak, Alaska",earthquake,0.55,1.8,0.31232002379511,5,reviewed,av,av
2023-06-22T16:23:49.119Z,66.1339,-148.0199,10.5,1.1,ml,,,,0.92,ak,ak0237ydn0e0,2023-06-26T18:48:35.306Z,"northern Alaska",earthquake,,0.3,,,reviewed,ak,ak
2023-06-22T16:15:17.050Z,38.8165,-122.8221667,2.67,0.14,md,20,55,0.009385,0.02,nc,nc73903936,2023-06-22T18:40:15.196Z,"7km NW of The Geysers, CA",earthquake,0.24,0.38,0.366,21,reviewed,nc,nc
2023-06-22T16:12:26.150Z,61.2941666666667,-152.2875,4.49,-0.37,ml,5,213,,0.13,av,av91934161,2023-06-23T20:27:11.490Z,"66 km WNW of Tyonek, Alaska",earthquake,0.81,1.61,0.122122358057666,4,reviewed,av,av
2023-06-22T16:12:16.132Z,61.4859,-149.9512,32.3,1.1,ml,,,,0.61,ak,ak0237ydkkvz,2023-06-26T18:48:35.120Z,"3 km S of Big Lake, Alaska",earthquake,,0.6,,,reviewed,ak,ak
2023-06-22T16:08:45.530Z,61.2991666666667,-152.270666666667,3.72,-0.14,ml,6,117,,0.1,av,av91934156,2023-06-23T20:29:01.310Z,"66 km WNW of Tyonek, Alaska",earthquake,0.76,1.19,0.105630435365447,5,reviewed,av,av
2023-06-22T16:07:59.480Z,61.2968333333333,-152.272833333333,3.95,0.03,ml,6,117,,0.08,av,av91934151,2023-06-23T20:31:18.400Z,"",earthquake,0.66,0.77,0.127078382377277,6,reviewed,av,av
2023-06-22T16:05:23.072Z,58.1811,-155.3116,1.4,1.1,ml,,,,0.54,ak,ak0237ydj3gq,2023-06-26T20:42:27.064Z,"85 km NW of Karluk, Alaska",earthquake,,1.2,,,reviewed,ak,ak
2023-06-22T16:02:59.822Z,62.5387,-151.2212,83.7,1.5,ml,,,,0.69,ak,ak0237ydimav,2023-06-26T18:48:34.695Z,"23 km W of Petersville, Alaska",earthquake,,0.4,,,reviewed,ak,ak
2023-06-22T16:02:11.508Z,31.61659294,-104.1014476,6.697143555000001,2,ml,21,70,0.04370767357,0.2,tx,tx2023mdmh,2023-06-22T17:38:19.815Z,"44 km NW of Toyah, Texas",earthquake,0.7569020843,0.7216287363,0.2,17,reviewed,tx,tx
2023-06-22T16:01:56.790Z,58.1798333333333,-155.355166666667,2.53,0.15,ml,8,208,,0.07,av,av91934141,2023-06-23T20:40:30.590Z,"86 km NW of Karluk, Alaska",earthquake,0.32,0.47,0.164617327388617,8,reviewed,av,av
2023-06-22T15:41:04.430Z,38.4881667,-112.8426667,0.21,0.11,md,9,100,0.00989,0.12,uu,uu60543001,2023-06-22T16:28:31.760Z,"17 km NE of Milford, Utah",earthquake,0.44,1.3,0.201,4,reviewed,uu,uu
2023-06-22T15:38:35.600Z,19.1511669158936,-155.367172241211,30.3899993896484,2.13000011,md,45,181,,0.109999999,hv,hv73458522,2023-06-22T15:41:56.080Z,"13 km ESE of Pāhala, Hawaii",earthquake,0.6,0.930000007,1.55999994,28,automatic,hv,hv
2023-06-22T15:32:31.697Z,60.9948,-146.6144,5.8,1.8,ml,,,,0.65,ak,ak0237yd3gtn,2023-06-26T14:11:47.685Z,"14 km NNE of Tatitlek, Alaska",earthquake,,0.1,,,reviewed,ak,ak
2023-06-22T15:26:12.835Z,63.4859,-151.2353,4.5,0.8,ml,,,,0.53,ak,ak0237yd253f,2023-06-26T14:11:47.486Z,"25 km ESE of Denali National Park, Alaska",earthquake,,0.2,,,reviewed,ak,ak
2023-06-22T15:22:18.051Z,63.5618,-148.9873,10.6,0.6,ml,,,,0.53,ak,ak0237yd1and,2023-06-26T14:11:47.297Z,"19 km N of Cantwell, Alaska",earthquake,,0.3,,,reviewed,ak,ak
2023-06-22T15:21:32.467Z,51.8443,-166.6939,10.7,2.5,ml,,,,0.52,ak,ak0237yd141q,2023-06-26T14:11:49.871Z,"191 km SE of Nikolski, Alaska",earthquake,,5.4,,,reviewed,ak,ak
2023-06-22T15:18:06.921Z,54.3851,-160.0498,2.2,1.9,ml,,,,0.63,ak,ak0237yd0exg,2023-06-26T14:11:50.071Z,"109 km SSE of Sand Point, Alaska",earthquake,,1.8,,,reviewed,ak,ak
2023-06-22T15:15:52.540Z,51.8731666666667,-177.9665,2.41,1.3,ml,6,145,,0.22,av,av91934106,2023-06-23T20:03:42.370Z,"",earthquake,0.56,1.57,0.184996070124221,6,reviewed,av,av
2023-06-22T15:13:18.640Z,58.1733333333333,-155.385833333333,1.98,0.06,ml,8,217,,0.05,av,av91934101,2023-06-23T20:01:32.140Z,"87 km NW of Karluk, Alaska",earthquake,0.36,0.66,0.286537673407973,8,reviewed,av,av
2023-06-22T15:08:26.570Z,60.3852,-151.161,57.6,1.3,ml,,,,0.36,ak,ak0237ycyba9,2023-06-26T14:11:49.662Z,"8 km ESE of Kalifornsky, Alaska",earthquake,,0.5,,,reviewed,ak,ak
2023-06-22T15:07:30.810Z,58.1845,-155.334666666667,1.83,0.41,ml,9,202,,0.07,av,av91934086,2023-06-23T19:52:48.730Z,"86 km NW of Karluk, Alaska",earthquake,0.3,0.6,0.283994395887531,9,reviewed,av,av
2023-06-22T15:07:24.110Z,18.6128,-67.7116,79,3.73,md,21,179,0.3258,0.31,pr,pr2023173001,2023-06-22T16:38:22.040Z,"Mona Passage",earthquake,1.52,1.38,0.11,11,reviewed,pr,pr
2023-06-22T15:02:45.814Z,57.5554,-156.3368,3,1.8,ml,,,,0.48,ak,ak0237ycx2if,2023-06-26T14:11:47.102Z,"63 km E of Ugashik, Alaska",earthquake,,0.3,,,reviewed,ak,ak
2023-06-22T14:51:14.750Z,-24.4893,-175.852,10,4.9,mb,21,127,3.358,0.74,us,us7000kad4,2023-06-22T15:16:06.040Z,"south of Tonga",earthquake,7.41,1.905,0.073,58,reviewed,us,us
2023-06-22T14:45:31.541Z,31.66638893,-104.30063,6.774267578,2.3,ml,26,67,0.03090498885,0.1,tx,tx2023mdju,2023-06-23T17:40:06.791Z,"56 km S of Whites City, New Mexico",earthquake,0.5855300427,0.5994353719,0.1,22,reviewed,tx,tx
2023-06-22T14:45:25.994Z,61.4205,-140.1273,8.2,1.3,ml,,,,0.29,ak,ak0237yckt5f,2023-06-26T14:11:46.910Z,"Southern Yukon Territory, Canada",earthquake,,0.2,,,reviewed,ak,ak
2023-06-22T14:43:01.150Z,51.9601666666667,-177.1455,11.46,0.83,ml,4,300,,0.22,av,av91934061,2023-06-23T19:46:07.800Z,"Andreanof Islands, Aleutian Islands, Alaska",earthquake,4.15,2.24,0.189171877809693,3,reviewed,av,av
2023-06-22T14:33:58.430Z,35.9051667,-117.7525,10.33,0.48,ml,6,173,0.08969,0.06,ci,ci40491904,2023-06-22T15:17:02.132Z,"14km ESE of Little Lake, CA",earthquake,0.34,0.69,0.23,2,reviewed,ci,ci
2023-06-22T14:33:26.762Z,54.2136,-159.7781,1.1,2.6,ml,,,,0.67,ak,ak0237yci8lg,2023-06-26T14:11:49.456Z,"133 km SSE of Sand Point, Alaska",earthquake,,2,,,reviewed,ak,ak
2023-06-22T14:33:01.340Z,35.9791667,-117.4991667,2.86,1.58,ml,23,86,0.196,0.17,ci,ci40491896,2023-06-22T15:00:01.002Z,"25km NNW of Searles Valley, CA",earthquake,0.27,0.85,0.099,10,reviewed,ci,ci
2023-06-22T14:32:11.221Z,57.7982,-152.7608,36.3,1.5,ml,,,,0.36,ak,ak0237ychzoi,2023-06-26T14:11:49.266Z,"10 km WNW of Kodiak Station, Alaska",earthquake,,1.1,,,reviewed,ak,ak
2023-06-22T14:26:13.039Z,61.8682,-150.8978,66.2,1.2,ml,,,,0.51,ak,ak0237ycgpgq,2023-06-26T14:11:46.701Z,"29 km ESE of Skwentna, Alaska",earthquake,,0.2,,,reviewed,ak,ak
2023-06-22T14:20:56.590Z,33.5696667,-116.6916667,12.38,0.62,ml,27,51,0.03834,0.14,ci,ci40491880,2023-06-22T14:47:29.504Z,"2km NW of Anza, CA",earthquake,0.2,0.37,0.069,10,reviewed,ci,ci
2023-06-22T14:06:47.170Z,45.35916666666667,-121.70566666666667,2.24,0.99,ml,9,85,0.0005998,0.05,uw,uw61935036,2023-06-22T21:57:35.890Z,"7 km NNE of Government Camp, Oregon",earthquake,0.24,0.52,0.213829548429173,8,reviewed,uw,uw
2023-06-22T14:00:16.010Z,58.2496666666667,-155.153333333333,32.96,0.2,ml,9,104,,0.16,av,av91108328,2023-06-23T07:18:05.480Z,"86 km NNW of Karluk, Alaska",earthquake,0.58,0.9,0.265021426740777,10,reviewed,av,av
2023-06-22T14:00:01.820Z,58.2763333333333,-155.102666666667,33.21,0.03,ml,6,112,,0.18,av,av91108323,2023-06-23T18:51:17.900Z,"87 km NNW of Karluk, Alaska",earthquake,1.23,1.2,0.231585785051274,6,reviewed,av,av
2023-06-22T13:59:41.216Z,58.274,-155.0994,26.4,1,ml,,,,0.32,ak,ak0237yc2eq1,2023-06-26T14:11:49.072Z,"87 km NNW of Karluk, Alaska",earthquake,,0.1,,,reviewed,ak,ak
2023-06-22T13:59:07.890Z,58.2488333333333,-155.163666666667,39.42,0.07,ml,10,110,,0.2,av,av91108308,2023-06-26T14:10:48.139Z,"86 km NNW of Karluk, Alaska",earthquake,0.75,1.2,0.371320463507551,12,reviewed,av,av
2023-06-22T13:58:50.649Z,58.2666,-155.1013,30,1,ml,,,,0.5,ak,ak0237yc27gs,2023-06-26T14:11:46.507Z,"86 km NNW of Karluk, Alaska",earthquake,,0.4,,,reviewed,ak,ak
2023-06-22T13:57:38.610Z,60.0591666666667,-153.054333333333,2.34,-0.73,ml,4,268,,0.24,av,av91934036,2023-06-23T06:14:52.440Z,"66 km ENE of Pedro Bay, Alaska",earthquake,1.3,1.4,0.259945422896764,3,reviewed,av,av
2023-06-22T13:54:41.760Z,51.859,-178.048166666667,-1.8,1.43,ml,6,98,,0.19,av,av91934031,2023-06-23T06:10:39.980Z,"97 km W of Adak, Alaska",earthquake,0.33,1.11,0.215072831946007,6,reviewed,av,av
2023-06-22T13:50:53.990Z,51.8626666666667,-178.052,-1.78,0.76,ml,5,97,,0.23,av,av91934026,2023-06-23T06:07:12.960Z,"97 km W of Adak, Alaska",earthquake,0.4,1.39,0.278301234511356,5,reviewed,av,av
2023-06-22T13:50:50.413Z,29.3687,139.6245,310.68,4,mb,24,147,3.738,0.72,us,us7000kacx,2023-06-22T16:50:14.040Z,"Izu Islands, Japan region",earthquake,6.42,9.433,0.072,51,reviewed,us,us
2023-06-22T13:49:31.820Z,58.2703333333333,-155.118333333333,31.45,-0.05,ml,11,96,,0.19,av,av91108303,2023-06-23T05:48:08.250Z,"",earthquake,0.64,0.9,0.319515024693495,10,reviewed,av,av
2023-06-22T13:49:17.890Z,58.2708333333333,-155.122166666667,31.99,-0.16,ml,7,119,,0.14,av,av91934021,2023-06-23T05:43:03.440Z,"87 km NNW of Karluk, Alaska",earthquake,0.57,0.81,0.252692006254223,7,reviewed,av,av
2023-06-22T13:47:47.250Z,58.17,-155.3265,1.76,0.06,ml,5,251,,0.1,av,av91108343,2023-06-23T07:33:50.500Z,"84 km NW of Karluk, Alaska",earthquake,0.69,0.74,0.272598227976238,5,reviewed,av,av
2023-06-22T13:39:45.170Z,38.8199997,-122.8233337,2.06,0.69,md,9,114,0.009652,0.01,nc,nc73903921,2023-06-22T13:56:15.439Z,"8km NW of The Geysers, CA",earthquake,0.38,0.8,0.24,12,automatic,nc,nc
2023-06-22T13:34:00.140Z,35.6083333,-117.5986667,7.14,1.05,ml,16,95,0.06147,0.16,ci,ci40491816,2023-06-22T14:37:05.343Z,"7km ESE of Ridgecrest, CA",earthquake,0.25,0.61,0.241,8,reviewed,ci,ci
2023-06-22T13:32:56.730Z,51.8618333333333,-178.055166666667,-1.8,0.78,ml,5,102,,0.26,av,av91934011,2023-06-23T05:38:57.250Z,"97 km W of Adak, Alaska",earthquake,0.45,1.53,0.298760562289379,5,reviewed,av,av
2023-06-22T13:31:48.224Z,36.7297,-115.8893,5.5,-0.2,ml,7,252.93,0.077,0.0877,nn,nn00861567,2023-06-22T15:02:08.157Z,"26 km NW of Indian Springs, Nevada",earthquake,,3.1,0.26,3,reviewed,nn,nn
2023-06-22T13:20:15.970Z,60.0043333333333,-153.0775,-0.57,-0.42,ml,4,130,,0.08,av,av91934006,2023-06-23T05:36:26.250Z,"62 km ENE of Pedro Bay, Alaska",earthquake,0.3,3.12,0.185963962472454,4,reviewed,av,av
2023-06-22T13:18:18.440Z,17.9373333333333,-66.988,9.55,2.19,md,15,228,0.06232,0.11,pr,pr71414398,2023-06-22T13:56:30.080Z,"7 km SE of La Parguera, Puerto Rico",earthquake,0.39,0.34,0.299360611942299,5,reviewed,pr,pr
2023-06-22T13:16:33.780Z,58.2918333333333,-154.987666666667,1.88,0.2,ml,12,129,,0.14,av,av91933996,2023-06-23T05:34:29.630Z,"",earthquake,0.29,0.48,0.274736540828336,12,reviewed,av,av
2023-06-22T13:12:55.670Z,53.5933333333333,-167.088166666667,11.86,0.78,ml,8,212,,0.08,av,av91933991,2023-06-23T05:27:51.910Z,"48 km SW of Unalaska, Alaska",earthquake,1.01,1.91,0.114410647940345,8,reviewed,av,av
2023-06-22T13:11:03.440Z,51.86,-178.046833333333,-1.75,1.25,ml,5,95,,0.2,av,av91933981,2023-06-23T05:22:05.130Z,"97 km W of Adak, Alaska",earthquake,0.37,1.29,0.215465489624733,5,reviewed,av,av
2023-06-22T13:06:42.710Z,60.3954,-140.3878,1.7,1.2,ml,,,,0.81,ak,ak0237ybr1vs,2023-06-26T14:11:46.310Z,"101 km NNW of Yakutat, Alaska",earthquake,,0.4,,,reviewed,ak,ak
2023-06-22T13:05:15.735Z,53.6144,-167.0864,9.5,1.6,ml,,,,0.59,ak,ak0237ybqs4b,2023-06-26T14:11:46.103Z,"Fox Islands, Aleutian Islands, Alaska",earthquake,,0.2,,,reviewed,ak,ak
2023-06-22T12:58:46.566Z,39.623,-119.957,7.3,1.8,ml,19,69.1,0.016,0.109,nn,nn00861558,2023-06-22T16:07:31.706Z,"",earthquake,,0.9,0.23,5,reviewed,nn,nn
2023-06-22T12:56:35.640Z,46.868833333333335,-120.70016666666666,8.94,0.7000000000000001,ml,7,136,0.08401,0.26,uw,uw61935016,2023-06-22T22:06:34.300Z,"15 km N of Naches, Washington",earthquake,0.91,0.72,0.12792043678302922,6,reviewed,uw,uw
2023-06-22T12:44:39.360Z,40.2891667,-124.7256667,13.92,2.59,md,28,262,0.293,0.21,nc,nc73903916,2023-06-23T22:27:16.258Z,"38km W of Petrolia, CA",earthquake,0.93,1.04,0.222,30,reviewed,nc,nc
2023-06-22T12:40:04.238Z,39.6198,-119.9665,6.6,1.1,ml,18,68.66,0.013,0.1587,nn,nn00861556,2023-06-22T17:09:46.627Z,"6 km S of Cold Springs, Nevada",earthquake,,1.3,0.21,9,reviewed,nn,nn
2023-06-22T12:34:23.862Z,31.53375684,-104.1770257,8.830908202999998,2.1,ml,21,73,0.0624058845,0.2,tx,tx2023mdfk,2023-06-22T17:51:42.756Z,"43 km WNW of Toyah, Texas",earthquake,1.079878984,1.630444657,0.2,17,reviewed,tx,tx
2023-06-22T12:28:23.219Z,58.9809,-150.6802,49.8,2,ml,,,,0.52,ak,ak0237ybaahr,2023-06-26T14:11:45.841Z,"75 km SSE of Halibut Cove, Alaska",earthquake,,0.9,,,reviewed,ak,ak
2023-06-22T12:26:29.260Z,35.9865,-121.461,11.39,1.29,md,16,175,0.09846,0.05,nc,nc73903911,2023-06-22T19:32:14.523Z,"10km ESE of Lopez Point, CA",earthquake,0.3,0.46,0.048,10,reviewed,nc,nc
2023-06-22T12:23:31.020Z,19.1889991760254,-155.401992797852,31.8700008392334,1.91999996,md,42,162,,0.119999997,hv,hv73458357,2023-06-22T12:26:32.620Z,"",earthquake,0.65,0.769999981,1.64999998,6,automatic,hv,hv
2023-06-22T12:22:54.566Z,60.0193,-153.5441,149.2,1.8,ml,,,,0.48,ak,ak0237yb92r2,2023-06-26T14:11:45.598Z,"40 km NE of Pedro Bay, Alaska",earthquake,,0.4,,,reviewed,ak,ak
2023-06-22T12:11:49.694Z,39.6179,-119.9638,6.1,1.9,ml,25,68.66,0.011,0.1587,nn,nn00861570,2023-06-22T16:16:59.127Z,"7 km S of Cold Springs, Nevada",earthquake,,1,0.3,6,reviewed,nn,nn
2023-06-22T12:11:23.099Z,39.6249,-119.9657,7,1.3,ml,23,69.93,0.018,0.1391,nn,nn00861554,2023-06-22T16:01:09.379Z,"6 km S of Cold Springs, Nevada",earthquake,,0.9,0.26,7,reviewed,nn,nn
2023-06-22T12:09:36.064Z,39.624,-119.9652,7.1,2.5,ml,28,69.76,0.017,0.1425,nn,nn00861551,2023-06-22T15:12:27.618Z,"6 km S of Cold Springs, Nevada",earthquake,,0.8,0.18,7,reviewed,nn,nn
2023-06-22T12:02:36.115Z,39.6257,-119.9666,6.7,2,ml,24,70.11,0.019,0.1446,nn,nn00861550,2023-06-22T14:40:22.485Z,"Nevada",earthquake,,1,0.32,6,reviewed,nn,nn
2023-06-22T11:45:59.146Z,51.5267,-178.1641,15.8,1.8,ml,,,,0.52,ak,ak0237yaskve,2023-06-26T14:11:48.893Z,"112 km WSW of Adak, Alaska",earthquake,,0.9,,,reviewed,ak,ak
2023-06-22T11:45:52.640Z,38.8235016,-122.7986679,1.92,0.28,md,16,53,0.00891,0.02,nc,nc73903891,2023-06-22T12:10:12.773Z,"6km NW of The Geysers, CA",earthquake,0.28,0.51,0.12,16,automatic,nc,nc
2023-06-22T11:41:19.386Z,60.9572,-150.1003,49.4,1.1,ml,,,,0.23,ak,ak0237yarmxu,2023-06-26T14:11:48.707Z,"Kenai Peninsula, Alaska",earthquake,,1,,,reviewed,ak,ak
2023-06-22T11:36:50.350Z,17.9995,-66.877,15.09,2.46,md,7,106,0.02441,0.07,pr,pr71414388,2023-06-22T12:47:30.280Z,"1 km SSW of Palomas, Puerto Rico",earthquake,0.77,0.75,0.111576062229111,5,reviewed,pr,pr
2023-06-22T11:36:42.466Z,60.6852,-151.2713,65.8,1.3,ml,,,,0.76,ak,ak0237yaqm52,2023-06-26T14:11:48.498Z,"1 km ESE of Nikiski, Alaska",earthquake,,0.7,,,reviewed,ak,ak
2023-06-22T11:35:28.510Z,58.2825,-154.9775,2.37,0.52,ml,11,137,,0.13,av,av91933921,2023-06-23T04:02:30.910Z,"85 km NNW of Karluk, Alaska",earthquake,0.28,0.48,0.305570811257593,11,reviewed,av,av
2023-06-22T11:33:39.690Z,44.6436666666667,-114.3795,7.49,1.93,ml,16,95,0.3569,0.24,mb,mb90019373,2023-06-22T13:54:02.250Z,"19 km NW of Challis, Idaho",earthquake,0.68,1.21,0.248648671281393,17,reviewed,mb,mb
2023-06-22T11:30:14.630Z,44.6503333333333,-114.379166666667,9.01,2.3,ml,21,67,0.3616,0.18,mb,mb90019363,2023-06-22T13:39:38.270Z,"southern Idaho",earthquake,0.47,0.96,0.249584110572412,28,reviewed,mb,mb
2023-06-22T11:26:26.140Z,35.913,-117.7228333,9.79,0.78,ml,13,119,0.09839,0.11,ci,ci40491760,2023-06-22T14:30:45.921Z,"17km E of Little Lake, CA",earthquake,0.25,0.47,0.178,3,reviewed,ci,ci
2023-06-22T11:26:22.080Z,53.501,-167.770166666667,11.6,1.49,ml,5,316,,0.1,av,av91933916,2023-06-23T03:51:41.420Z,"91 km WSW of Unalaska, Alaska",earthquake,1.34,3.4,0.110908892777416,4,reviewed,av,av
2023-06-22T11:19:43.280Z,51.8551666666667,-178.080666666667,3.8,1.34,ml,5,137,,0.25,av,av91933911,2023-06-23T03:45:59.780Z,"99 km W of Adak, Alaska",earthquake,0.67,0.94,0.231511007668856,5,reviewed,av,av
2023-06-22T11:09:38.320Z,34.0545,-117.2401667,13.4,0.88,ml,40,69,0.06191,0.16,ci,ci40491752,2023-06-22T14:26:40.226Z,"2km ENE of Loma Linda, CA",earthquake,0.22,0.49,0.102,10,reviewed,ci,ci
2023-06-22T11:08:24.139Z,37.2719,-117.5919,7.1,0.8,ml,9,160.56,0.058,0.242,nn,nn00861547,2023-06-22T14:34:00.426Z,"53 km S of Silver Peak, Nevada",earthquake,,4,0.99,7,reviewed,nn,nn
2023-06-22T11:06:12.506Z,51.881,-178.7874,91.9,3.6,ml,,,,0.44,ak,ak0237yak4cv,2023-06-26T14:11:45.365Z,"148 km W of Adak, Alaska",earthquake,,0.2,,,reviewed,ak,ak
2023-06-22T11:04:10.180Z,51.8181666666667,179.583,15.15,1.09,ml,5,316,,0.26,av,av91933886,2023-06-23T03:38:20.070Z,"260 km W of Adak, Alaska",earthquake,4.02,1.79,0.232683662328892,5,reviewed,av,av
2023-06-22T11:03:08.623Z,51.4495,-177.6332,41.6,1.7,ml,,,,0.3,ak,ak0237yajgwe,2023-06-26T14:11:48.310Z,"83 km SW of Adak, Alaska",earthquake,,1.5,,,reviewed,ak,ak
2023-06-22T11:02:33.890Z,19.1353340148926,-155.404663085938,30.6700000762939,1.76999998,md,47,179,,0.119999997,hv,hv73458267,2023-06-22T11:05:49.920Z,"10 km SE of Pāhala, Hawaii",earthquake,0.7,0.829999983,0.449999988,9,automatic,hv,hv
2023-06-22T10:59:23.890Z,61.98,-150.1401,18,0.9,ml,,,,0.31,ak,ak0237yaa1sy,2023-06-26T14:11:45.179Z,"25 km SW of Susitna North, Alaska",earthquake,,0.9,,,reviewed,ak,ak
2023-06-22T10:53:47.470Z,19.5331,-65.7678,96,3.81,md,7,282,1.3181,0.32,pr,pr2023173000,2023-06-22T12:15:43.611Z,"122 km N of Suárez, Puerto Rico",earthquake,6.23,10.67,0.06,4,reviewed,pr,pr
2023-06-22T10:49:46.540Z,37.9121667,-122.2968333,3.88,1.27,md,52,58,0.02168,0.07,nc,nc73903886,2023-06-23T21:06:27.928Z,"1km ESE of El Cerrito, CA",earthquake,0.12,0.24,0.184,34,reviewed,nc,nc
2023-06-22T10:49:10.028Z,64.858,-153.1888,7.7,0.8,ml,,,,0.45,ak,ak0237ya7we8,2023-06-26T14:11:44.980Z,"62 km SW of Tanana, Alaska",earthquake,,0.4,,,reviewed,ak,ak
2023-06-22T10:42:33.615Z,60.1179,-153.1211,115.8,1.4,ml,,,,0.36,ak,ak0237ya6g5d,2023-06-26T14:11:48.109Z,"",earthquake,,0.4,,,reviewed,ak,ak
2023-06-22T10:38:10.637Z,59.7704,-152.3586,71.5,1.9,ml,,,,0.58,ak,ak0237ya5jkz,2023-06-26T14:11:44.733Z,"29 km W of Anchor Point, Alaska",earthquake,,0.3,,,reviewed,ak,ak
2023-06-22T10:30:38.749Z,43.1229,141.8665,159.932,4.6,mb,85,83,1.127,0.73,us,us7000kaar,2023-06-23T06:30:44.049Z,"12 km NW of Yūbari, Japan",earthquake,3.01,6.676,0.034,254,reviewed,us,us
2023-06-22T10:26:44.588Z,62.2194,-149.3942,42.4,1.3,ml,,,,0.58,ak,ak0237ya31i3,2023-06-26T14:11:44.512Z,"24 km ENE of Susitna North, Alaska",earthquake,,0.4,,,reviewed,ak,ak
2023-06-22T10:20:40.590Z,38.8315,-122.7936667,1.82,0.37,md,18,38,0.007371,0.02,nc,nc73903881,2023-06-22T19:38:14.561Z,"6km W of Cobb, CA",earthquake,0.25,0.32,0.181,19,reviewed,nc,nc
2023-06-22T10:11:30.220Z,34.1458333,-116.697,1.03,0.75,ml,13,117,0.1145,0.14,ci,ci40491744,2023-06-22T14:13:53.876Z,"15km NW of Morongo Valley, CA",earthquake,0.34,0.28,0.076,7,reviewed,ci,ci
2023-06-22T10:08:37.270Z,44.6723333333333,-114.360333333333,7.08,1.7,ml,12,85,0.3696,0.28,mb,mb90019433,2023-06-23T18:03:14.430Z,"21 km NNW of Challis, Idaho",earthquake,0.85,1.95,0.236794666432509,13,reviewed,mb,mb
2023-06-22T10:04:14.306Z,36.7618,-115.8998,10.3,0.2,ml,23,217.37,0.051,0.1386,nn,nn00861545,2023-06-22T16:57:18.057Z,"29 km NW of Indian Springs, Nevada",earthquake,,1.2,0.36,11,reviewed,nn,nn
2023-06-22T09:54:56.548Z,46.3619,-73.1727,10.519,2.2,mb_lg,13,136,0.917,0.7,us,us7000kai3,2023-06-23T06:55:10.040Z,"13 km E of Mandeville, Canada",earthquake,3.88,8.583,,,reviewed,us,ott
2023-06-22T09:53:08.113Z,-6.3715,131.2502,53.7,4.6,mb,38,46,2.274,1.37,us,us7000kaai,2023-06-22T10:33:29.040Z,"185 km WSW of Tual, Indonesia",earthquake,8.1,8.265,0.117,22,reviewed,us,us
2023-06-22T09:48:10.251Z,31.73567641,-104.4948382,4.126342773,1.8,ml,22,77,0.02408752785,0.2,tx,tx2023mczx,2023-06-22T20:24:19.424Z,"50 km SSW of Whites City, New Mexico",earthquake,1.087779237,1.036164671,0.1,6,reviewed,tx,tx
2023-06-22T09:39:17.174Z,31.5473641,-104.1666324,6.131567383,2.1,ml,36,71,0.04657522207,0.2,tx,tx2023mczs,2023-06-22T19:09:27.804Z,"43 km NW of Toyah, Texas",earthquake,0.6914853994,0.7089451385,0,6,reviewed,tx,tx
2023-06-22T09:34:44.840Z,34.5026667,-120.3845,-0.12,1.51,ml,19,169,0.1429,0.24,ci,ci40491736,2023-06-22T14:04:16.086Z,"17km SSE of Lompoc, CA",earthquake,0.45,0.68,0.177,6,reviewed,ci,ci
2023-06-22T09:27:40.430Z,36.5431667,-121.1216667,3.26,1.36,md,26,86,0.02181,0.07,nc,nc73903876,2023-06-22T22:20:15.520Z,"2km ENE of Pinnacles, CA",earthquake,0.19,0.32,0.15,17,reviewed,nc,nc
2023-06-22T09:17:49.600Z,38.8265,-122.7863333,0.5,1.24,md,42,40,0.0123,0.04,nc,nc73903871,2023-06-22T11:59:14.653Z,"6km W of Cobb, CA",earthquake,0.11,0.18,0.168,37,reviewed,nc,nc
2023-06-22T09:16:14.700Z,58.2258333333333,-155.083666666667,4.43,-0.2,ml,6,123,,0.05,av,av91933841,2023-06-23T02:59:05.520Z,"82 km NNW of Karluk, Alaska",earthquake,0.34,0.8,0.196921874369728,6,reviewed,av,av
2023-06-22T09:14:06.096Z,31.67796304,-104.3995089,6.080151367,2.1,ml,34,69,0.02261818355,0.2,tx,tx2023mcyu,2023-06-22T18:38:41.724Z,"55 km S of Whites City, New Mexico",earthquake,0.7963057607000001,0.6250312563,0,6,reviewed,tx,tx
2023-06-22T09:12:07.080Z,38.8311653,-122.8154984,2.4,0.76,md,8,96,0.00884,0.01,nc,nc73903866,2023-06-22T09:35:14.617Z,"8km NW of The Geysers, CA",earthquake,0.52,1.37,0.21,8,automatic,nc,nc
2023-06-22T09:09:51.232Z,53.888,-166.6746,5.5,0.8,ml,,,,0.44,ak,ak0237y9dzf2,2023-06-26T14:11:44.327Z,"8 km W of Dutch Harbor, Alaska",earthquake,,0.1,,,reviewed,ak,ak
2023-06-22T08:58:31.050Z,47.1555,-121.796,17.98,0.79,ml,22,158,0.1355,0.12,uw,uw61934996,2023-06-22T22:33:42.730Z,"11 km W of Greenwater, Washington",earthquake,0.41,0.79,0.10778608201804296,13,reviewed,uw,uw
2023-06-22T08:48:01.280Z,58.2416666666667,-155.158666666667,4.21,0.55,ml,10,112,,0.05,av,av91933816,2023-06-23T02:46:46.200Z,"85 km NNW of Karluk, Alaska",earthquake,0.25,0.39,0.221280378973099,10,reviewed,av,av
2023-06-22T08:44:30.368Z,61.9137,-150.7116,67.8,1,ml,,,,0.32,ak,ak0237y9004c,2023-06-26T14:11:47.929Z,"37 km ESE of Skwentna, Alaska",earthquake,,1.2,,,reviewed,ak,ak
2023-06-22T08:38:31.749Z,58.1784,-155.3515,7,1.1,ml,,,,0.33,ak,ak0237y8ypxt,2023-06-26T14:11:44.126Z,"86 km NW of Karluk, Alaska",earthquake,,0.2,,,reviewed,ak,ak
2023-06-22T08:29:55.600Z,44.7425,-112.715,5.42,0.46,ml,5,170,0.1278,0.05,mb,mb90019428,2023-06-23T17:41:02.810Z,"15 km NW of Lima, Montana",earthquake,0.47,1.46,0.258498462077587,5,reviewed,mb,mb
2023-06-22T08:28:01.153Z,60.3638,-140.5195,1.1,1.5,ml,,,,0.65,ak,ak0237y8wift,2023-06-26T14:11:43.925Z,"101 km NNW of Yakutat, Alaska",earthquake,,0.3,,,reviewed,ak,ak
2023-06-22T08:27:02.889Z,36.7628,-116.2541,8.6,-0.1,ml,19,69.33,0.028,0.0768,nn,nn00861544,2023-06-22T16:44:52.428Z,"47 km ESE of Beatty, Nevada",earthquake,,0.9,0.19,6,reviewed,nn,nn
2023-06-22T08:20:48.219Z,35.29066667,-98.005,6.87,0.76,ml,12,93,0.09268181267,0.15,ok,ok2023mcxb,2023-06-23T14:59:08.707Z,"6 km WSW of Minco, Oklahoma",earthquake,,1,0.3,6,reviewed,ok,ok
2023-06-22T08:20:47.546Z,62.9248,-151.3014,104.9,1.4,ml,,,,0.36,ak,ak0237y8uwaj,2023-06-26T14:11:43.707Z,"55 km NNW of Petersville, Alaska",earthquake,,0.2,,,reviewed,ak,ak
2023-06-22T08:17:09.510Z,18.2028333333333,-66.1403333333333,77.3,3.06,md,12,143,0.2382,0.25,pr,pr71414363,2023-06-22T08:43:32.740Z,"",earthquake,1.53,1.11,0.0322789026801711,4,reviewed,pr,pr
2023-06-22T08:11:44.630Z,64.9429,-149.0414,13.8,0.8,ml,,,,0.31,ak,ak0237y8syl6,2023-06-26T14:11:43.515Z,"27 km SSE of Minto, Alaska",earthquake,,0.2,,,reviewed,ak,ak
2023-06-22T08:04:45.620Z,46.629333333333335,-121.95766666666667,8.17,2.64,ml,26,121,0.06207,0.1,uw,uw61934991,2023-06-27T14:59:49.291Z,"15 km SSE of Ashford, Washington",earthquake,0.31,0.27,0.19741417854283494,15,reviewed,uw,uw
2023-06-22T07:59:45.170Z,18.0346666666667,-66.8728333333333,15.4,2.65,md,11,98,0.0596,0.11,pr,pr71414358,2023-06-22T08:16:23.290Z,"2 km N of Palomas, Puerto Rico",earthquake,0.32,0.73,0.149303461216859,5,reviewed,pr,pr
2023-06-22T07:55:10.371Z,31.6143124,-103.972321,6.491479492,2.1,ml,12,54,0.08379203897,0.1,tx,tx2023mcwe,2023-06-22T20:03:26.407Z,"36 km WSW of Mentone, Texas",earthquake,0.845350947,1.718925871,0.1,6,reviewed,tx,tx
2023-06-22T07:51:53.579Z,35.12016667,-97.525,6.04,0.98,ml,37,53,0.04679081805,0.36,ok,ok2023mcwc,2023-06-23T14:44:59.205Z,"Oklahoma",earthquake,,1.2,0.23,18,reviewed,ok,ok
2023-06-22T07:50:36.720Z,38.7111667,-122.7488333,5.88,0.99,md,38,149,0.006663,0.06,nc,nc73903856,2023-06-22T11:52:12.591Z,"7km S of The Geysers, CA",earthquake,0.24,0.32,0.193,35,reviewed,nc,nc
2023-06-22T07:47:44.230Z,58.1765,-155.318666666667,2.04,0.34,ml,7,203,,0.08,av,av91933786,2023-06-23T02:29:41.710Z,"84 km NW of Karluk, Alaska",earthquake,0.3,0.48,0.312202900353838,7,reviewed,av,av
2023-06-22T07:47:07.237Z,59.183,-152.9524,71.8,1.5,ml,,,,0.43,ak,ak0237y8f1zp,2023-06-22T20:49:43.183Z,"61 km WSW of Nanwalek, Alaska",earthquake,,0.4,,,reviewed,ak,ak
2023-06-22T07:43:35.665Z,36.7862,-116.078,4.8,-0.5,ml,6,154.84,0.027,0.0658,nn,nn00861566,2023-06-22T14:58:53.928Z,"43 km WNW of Indian Springs, Nevada",earthquake,,2.7,0.37,3,reviewed,nn,nn
2023-06-22T07:43:29.838Z,31.61268742,-103.9774245,6.979931641,2.2,ml,12,69,0.03513648243,0.1,tx,tx2023mcvv,2023-06-22T16:23:56.771Z,"37 km WSW of Mentone, Texas",earthquake,0.9483107011000002,0.830760239,0.1,6,reviewed,tx,tx
2023-06-22T07:41:53.882Z,31.6126909,-103.9763486,6.671435547,2.2,ml,17,56,0.03603497161,0.1,tx,tx2023mcvt,2023-06-22T18:15:48.675Z,"37 km WSW of Mentone, Texas",earthquake,0.4958339815,0.7382988087,0.1,7,reviewed,tx,tx
2023-06-22T07:39:46.255Z,41.5844,142.0708,21.365,4.3,mb,14,150,0.919,0.39,us,us7000ka9y,2023-06-22T09:15:52.876Z,"78 km ENE of Mutsu, Japan",earthquake,7.94,6.957,0.177,9,reviewed,us,us
2023-06-22T07:38:48.944Z,59.5656,-152.8249,107.2,1.5,ml,,,,0.61,ak,ak0237y8dbni,2023-06-22T20:49:45.812Z,"56 km WNW of Nanwalek, Alaska",earthquake,,0.7,,,reviewed,ak,ak
2023-06-22T07:36:54.419Z,-24.5005,-175.8477,10,5.2,mb,61,69,3.368,1.1,us,us7000ka9z,2023-06-22T07:59:34.040Z,"south of Tonga",earthquake,10.2,1.772,0.033,313,reviewed,us,us
2023-06-22T07:36:37.730Z,54.1465,-165.9875,1.01,-1.29,ml,6,99,,0.13,av,av91108288,2023-06-23T02:37:25.750Z,"13 km W of Akutan, Alaska",earthquake,0.18,0.6,0.13228532013828,6,reviewed,av,av
2023-06-22T07:32:46.788Z,54.6805,-156.9321,19.9,2.2,ml,,,,0.49,ak,ak0237y8c16u,2023-06-22T20:49:45.636Z,"196 km SE of Perryville, Alaska",earthquake,,11.3,,,reviewed,ak,ak
2023-06-22T07:32:41.672Z,61.5238,-149.9166,37.8,1.1,ml,,,,0.5,ak,ak0237y8c0qu,2023-06-22T20:49:42.989Z,"2 km E of Big Lake, Alaska",earthquake,,0.8,,,reviewed,ak,ak
2023-06-22T07:29:11.220Z,36.5355,-121.126,4.81,1.34,md,10,144,0.0154,0.07,nc,nc71130734,2023-06-22T20:59:20.039Z,"2km ENE of Pinnacles, CA",earthquake,0.33,0.39,0.092,12,reviewed,nc,nc
2023-06-22T07:28:54.670Z,36.5305,-121.1243333,4.48,1.56,md,25,138,0.01617,0.11,nc,nc73903851,2023-06-22T20:33:15.886Z,"2km E of Pinnacles, CA",earthquake,0.27,0.56,0.221,23,reviewed,nc,nc
2023-06-22T07:17:11.414Z,61.4927,-146.5616,34.7,1.1,ml,,,,0.43,ak,ak0237y88qpx,2023-06-22T20:49:45.443Z,"41 km NNW of Valdez, Alaska",earthquake,,0.6,,,reviewed,ak,ak
2023-06-22T07:14:49.040Z,58.2466666666667,-155.160666666667,5.68,0.68,ml,10,109,,0.19,av,av91933776,2023-06-23T02:25:11.410Z,"Alaska Peninsula",earthquake,0.47,0.72,0.377690472572603,10,reviewed,av,av
2023-06-22T07:04:19.690Z,33.3446667,-116.349,11.76,0.87,ml,47,85,0.02347,0.18,ci,ci40491720,2023-06-22T13:56:03.038Z,"10km NNE of Borrego Springs, CA",earthquake,0.26,0.55,0.112,16,reviewed,ci,ci
2023-06-22T06:55:13.520Z,46.9095,-120.56316666666666,-0.87,1.3900000000000001,ml,10,106,0.002978,1.2,uw,uw61934981,2023-06-22T23:48:12.420Z,"9 km S of Ellensburg, Washington",explosion,2.19,31.61,0.06925777123329135,9,reviewed,uw,uw
2023-06-22T06:54:35.655Z,66.3804,-157.2555,21,0.9,ml,,,,0.43,ak,ak0237y7vah9,2023-06-22T20:49:45.262Z,"56 km S of Shungnak, Alaska",earthquake,,1,,,reviewed,ak,ak
2023-06-22T06:47:05.420Z,40.5216667,-124.336,20.3,1.62,md,20,209,0.04606,0.15,nc,nc73903841,2023-06-22T11:27:14.410Z,"9km SW of Ferndale, CA",earthquake,0.71,0.41,0.098,11,reviewed,nc,nc
2023-06-22T06:43:23.610Z,44.758,-112.691333333333,7.02,0.58,ml,8,121,0.132,0.15,mb,mb90019378,2023-06-22T14:00:33.360Z,"15 km NNW of Lima, Montana",earthquake,0.6,1.7,0.243324912142788,5,reviewed,mb,mb
2023-06-22T06:37:10.920Z,19.2311668395996,-155.352493286133,30.0499992370605,2.17,ml,43,156,,0.119999997,hv,hv73458072,2023-06-22T06:42:42.870Z,"13 km ENE of Pāhala, Hawaii",earthquake,0.52,0.639999986,0.09,3,automatic,hv,hv
2023-06-22T06:32:54.752Z,66.3605,-157.4362,13.4,0.9,ml,,,,0.63,ak,ak0237y7qm77,2023-06-22T20:49:45.086Z,"60 km SSW of Shungnak, Alaska",earthquake,,1.6,,,reviewed,ak,ak
2023-06-22T06:20:01.286Z,59.0653,-152.4459,64.1,1.3,ml,,,,0.41,ak,ak0237y7nxhc,2023-06-22T20:49:44.892Z,"44 km SW of Nanwalek, Alaska",earthquake,,0.7,,,reviewed,ak,ak
2023-06-22T06:16:02.307Z,62.7713,-150.7313,89.2,1.5,ml,,,,0.65,ak,ak0237y7n2pk,2023-06-22T20:49:42.767Z,"30 km N of Petersville, Alaska",earthquake,,0.4,,,reviewed,ak,ak
2023-06-22T06:06:14.400Z,64.9502,-148.6488,20,0.5,ml,,,,0.51,ak,ak0237y7kygv,2023-06-22T20:49:42.583Z,"32 km WNW of Ester, Alaska",earthquake,,0.3,,,reviewed,ak,ak
2023-06-22T06:04:05.816Z,23.8299,121.7328,18.996,4.4,mb,27,113,0.365,0.49,us,us7000ka9s,2023-06-23T04:39:47.863Z,"Taiwan",earthquake,3.07,5.279,0.123,19,reviewed,us,us
2023-06-22T05:55:08.228Z,66.3097,-157.4601,7.1,2.3,ml,,,,0.68,ak,ak0237y7a0l7,2023-06-22T20:49:42.339Z,"66 km SSW of Shungnak, Alaska",earthquake,,0.6,,,reviewed,ak,ak
2023-06-22T05:54:22.334Z,39.3533,-119.991,7.6,1.5,ml,19,61.42,0.07,0.1455,nn,nn00861542,2023-06-22T14:30:52.440Z,"5 km SSE of Floriston, California",earthquake,,1.1,0.39,8,reviewed,nn,nn
2023-06-22T05:49:04.710Z,-24.0634,-175.9864,10,4.9,mb,37,85,2.969,0.44,us,us7000ka9r,2023-06-22T06:51:36.040Z,"south of Tonga",earthquake,12.08,1.863,0.053,113,reviewed,us,us
2023-06-22T05:48:08.703Z,58.261,-155.0931,3.2,0.9,ml,,,,0.47,ak,ak0237y78iiy,2023-06-23T02:02:29.240Z,"85 km NNW of Karluk, Alaska",earthquake,,0.2,,,reviewed,ak,ak
2023-06-22T05:44:44.460Z,64.0707,-148.6203,8.7,1,ml,,,,0.69,ak,ak0237y77qel,2023-06-22T20:49:41.732Z,"24 km ENE of Ferry, Alaska",earthquake,,0.3,,,reviewed,ak,ak
2023-06-22T05:43:51.370Z,38.7885017,-122.7450027,1.65,1.06,md,14,86,0.008336,0.02,nc,nc73903831,2023-06-22T06:19:11.392Z,"2km NE of The Geysers, CA",earthquake,0.27,0.58,0.12,14,automatic,nc,nc
2023-06-22T05:43:31.580Z,58.1783333333333,-155.373333333333,1.12,0.77,ml,7,213,,0.15,av,av91933711,2023-06-23T02:07:41.370Z,"87 km NW of Karluk, Alaska",earthquake,0.88,2.23,0.193070201825062,5,reviewed,av,av
2023-06-22T05:43:07.200Z,17.9561666666667,-66.8395,11.11,2.24,md,8,206,0.04225,0.1,pr,pr71414353,2023-06-22T05:57:47.360Z,"4 km SSW of Indios, Puerto Rico",earthquake,0.71,0.53,0.0800638180826363,5,reviewed,pr,pr
2023-06-22T05:41:52.630Z,58.2403333333333,-155.160666666667,3.51,-0.08,ml,7,114,,0.07,av,av91933706,2023-06-23T02:11:54.480Z,"85 km NNW of Karluk, Alaska",earthquake,0.29,0.56,0.140609191116927,7,reviewed,av,av
2023-06-22T05:41:48.246Z,54.6981,-156.9782,30.2,2.2,ml,,,,0.84,ak,ak0237y773jc,2023-06-22T20:49:44.713Z,"192 km SE of Perryville, Alaska",earthquake,,15.5,,,reviewed,ak,ak
2023-06-22T05:41:23.769Z,63.4772,-150.8835,16.7,1.1,ml,,,,0.8,ak,ak0237y771o7,2023-06-22T20:49:42.126Z,"42 km E of Denali National Park, Alaska",earthquake,,0.3,,,reviewed,ak,ak
2023-06-22T05:39:28.008Z,66.3496,-157.4627,16.5,1.6,ml,,,,0.57,ak,ak0237y76mjk,2023-06-22T20:49:44.521Z,"61 km SSW of Shungnak, Alaska",earthquake,,1.1,,,reviewed,ak,ak
2023-06-22T05:37:53.759Z,58.1237,-153.2195,47,1.4,ml,,,,0.43,ak,ak0237y7693j,2023-06-22T20:49:44.331Z,"19 km WNW of Aleneva, Alaska",earthquake,,1,,,reviewed,ak,ak
2023-06-22T05:35:55.770Z,38.8271675,-122.8106689,1.47,0.63,md,9,88,0.003796,0.02,nc,nc73903826,2023-06-22T06:08:14.326Z,"7km NW of The Geysers, CA",earthquake,0.43,1.11,0.4,10,automatic,nc,nc
2023-06-22T05:32:21.160Z,52.032,178.562166666667,5.68,0.97,ml,4,329,,0.09,av,av91933696,2023-06-23T02:17:16.490Z,"",earthquake,1.53,2.59,0.374255167177375,4,reviewed,av,av
2023-06-22T05:28:05.300Z,38.8343315,-122.8131638,0.77,0.76,md,13,54,0.01118,0.06,nc,nc73903821,2023-06-22T05:58:11.260Z,"8km W of Cobb, CA",earthquake,0.26,0.83,0.14,15,automatic,nc,nc
2023-06-22T05:23:28.135Z,60.5014,-152.8251,4.5,1,ml,,,,0.54,ak,ak0237y7373h,2023-06-22T20:49:44.147Z,"81 km NW of Ninilchik, Alaska",earthquake,,3.3,,,reviewed,ak,ak
2023-06-22T05:21:04.880Z,37.9893,38.4246,16.563,4,mb,44,76,0.631,0.61,us,us7000ka9f,2023-06-22T08:55:51.600Z,"16 km ESE of Çelikhan, Turkey",earthquake,4.71,5.402,0.122,19,reviewed,us,us
2023-06-22T05:13:33.250Z,52.963,-165.3766,31.9,1.9,ml,,,,0.38,ak,ak0237y71309,2023-06-22T20:49:41.543Z,"",earthquake,,14.4,,,reviewed,ak,ak
2023-06-22T05:13:07.510Z,37.4678333,-111.4616667,9.29,2.16,ml,21,113,0.6763,0.17,uu,uu60542981,2023-06-22T13:16:28.060Z,"35 km SSE of Escalante, Utah",earthquake,0.54,1.76,0.171,15,reviewed,uu,uu
2023-06-22T05:09:29.920Z,38.8026657,-122.8150024,3.21,0.79,md,17,71,0.01269,0.07,nc,nc73903816,2023-06-22T06:51:12.645Z,"6km WNW of The Geysers, CA",earthquake,0.37,0.92,0.47,17,automatic,nc,nc
2023-06-22T05:08:11.740Z,37.5735,-118.928,7.44,0.65,md,11,217,0.06879,0.03,nc,nc73903811,2023-06-22T10:14:49.231Z,"8km SSE of Mammoth Lakes, CA",earthquake,0.84,1.56,0.089,10,reviewed,nc,nc
2023-06-22T05:07:07.480Z,51.9345,178.470666666667,5.55,0.18,ml,4,305,,0.23,av,av91933666,2023-06-23T01:49:49.750Z,"Rat Islands, Aleutian Islands, Alaska",earthquake,2.23,2.05,0.456801132574689,4,reviewed,av,av
2023-06-22T04:50:35.860Z,58.1735,-155.376666666667,1.88,0.25,ml,8,216,,0.06,av,av91933656,2023-06-23T01:43:43.540Z,"Alaska Peninsula",earthquake,0.37,0.59,0.376056486130864,9,reviewed,av,av
2023-06-22T04:42:23.050Z,38.8341675,-122.7908325,1.88,0.29,md,10,75,0.004252,0.01,nc,nc73903801,2023-06-22T05:20:12.045Z,"6km WNW of Cobb, CA",earthquake,0.35,1.11,0.22,12,automatic,nc,nc
2023-06-22T04:38:56.617Z,64.7741,-149.0118,20.5,0.9,ml,,,,0.54,ak,ak0237y6l1gh,2023-06-22T20:49:41.352Z,"Central Alaska",earthquake,,0.2,,,reviewed,ak,ak
2023-06-22T04:34:09.514Z,58.7099,-153.5221,71.2,1.3,ml,,,,0.44,ak,ak0237y6jz2i,2023-06-22T20:49:41.152Z,"80 km NNW of Aleneva, Alaska",earthquake,,0.8,,,reviewed,ak,ak
2023-06-22T04:32:04.759Z,35.12316667,-97.51866667,5.41,0.98,ml,47,43,0.04949028832,0.44,ok,ok2023mcpn,2023-06-23T14:26:06.512Z,"4 km WSW of Goldsby, Oklahoma",earthquake,,1,0.22,20,reviewed,ok,ok
2023-06-22T04:25:19.250Z,34.0438333,-117.1678333,10.99,0.77,ml,37,63,0.04677,0.18,ci,ci40491664,2023-06-22T13:42:04.722Z,"2km SE of Redlands, CA",earthquake,0.24,0.42,0.165,9,reviewed,ci,ci
2023-06-22T04:23:13.493Z,32.5805,142.5401,10,4.6,mb,38,133,2.356,0.42,us,us7000ka97,2023-06-26T03:51:10.040Z,"Izu Islands, Japan region",earthquake,10.09,1.895,0.056,96,reviewed,us,us
2023-06-22T04:07:16.440Z,19.216833114624,-155.376327514648,32.0299987792969,2,md,42,157,,0.109999999,hv,hv73458017,2023-06-22T04:10:25.790Z,"Island of Hawaii, Hawaii",earthquake,0.6,1.01999998,0.850000024,17,automatic,hv,hv
2023-06-22T04:03:00.054Z,58.203,-155.2851,6.9,1.2,ml,,,,0.55,ak,ak0237y6df16,2023-06-23T01:38:37.820Z,"86 km NW of Karluk, Alaska",earthquake,,0.2,,,reviewed,ak,ak
2023-06-22T03:54:59.413Z,66.9915,-157.4773,10.4,1.1,ml,,,,0.7,ak,ak0237y634n5,2023-06-22T20:49:40.776Z,"18 km NW of Shungnak, Alaska",earthquake,,0.4,,,reviewed,ak,ak
2023-06-22T03:45:08.029Z,36.10183333,-97.83883333,5.83,1.45,ml,91,35,0.1178768685,0.21,ok,ok2023mcny,2023-06-22T12:38:35.696Z,"5 km E of Hennessey, Oklahoma",earthquake,,0.4,0.22,39,reviewed,ok,ok
2023-06-22T03:35:56.202Z,59.9996,-139.3924,0,1.4,ml,,,,1.01,ak,ak0237y5yyph,2023-06-22T20:49:40.597Z,"53 km NNE of Yakutat, Alaska",ice quake,,0,,,reviewed,ak,ak
2023-06-22T03:35:42.140Z,35.7038333,-117.5101667,10.73,0.83,ml,19,124,0.08029,0.17,ci,ci40491648,2023-06-22T13:33:25.906Z,"12km SW of Searles Valley, CA",earthquake,0.38,0.62,0.11,5,reviewed,ci,ci
2023-06-22T03:35:12.694Z,52.6328,-168.3992,35,3,ml,25,218,0.438,0.34,us,us7000kafp,2023-06-26T03:31:58.040Z,"46 km SE of Nikolski, Alaska",earthquake,2.68,1.93,0.097,14,reviewed,us,us
2023-06-22T03:28:17.950Z,58.2391666666667,-155.164833333333,3.92,0.53,ml,9,118,,0.08,av,av91933596,2023-06-23T01:29:07.860Z,"85 km NNW of Karluk, Alaska",earthquake,0.28,0.47,0.213511787726088,9,reviewed,av,av
2023-06-22T03:26:14.899Z,38.1955,-117.8139,5.5,1.6,ml,6,141.62,0.145,0.1276,nn,nn00861539,2023-06-22T16:35:33.497Z,"33 km SE of Mina, Nevada",earthquake,,3.4,0.34,5,reviewed,nn,nn
2023-06-22T03:24:44.300Z,41.2996667,-111.7643333,11.85,1.1,ml,14,74,0.1329,0.09,uu,uu60542976,2023-06-22T13:35:59.980Z,"Utah",earthquake,0.31,1.1,0.032,2,reviewed,uu,uu
2023-06-22T03:24:27.650Z,19.3731666666667,-66.4136666666667,50.47,3.37,md,7,325,0.898,0.17,pr,pr71414348,2023-06-22T03:38:28.860Z,"Puerto Rico region",earthquake,2.3,6.81,0.0443632528468378,5,reviewed,pr,pr
2023-06-22T03:15:31.351Z,59.9479,-152.665,88.1,1.2,ml,,,,0.28,ak,ak0237y5umen,2023-06-22T20:49:43.968Z,"50 km WNW of Anchor Point, Alaska",earthquake,,0.7,,,reviewed,ak,ak
2023-06-22T03:12:36.790Z,47.278333333333336,-123.59733333333334,16.41,1.31,ml,19,85,0.06342,0.25,uw,uw61934956,2023-06-22T03:47:04.580Z,"26 km SE of Neilton, Washington",earthquake,0.52,0.96,0.10437572550121321,14,reviewed,uw,uw
2023-06-22T03:07:55.130Z,17.9406666666667,-66.9453333333333,10.35,2.27,md,15,215,0.04694,0.1,pr,pr71414333,2023-06-22T03:19:25.140Z,"5 km SW of Guánica, Puerto Rico",earthquake,0.55,0.4,0.215758291396424,5,reviewed,pr,pr
2023-06-22T03:02:08.293Z,61.5228,-149.9293,44.1,1,ml,,,,0.41,ak,ak0237y5rs8k,2023-06-22T20:49:40.198Z,"1 km E of Big Lake, Alaska",earthquake,,0.8,,,reviewed,ak,ak
2023-06-22T02:56:35.680Z,58.2385,-155.161,3.32,0.18,ml,7,116,,0.09,av,av91933561,2023-06-23T00:55:41.080Z,"85 km NNW of Karluk, Alaska",earthquake,0.31,0.64,0.155811647141528,7,reviewed,av,av
2023-06-22T02:42:27.206Z,44.0243,33.3939,21.774,4.7,mww,104,25,2.111,0.45,us,us7000ka91,2023-06-26T03:14:50.500Z,"51 km SW of Foros, Ukraine",earthquake,4.95,5.165,0.06,27,reviewed,us,us
2023-06-22T02:37:34.870Z,33.6465,-116.7148333,15.96,1.99,ml,70,26,0.0645,0.19,ci,ci40491632,2023-06-22T13:09:34.960Z,"10km S of Idyllwild, CA",earthquake,0.17,0.33,0.152,25,reviewed,ci,ci
2023-06-22T02:33:26.960Z,37.526,-118.8805,3.29,1.56,md,24,95,0.07585,0.04,nc,nc73903791,2023-06-22T14:33:15.705Z,"15km SE of Mammoth Lakes, CA",earthquake,0.35,0.87,0.208,20,reviewed,nc,nc
2023-06-22T02:28:10.156Z,61.2558,-139.9179,6.7,1.6,ml,,,,0.64,ak,ak0237y5bxh0,2023-06-22T20:49:39.988Z,"161 km E of McCarthy, Alaska",earthquake,,0.2,,,reviewed,ak,ak
2023-06-22T02:25:30.644Z,61.2509,-139.9399,2.6,1.6,ml,,,,0.53,ak,ak0237y5bbwm,2023-06-22T20:49:39.788Z,"160 km E of McCarthy, Alaska",earthquake,,0.3,,,reviewed,ak,ak
2023-06-22T02:22:52.074Z,58.1749,-155.3028,3.4,0.8,ml,,,,0.37,ak,ak0237y5aqgd,2023-06-23T01:22:44.540Z,"84 km NW of Karluk, Alaska",earthquake,,0.4,,,reviewed,ak,ak
2023-06-22T02:21:40.668Z,52.479,-169.4922,17.7,1.8,ml,,,,0.52,ak,ak0237y5ahte,2023-06-22T20:49:43.785Z,"66 km SW of Nikolski, Alaska",earthquake,,0.7,,,reviewed,ak,ak
2023-06-22T02:13:30.331Z,-23.5297,-175.9658,35,5,mb,48,121,2.452,0.74,us,us7000ka8y,2023-06-26T02:50:20.040Z,"Tonga region",earthquake,12.81,1.886,0.053,113,reviewed,us,us
2023-06-22T02:06:27.880Z,52.0875,-176.141333333333,-1.8,-0.02,ml,5,162,,0.23,av,av91933521,2023-06-23T00:47:35.850Z,"41 km NE of Adak, Alaska",earthquake,0.68,1.2,0.144538806034603,5,reviewed,av,av
2023-06-22T02:04:53.510Z,54.1785,-165.932,5.67,-0.78,ml,8,194,,0.29,av,av91108283,2023-06-23T01:14:50.620Z,"11 km WNW of Akutan, Alaska",earthquake,0.57,0.83,0.194641243700594,8,reviewed,av,av
2023-06-22T02:02:00.070Z,54.141,-165.97,0.71,-1.34,ml,6,93,,0.23,av,av91108278,2023-06-23T01:09:47.060Z,"12 km W of Akutan, Alaska",earthquake,0.26,0.61,0.133613936235231,6,reviewed,av,av
2023-06-22T01:59:09.184Z,61.3155,-152.1044,107,1.2,ml,,,,0.54,ak,ak0237y4x5bk,2023-06-22T20:49:39.410Z,"58 km WNW of Beluga, Alaska",earthquake,,0.8,,,reviewed,ak,ak
2023-06-22T01:46:18.961Z,58.1812,-155.3695,7.9,1.3,ml,,,,0.43,ak,ak0237y4udg7,2023-06-23T00:10:07.540Z,"87 km NW of Karluk, Alaska",earthquake,,0.2,,,reviewed,ak,ak
2023-06-22T01:43:09.740Z,54.1571666666667,-165.961666666667,4.5,-0.4,ml,7,70,,0.2,av,av91933511,2023-06-23T00:39:42.830Z,"12 km WNW of Akutan, Alaska",earthquake,0.39,0.66,0.279730890147884,7,reviewed,av,av
2023-06-22T01:41:31.130Z,58.0372,-153.602,58,1.6,ml,,,,0.47,ak,ak0237y4tbso,2023-06-22T20:49:38.997Z,"40 km W of Aleneva, Alaska",earthquake,,0.8,,,reviewed,ak,ak
2023-06-22T01:24:16.244Z,26.3565,127.8177,35,5,mww,77,65,0.628,0.51,us,us7000ka8v,2023-06-26T02:21:01.269Z,"2 km NE of Okinawa, Japan",earthquake,6.21,1.903,0.08,15,reviewed,us,us
2023-06-22T01:19:05.290Z,58.1831666666667,-155.298833333333,2.6,0.3,ml,9,194,,0.08,av,av91933496,2023-06-23T00:04:40.800Z,"84 km NW of Karluk, Alaska",earthquake,0.31,0.35,0.305122670155819,9,reviewed,av,av
2023-06-22T01:10:13.669Z,62.9251,-151.3735,105.8,0.9,ml,,,,0.54,ak,ak0237y4mn92,2023-06-22T20:49:43.594Z,"57 km NNW of Petersville, Alaska",earthquake,,0.2,,,reviewed,ak,ak
2023-06-22T01:03:54.580Z,53.9123333333333,-166.698166666667,3.73,0.09,ml,6,155,,0.13,av,av91933481,2023-06-23T00:00:27.600Z,"10 km WNW of Dutch Harbor, Alaska",earthquake,0.47,0.44,0.21716559341163,6,reviewed,av,av
2023-06-22T00:50:50.720Z,37.444,-118.6638333,3.33,1.33,md,12,162,0.121,0.04,nc,nc73903781,2023-06-22T14:05:18.498Z,"7km WNW of Round Valley, CA",earthquake,0.59,1.99,0.16,12,reviewed,nc,nc
2023-06-22T00:48:22.110Z,33.237,-116.648,12.39,0.49,ml,31,62,0.03775,0.2,ci,ci40491608,2023-06-22T13:29:20.885Z,"5km SSW of Warner Springs, CA",earthquake,0.31,0.65,0.155,7,reviewed,ci,ci
2023-06-22T00:44:50.740Z,38.8424988,-122.8243332,1.71,0.27,md,10,116,0.009545,0.02,nc,nc73903776,2023-06-22T02:22:17.053Z,"9km WNW of Cobb, CA",earthquake,0.41,0.63,0.11,10,automatic,nc,nc
2023-06-22T00:43:30.230Z,51.8586666666667,-177.827166666667,4.81,0.4,ml,4,237,,0.03,av,av91933476,2023-06-22T23:57:31.660Z,"82 km W of Adak, Alaska",earthquake,0.44,0.83,0.26452974288287,4,reviewed,av,av
2023-06-22T00:40:50.010Z,59.4484,-152.8677,13.2,1.1,ml,,,,0.56,ak,ak0237y47pe3,2023-06-22T20:49:38.809Z,"54 km W of Nanwalek, Alaska",earthquake,,0.5,,,reviewed,ak,ak
2023-06-22T00:38:17.120Z,58.1763333333333,-155.280666666667,5.75,-0.5,ml,4,234,,0.22,av,av91933466,2023-06-24T00:23:01.670Z,"83 km NW of Karluk, Alaska",earthquake,2.5,3.84,0.100802366084808,4,reviewed,av,av
2023-06-22T00:36:00.840Z,58.2398333333333,-155.169666666667,6.12,0.32,ml,8,119,,0.08,av,av91933456,2023-06-22T23:40:52.390Z,"85 km NNW of Karluk, Alaska",earthquake,0.3,0.49,0.188588758209045,9,reviewed,av,av
2023-06-22T00:27:38.562Z,28.92242432,-98.10558364,7.507609049,2.4,ml,14,71,0.1123767001,0.3,tx,tx2023mchl,2023-06-22T21:01:02.384Z,"10 km SW of Falls City, Texas",earthquake,3.575583384,2.598136732,0.1,7,reviewed,tx,tx
2023-06-22T00:26:16.549Z,-10.0205,160.8507,48.26,4.8,mb,44,107,1.062,0.46,us,us7000ka8n,2023-06-22T00:43:15.040Z,"118 km ESE of Honiara, Solomon Islands",earthquake,9.05,5.496,0.061,83,reviewed,us,us
2023-06-22T00:26:08.270Z,17.9613333333333,-66.8546666666667,17.64,2.29,md,5,207,0.02709,0.04,pr,pr71414323,2023-06-22T00:52:25.050Z,"4 km ESE of Maria Antonia, Puerto Rico",earthquake,0.54,0.42,0.0704869953033869,4,reviewed,pr,pr
2023-06-22T00:18:51.909Z,35.12633333,-97.52383333,6.74,1.4,ml,89,40,0.05308958201,0.26,ok,ok2023mchd,2023-06-22T22:43:31.852Z,"4 km WSW of Goldsby, Oklahoma",earthquake,,0.4,0.22,33,reviewed,ok,ok
2023-06-22T00:12:57.945Z,15.6407,96.1747,12.988,4.9,mb,68,66,3.854,0.88,us,us7000ka8l,2023-06-22T00:37:00.040Z,"88 km SE of Pyapon, Myanmar",earthquake,9.42,4.519,0.062,82,reviewed,us,us
2023-06-22T00:11:52.045Z,62.2744,-148.606,43.9,0.9,ml,,,,0.43,ak,ak0237y41ibo,2023-06-22T20:49:43.399Z,"53 km N of Chickaloon, Alaska",earthquake,,0.8,,,reviewed,ak,ak
2023-06-22T00:01:29.702Z,51.0754,179.7795,31.358,3.4,ml,19,246,0.427,0.53,us,us7000ka9d,2023-06-27T00:41:13.040Z,"264 km WSW of Adak, Alaska",earthquake,4.08,12.474,0.085,18,reviewed,us,us
2023-06-21T23:57:20.530Z,33.5878333,-116.6148333,12.11,0.4,ml,9,94,0.0188,0.07,ci,ci40491576,2023-06-22T00:44:13.978Z,"7km NE of Anza, CA",earthquake,0.35,0.5,0.199,5,reviewed,ci,ci
2023-06-21T23:57:14.290Z,19.1389999389648,-155.391494750977,30.6100006103516,1.73000002,md,29,232,,0.100000001,hv,hv73457837,2023-06-22T00:00:29.580Z,"11 km SE of Pāhala, Hawaii",earthquake,0.89,1.16999996,0.860000014,3,automatic,hv,hv
2023-06-21T23:53:37.050Z,37.4851667,-121.8258333,7.47,1.08,md,15,129,0.03664,0.08,nc,nc73903771,2023-06-22T09:35:45.501Z,"10km NE of Milpitas, CA",earthquake,0.38,0.4,0.11,14,reviewed,nc,nc
2023-06-21T23:52:09.040Z,51.8383333333333,-178.046166666667,4.14,0,ml,4,149,,0.07,av,av91933426,2023-06-22T22:24:17.090Z,"97 km W of Adak, Alaska",earthquake,0.61,0.8,0.357025084898998,4,reviewed,av,av
2023-06-21T23:48:11.499Z,64.6925,-163.2546,17,1.2,ml,,,,0.47,ak,ak0237wuez3v,2023-06-27T18:18:10.408Z,"7 km E of White Mountain, Alaska",earthquake,,0.1,,,reviewed,ak,ak
2023-06-21T23:45:02.380Z,35.0311667,-117.6865,-0.82,1.58,ml,25,50,0.09689,0.17,ci,ci40491568,2023-06-22T00:42:10.415Z,"5km NW of Boron, CA",quarry blast,0.34,31.61,0.058,29,reviewed,ci,ci
2023-06-21T23:44:09.926Z,61.2008,-150.2364,41,1.3,ml,,,,0.84,ak,ak0237wue42f,2023-06-27T16:04:22.671Z,"18 km W of Anchorage, Alaska",earthquake,,0.7,,,reviewed,ak,ak
2023-06-21T23:33:35.633Z,51.3971,-176.1714,32,2.6,ml,9,239,0.488,0.42,us,us7000ka9c,2023-06-27T16:04:22.482Z,"61 km SSE of Adak, Alaska",earthquake,5.5,9.269,0.128,8,reviewed,us,us
2023-06-21T23:23:19.850Z,34.106,-117.3161667,15.74,1.38,ml,32,75,0.1082,0.1,ci,ci40491552,2023-06-22T00:39:07.020Z,"3km SW of San Bernardino, CA",earthquake,0.16,0.33,0.175,18,reviewed,ci,ci
2023-06-21T23:18:16.660Z,38.8301659,-122.8136673,2.21,1.12,md,20,79,0.00732,0.02,nc,nc73903766,2023-06-22T01:55:14.919Z,"8km NW of The Geysers, CA",earthquake,0.22,0.44,0.16,20,automatic,nc,nc
2023-06-21T23:14:44.461Z,51.4582,-177.865,53.1,2,ml,,,,0.41,ak,ak0237wu7rbm,2023-06-27T16:04:22.276Z,"96 km WSW of Adak, Alaska",earthquake,,1,,,reviewed,ak,ak
2023-06-21T23:05:16.526Z,57.8825,-153.8084,8.9,1.4,ml,,,,0.36,ak,ak0237wu5roi,2023-06-27T16:04:22.081Z,"Kodiak Island region, Alaska",earthquake,,0.3,,,reviewed,ak,ak
2023-06-21T23:02:36.890Z,34.0258333,-117.4946667,17.86,1.22,ml,25,68,0.03336,0.12,ci,ci40491528,2023-06-22T07:51:55.345Z,"2km NNW of Glen Avon, CA",earthquake,0.28,0.37,0.164,18,reviewed,ci,ci
2023-06-21T22:59:32.220Z,40.4351667,-124.4878333,18.58,1.81,md,18,260,0.1216,0.12,nc,nc73903761,2023-06-22T10:42:14.064Z,"21km NW of Petrolia, CA",earthquake,1,0.37,0.128,10,reviewed,nc,nc
2023-06-21T22:58:40.510Z,60.0043333333333,-153.097333333333,0.58,-0.65,ml,4,150,,0.11,av,av91933371,2023-06-22T22:05:54.770Z,"61 km ENE of Pedro Bay, Alaska",earthquake,0.38,1.49,0.109904337144183,4,reviewed,av,av
2023-06-21T22:56:47.840Z,58.2656666666667,-155.049666666667,17.77,-0.12,ml,8,116,,0.31,av,av91933366,2023-06-22T22:40:37.710Z,"85 km NNW of Karluk, Alaska",earthquake,0.85,1.61,0.182480228839972,8,reviewed,av,av
2023-06-21T22:54:33.770Z,18.0058333333333,-66.8236666666667,14.07,2.31,md,8,182,0.2101,0.08,pr,pr71414308,2023-06-21T23:01:02.190Z,"1 km NNW of Indios, Puerto Rico",earthquake,0.4,4.6,0.126932789942722,6,reviewed,pr,pr
2023-06-21T22:50:43.143Z,61.1613,-140.5359,8.3,0.9,ml,,,,0.43,ak,ak0237wtu1cr,2023-06-27T16:04:21.889Z,"131 km ESE of McCarthy, Alaska",earthquake,,0.6,,,reviewed,ak,ak
2023-06-21T22:18:47.486Z,68.9864,-144.4699,7.3,2,ml,,,,0.89,ak,ak0237wtn6ss,2023-06-27T16:04:25.922Z,"105 km NNE of Arctic Village, Alaska",earthquake,,0.2,,,reviewed,ak,ak
2023-06-21T22:14:55.479Z,34.47916667,-96.82433333,0,1.42,ml,71,174,0.2672475569,0.79,ok,ok2023mcdb,2023-06-23T14:10:31.373Z,"8 km N of Mill Creek, Oklahoma",quarry blast,,0.8,0.29,22,reviewed,ok,ok
2023-06-21T22:10:16.662Z,60.0057,-153.0259,108.4,1.2,ml,,,,0.76,ak,ak0237wtleom,2023-06-27T18:18:10.222Z,"65 km ENE of Pedro Bay, Alaska",earthquake,,0.1,,,reviewed,ak,ak
2023-06-21T21:58:35.433Z,51.3294,-179.2501,24.3,2.1,ml,,,,0.48,ak,ak0237wtaavr,2023-06-27T16:04:21.696Z,"",earthquake,,0.4,,,reviewed,ak,ak
2023-06-21T21:58:10.530Z,38.8133333,-122.8193333,2.87,0.42,md,9,116,0.00889,0.01,nc,nc73903756,2023-06-22T10:06:48.163Z,"7km NW of The Geysers, CA",earthquake,0.69,0.38,0.209,9,reviewed,nc,nc
2023-06-21T21:54:20.321Z,61.4025,-149.9336,50.2,1.7,ml,,,,0.68,ak,ak0237wt9eu8,2023-06-27T16:04:21.436Z,"Southern Alaska",earthquake,,0.5,,,reviewed,ak,ak
2023-06-21T21:54:04.794Z,55.458,-159.3992,6.7,1.5,ml,,,,0.64,ak,ak0237wt9dpv,2023-06-27T18:18:09.303Z,"Alaska Peninsula",earthquake,,0.4,,,reviewed,ak,ak
2023-06-21T21:47:39.450Z,34.4593333,-117.9588333,8.97,0.84,ml,15,74,0.01075,0.07,ci,ci40491464,2023-06-21T22:31:02.901Z,"7km SW of Pearblossom, CA",earthquake,0.17,0.27,0.178,12,reviewed,ci,ci
2023-06-21T21:40:48.460Z,33.2688333,-116.4203333,5.05,0.7,ml,22,73,0.002733,0.13,ci,ci40491456,2023-06-21T21:53:29.511Z,"4km WNW of Borrego Springs, CA",earthquake,0.29,0.28,0.093,14,reviewed,ci,ci
2023-06-21T21:34:43.652Z,57.8488,-156.1314,116.7,1.6,ml,,,,0.33,ak,ak0237wt56ct,2023-06-27T16:04:25.545Z,"84 km ESE of Egegik, Alaska",earthquake,,0.2,,,reviewed,ak,ak
2023-06-21T21:32:33.790Z,33.2921667,-116.741,13.46,1.05,ml,37,45,0.05798,0.14,ci,ci40491448,2023-06-21T21:47:09.979Z,"6km NNE of Lake Henshaw, CA",earthquake,0.2,0.47,0.132,25,reviewed,ci,ci
2023-06-21T21:31:40.450Z,38.831665,-122.8148346,1.52,0.27,md,11,52,0.009057,0.01,nc,nc73903746,2023-06-21T21:58:14.531Z,"8km NW of The Geysers, CA",earthquake,0.3,0.81,0.15,12,automatic,nc,nc
2023-06-21T21:30:31.930Z,38.7905006,-122.7354965,3.18,0.99,md,14,91,0.02145,0.05,nc,nc73903741,2023-06-21T21:48:13.464Z,"2km NE of The Geysers, CA",earthquake,0.32,1.03,0.17,10,automatic,nc,nc
2023-06-21T21:25:21.930Z,42.5116667,-111.6128333,4.67,1.92,ml,19,166,0.4143,0.25,uu,uu60542956,2023-06-21T21:44:50.460Z,"",earthquake,0.92,1.09,0.145,6,reviewed,uu,uu
2023-06-21T21:24:22.170Z,58.2003333333333,-155.306333333333,1.95,0.23,ml,6,186,,0.08,av,av91933301,2023-06-22T21:41:11.190Z,"",earthquake,0.41,0.65,0.205373233492985,6,reviewed,av,av
2023-06-21T21:21:02.135Z,37.2717,-117.5896,6.3,1.9,ml,13,94.9,0.059,0.1356,nn,nn00861529,2023-06-21T21:58:04.275Z,"53 km S of Silver Peak, Nevada",earthquake,,1.6,0.38,7,reviewed,nn,nn
2023-06-21T21:18:52.953Z,57.9699,-155.6363,110.8,1.5,ml,,,,0.45,ak,ak0237wt1rrv,2023-06-27T16:04:21.069Z,"Alaska Peninsula",earthquake,,0.3,,,reviewed,ak,ak
2023-06-21T21:18:13.420Z,40.7281667,-112.0706667,9.46,0.66,md,12,86,0.02647,0.11,uu,uu60542951,2023-06-21T21:53:05.530Z,"3 km NE of Magna, Utah",earthquake,0.33,0.6,0.072,5,reviewed,uu,uu
2023-06-21T21:03:30.157Z,54.7625,-156.8937,26.3,2.6,ml,,,,0.5,ak,ak0237wsyi47,2023-06-27T16:04:25.339Z,"191 km SE of Perryville, Alaska",earthquake,,2.2,,,reviewed,ak,ak
2023-06-21T21:03:12.082Z,64.6105,-146.9571,13.7,1.5,ml,,,,0.84,ak,ak0237wsygpi,2023-06-27T16:08:35.862Z,"Central Alaska",earthquake,,0.1,,,reviewed,ak,ak
2023-06-21T21:01:18.780Z,45.6715,-122.71283333333334,20.07,2.54,ml,23,36,0.03956,0.14,uw,uw61934921,2023-06-27T02:09:23.555Z,"2 km SW of Lake Shore, Washington",earthquake,0.29,0.52,0.15120455247181308,18,reviewed,uw,uw
2023-06-21T21:00:12.206Z,31.88690186,-101.907036,6.578328451,2,ml,18,75,0.1287327005,0.1,tx,tx2023mcaq,2023-06-23T14:50:24.395Z,"20 km SE of Midland, Texas",earthquake,0.9126514584,3.4084956439999994,0.2,19,reviewed,tx,tx
2023-06-21T20:58:33.490Z,40.4728333,-124.328,15.95,1.73,md,22,107,0.007734,0.11,nc,nc73903731,2023-06-22T10:32:11.997Z,"13km SSW of Ferndale, CA",earthquake,0.49,0.43,0.115,13,reviewed,nc,nc
2023-06-21T20:50:02.941Z,52.9433,-167.4148,51.3,1.6,ml,,,,0.53,ak,ak0237wsn33u,2023-06-27T16:04:20.665Z,"97 km E of Nikolski, Alaska",earthquake,,2.4,,,reviewed,ak,ak
2023-06-21T20:49:13.057Z,60.193,-151.005,66.1,1.8,ml,,,,0.67,ak,ak0237wsmw3e,2023-06-27T16:07:49.075Z,"21 km SE of Kasilof, Alaska",earthquake,,0.5,,,reviewed,ak,ak
2023-06-21T20:45:10.308Z,54.7274,-156.8337,14.7,3.1,ml,,,,0.44,ak,ak0237wsm1g9,2023-06-27T18:18:09.076Z,"197 km SE of Perryville, Alaska",earthquake,,2.1,,,reviewed,ak,ak
2023-06-21T20:44:56.339Z,59.9577,-152.7138,86.8,1.1,ml,,,,0.25,ak,ak0237wslvmk,2023-06-27T16:04:19.985Z,"53 km WNW of Anchor Point, Alaska",earthquake,,0.1,,,reviewed,ak,ak
2023-06-21T20:38:06.864Z,54.7263,-156.9174,15.4,3.1,ml,,,,0.63,ak,ak0237wskj6b,2023-06-27T18:18:08.810Z,"193 km SE of Perryville, Alaska",earthquake,,2.1,,,reviewed,ak,ak
2023-06-21T20:35:36.904Z,52.8597,-170.2169,96.9,2.8,ml,,,,0.93,ak,ak0237wsjych,2023-06-27T16:04:19.545Z,"91 km W of Nikolski, Alaska",earthquake,,0.4,,,reviewed,ak,ak
2023-06-21T20:29:08.889Z,58.1679,-155.3414,3.4,0.9,ml,,,,0.62,ak,ak0237wsil81,2023-06-27T16:04:19.359Z,"84 km NW of Karluk, Alaska",earthquake,,0.2,,,reviewed,ak,ak
2023-06-21T20:28:23.440Z,32.7945,-118.3161667,5.82,2.28,ml,16,229,0.2681,0.23,ci,ci40491392,2023-06-21T22:40:16.640Z,"4km SE of San Clemente Is. (SE tip), CA",earthquake,0.64,31.61,0.13,48,reviewed,ci,ci
2023-06-21T20:28:11.890Z,44.7843333333333,-114.391833333333,8.4,1.64,ml,8,105,0.4556,0.14,mb,mb90019418,2023-06-23T14:41:27.170Z,"33 km NNW of Challis, Idaho",earthquake,0.7,1.18,0.17416187566622,10,reviewed,mb,mb
2023-06-21T20:19:58.687Z,51.5144,-179.9383,11.2,1.6,ml,,,,0.57,ak,ak0237wsgk69,2023-06-27T18:18:10.030Z,"Andreanof Islands, Aleutian Islands, Alaska",earthquake,,1.4,,,reviewed,ak,ak
2023-06-21T20:19:29.644Z,36.7243,-116.3112,7.6,0,ml,13,89.98,0.01,0.081,nn,nn00861523,2023-06-21T20:52:31.933Z,"44 km ESE of Beatty, Nevada",earthquake,,1,0.73,5,reviewed,nn,nn
2023-06-21T20:18:59.807Z,54.7544,-156.9493,16.3,2.6,ml,,,,0.56,ak,ak0237wsgcjg,2023-06-27T16:04:24.969Z,"189 km SE of Perryville, Alaska",earthquake,,2.9,,,reviewed,ak,ak
2023-06-21T20:18:04.140Z,37.67,-118.9965,0.55,0.84,md,5,333,0.01723,0.05,nc,nc73903726,2023-06-22T09:23:13.593Z,"4km NNW of Mammoth Lakes, CA",earthquake,3.69,1.13,0.138,5,reviewed,nc,nc
2023-06-21T20:17:09.676Z,60.504,-149.0594,16,2.4,ml,,,,0.79,ak,ak0237wsg0vj,2023-06-27T16:04:19.042Z,"17 km E of Moose Pass, Alaska",earthquake,,0.3,,,reviewed,ak,ak
2023-06-21T20:14:23.806Z,54.0418,-163.4416,13.1,1.9,ml,,,,0.73,ak,ak0237wsfewc,2023-06-27T16:04:24.776Z,"Unimak Island region, Alaska",earthquake,,1,,,reviewed,ak,ak
2023-06-21T20:05:59.360Z,18.6885,-64.9541,57,3.76,md,20,248,0.3353,0.25,pr,pr2023172000,2023-06-21T20:30:00.460Z,"38 km N of Charlotte Amalie, U.S. Virgin Islands",earthquake,1.04,1,0.24,17,reviewed,pr,pr
2023-06-21T19:59:05.261Z,61.4529,-150.971,73.3,1,ml,,,,0.58,ak,ak0237ws3l8e,2023-06-27T16:04:18.853Z,"26 km WSW of Susitna, Alaska",earthquake,,0.3,,,reviewed,ak,ak
2023-06-21T19:56:52.022Z,62.1935,-152.4702,6.4,1,ml,,,,0.81,ak,ak0237ws31jk,2023-06-27T16:04:18.654Z,"60 km WNW of Skwentna, Alaska",earthquake,,0.3,,,reviewed,ak,ak
2023-06-21T19:56:01.984Z,52.7201,-168.0307,25.6,1.4,ml,,,,0.37,ak,ak0237ws2xpe,2023-06-27T18:18:08.626Z,"61 km ESE of Nikolski, Alaska",earthquake,,2,,,reviewed,ak,ak
2023-06-21T19:50:36.525Z,56.7085,-156.2469,5.5,1.6,ml,,,,0.26,ak,ak0237ws1q1q,2023-06-27T18:18:09.851Z,"113 km SE of Ugashik, Alaska",earthquake,,0.8,,,reviewed,ak,ak
2023-06-21T19:40:44.490Z,51.8636666666667,-178.076833333333,3.12,0.84,ml,5,116,,0.29,av,av91933146,2023-06-22T21:00:43.630Z,"99 km W of Adak, Alaska",earthquake,0.67,1.74,0.259566690863406,5,reviewed,av,av
2023-06-21T19:37:39.567Z,58.1984,-150.9939,15.6,2.1,ml,,,,0.65,ak,ak0237wryxxv,2023-06-27T18:18:08.388Z,"",earthquake,,0.8,,,reviewed,ak,ak
2023-06-21T19:35:09.710Z,52.0758333333333,-176.126833333333,-1.8,-0.22,ml,5,129,,0.33,av,av91933136,2023-06-22T21:07:01.360Z,"",earthquake,0.72,1.63,0.218462803302148,5,reviewed,av,av
2023-06-21T19:34:52.420Z,35.79803467,-101.2804237,6.969604492,2.3,ml,11,83,0.492953047,0.4,tx,tx2023mbxu,2023-06-22T16:03:03.976Z,"15 km ESE of Stinnett, Texas",earthquake,3.1600694,2.807733543,0.1,8,reviewed,tx,tx
2023-06-21T19:27:40.050Z,46.34466666666667,-122.8175,-0.49,1.6500000000000001,ml,18,57,0.1734,0.22,uw,uw61934891,2023-06-21T21:16:02.120Z,"10 km NE of Castle Rock, Washington",explosion,0.53,31.61,0.13882284639265308,14,reviewed,uw,uw
2023-06-21T19:26:50.730Z,39.2055,-123.513,-0.42,0.92,md,8,119,0.08029,0.11,nc,nc73903721,2023-06-22T10:11:14.870Z,"22km E of Navarro Head, CA",earthquake,0.43,0.95,0.17,8,reviewed,nc,nc
2023-06-21T19:20:04.520Z,37.6453333,-119.0088333,-2.52,0.07,md,4,209,0.01118,0.01,nc,nc73903716,2023-06-22T10:00:12.799Z,"3km WNW of Mammoth Lakes, CA",earthquake,2.51,3.82,0.4,4,reviewed,nc,nc
2023-06-21T19:16:08.576Z,39.35,-119.9949,8.4,1.6,ml,19,51.12,0.066,0.1548,nn,nn00861521,2023-06-21T20:43:12.794Z,"5 km SSE of Floriston, California",earthquake,,1.2,0.4,9,reviewed,nn,nn
2023-06-21T19:13:12.290Z,37.6328333,-119.047,-0.86,0.43,md,7,122,0.0174,0.01,nc,nc73903706,2023-06-22T09:49:12.733Z,"6km W of Mammoth Lakes, CA",earthquake,0.24,0.6,0.271,6,reviewed,nc,nc
2023-06-21T19:13:04.331Z,69.4894,-145.5295,14.2,1.9,ml,,,,0.73,ak,ak0237wrtq2p,2023-06-27T16:04:24.388Z,"102 km SW of Kaktovik, Alaska",earthquake,,0.6,,,reviewed,ak,ak
2023-06-21T19:11:25.650Z,51.8623333333333,-178.063666666667,4.81,0.35,ml,5,110,,0.21,av,av91933126,2023-06-22T21:20:07.970Z,"98 km W of Adak, Alaska",earthquake,0.57,1.2,0.295380759073701,5,reviewed,av,av
2023-06-21T19:11:08.230Z,51.8665,-178.071833333333,3.29,0.6,ml,5,107,,0.36,av,av91108243,2023-06-22T21:21:50.710Z,"99 km W of Adak, Alaska",earthquake,0.8,2.04,0.228950849029804,5,reviewed,av,av
2023-06-21T19:03:35.150Z,46.0063333333333,-112.462833333333,-2,1.95,ml,14,107,0.06402,0.07,mb,mb90019278,2023-06-21T19:21:08.150Z,"5 km E of Butte, Montana",quarry blast,0.37,31.61,0.205311352506138,16,reviewed,mb,mb
2023-06-21T18:58:17.200Z,39.1961667,-123.5163333,-0.41,1.73,md,19,89,0.07332,0.15,nc,nc73903701,2023-06-22T13:37:16.311Z,"21km E of Navarro Head, CA",earthquake,0.24,0.89,0.144,19,reviewed,nc,nc
2023-06-21T18:57:18.953Z,52.5501,-174.4417,182.875,4.3,mb,65,118,0.219,0.67,us,us7000ka6c,2023-06-27T18:18:08.109Z,"42 km NNW of Atka, Alaska",earthquake,11.49,6.668,0.063,71,reviewed,us,us
2023-06-21T18:56:01.750Z,39.1953333,-123.5163333,0.77,2.12,md,29,58,0.07261,0.09,nc,nc73903696,2023-06-22T13:09:16.121Z,"21km E of Navarro Head, CA",earthquake,0.13,0.77,0.131,37,reviewed,nc,nc
2023-06-21T18:54:14.312Z,62.7897,-150.5064,77.2,0.9,ml,,,,0.59,ak,ak0237wrh3l4,2023-06-27T16:04:18.065Z,"35 km NNE of Petersville, Alaska",earthquake,,0.6,,,reviewed,ak,ak
2023-06-21T18:50:13.510Z,58.2443333333333,-155.1475,3.34,-0.02,ml,8,105,,0.07,av,av91933086,2023-06-22T20:36:56.230Z,"85 km NNW of Karluk, Alaska",earthquake,0.25,0.56,0.127953811202231,8,reviewed,av,av
2023-06-21T18:50:13.500Z,58.2475,-155.147166666667,3.73,-0.06,ml,8,103,,0.04,av,av91933081,2023-06-22T20:40:01.230Z,"85 km NNW of Karluk, Alaska",earthquake,0.26,0.5,0.238575870537249,8,reviewed,av,av
2023-06-21T18:49:58.380Z,34.5823333,-117.7845,9.75,0.53,ml,6,110,0.05383,0.04,ci,ci40491240,2023-06-21T19:08:45.888Z,"5km SE of Lake Los Angeles, CA",earthquake,0.26,0.43,0.19,4,reviewed,ci,ci
2023-06-21T18:44:08.520Z,34.2215,-117.4961667,8.07,0.7,ml,10,100,0.01685,0.1,ci,ci40491224,2023-06-21T18:59:24.819Z,"4km S of Lytle Creek, CA",earthquake,0.24,0.5,0.11,4,reviewed,ci,ci
2023-06-21T18:39:37.931Z,59.7101,-152.4343,79.1,1.4,ml,,,,0.7,ak,ak0237wrdxrj,2023-06-27T16:04:17.607Z,"34 km WSW of Anchor Point, Alaska",earthquake,,0.5,,,reviewed,ak,ak
2023-06-21T18:35:52.431Z,60.1288,-152.9209,99.8,1.3,ml,,,,0.52,ak,ak0237wrd3xn,2023-06-27T16:04:24.203Z,"69 km WNW of Happy Valley, Alaska",earthquake,,0.1,,,reviewed,ak,ak
2023-06-21T18:30:14.550Z,38.8353348,-122.7896652,1.83,0.74,md,12,83,0.003115,0.01,nc,nc73903686,2023-06-21T18:59:19.464Z,"6km WNW of Cobb, CA",earthquake,0.34,0.47,0.18,13,automatic,nc,nc
2023-06-21T18:29:33.960Z,38.8320007,-122.8156662,1.87,1.05,md,17,53,0.00964,0.01,nc,nc73903681,2023-06-21T20:20:15.965Z,"8km NW of The Geysers, CA",earthquake,0.24,0.54,0.28,19,automatic,nc,nc
2023-06-21T18:26:25.567Z,15.1365,96.4391,10,4.4,mb,31,176,4.081,0.94,us,us7000ka6a,2023-06-21T20:01:03.040Z,"near the south coast of Myanmar",earthquake,9.78,1.952,0.107,25,reviewed,us,us
2023-06-21T18:26:08.388Z,59.8596,-152.909,102.6,1.4,ml,,,,0.39,ak,ak0237wrb2pi,2023-06-27T16:04:17.400Z,"Southern Alaska",earthquake,,0.4,,,reviewed,ak,ak
2023-06-21T18:24:31.090Z,58.1648333333333,-155.327833333333,1.68,0.42,ml,8,213,,0.07,av,av91933041,2023-06-22T20:26:32.060Z,"84 km NW of Karluk, Alaska",earthquake,0.34,0.6,0.464614622447658,9,reviewed,av,av
2023-06-21T18:24:03.036Z,52.1138,-170.8391,35,3,ml,16,214,0.916,0.78,us,us7000ka6j,2023-06-27T16:04:17.177Z,"162 km SW of Nikolski, Alaska",earthquake,4.83,1.971,0.081,20,reviewed,us,us
2023-06-21T18:12:31.335Z,69.3168,-143.5654,8.5,1.5,ml,,,,0.4,ak,ak0237wr84u4,2023-06-27T18:18:09.666Z,"90 km S of Kaktovik, Alaska",earthquake,,0.6,,,reviewed,ak,ak
2023-06-21T18:04:21.700Z,40.7291667,-112.0606667,9.28,1.07,ml,22,42,0.01897,0.13,uu,uu60542926,2023-06-21T18:36:29.630Z,"4 km ENE of Magna, Utah",earthquake,0.28,0.59,0.227,2,reviewed,uu,uu
2023-06-21T18:02:19.417Z,-23.9704,-175.7283,10,4.5,mb,27,72,2.829,1.02,us,us7000ka67,2023-06-21T19:46:35.040Z,"Tonga region",earthquake,10.98,1.875,0.085,41,reviewed,us,us
2023-06-21T18:00:40.214Z,53.7953,-164.2264,21.8,1.6,ml,,,,0.34,ak,ak0237wr5kxh,2023-06-27T16:04:23.837Z,"108 km ESE of Akutan, Alaska",earthquake,,1.6,,,reviewed,ak,ak
2023-06-21T17:58:09.310Z,58.1771666666667,-155.324666666667,3.81,0.13,ml,7,205,,0.11,av,av91933011,2023-06-27T16:59:49.710Z,"85 km NW of Karluk, Alaska",earthquake,0.53,1.54,0.293807111905363,7,reviewed,av,av
2023-06-21T17:50:16.670Z,40.7213333,-112.0651667,10.46,2.52,ml,42,41,0.02295,0.16,uu,uu60542921,2023-06-27T17:08:48.177Z,"",earthquake,0.25,0.36,0.231,17,reviewed,uu,uu
2023-06-21T17:44:42.739Z,36.6576,-115.6902,2.8,0.9,ml,17,161.7,0.218,0.1545,nn,nn00861514,2023-06-21T18:36:38.097Z,"9 km N of Indian Springs, Nevada",earthquake,,18.4,0.21,8,reviewed,nn,nn
2023-06-21T17:43:06.581Z,58.1778,-155.3174,0.2,1.3,ml,,,,0.29,ak,ak0237wqtajw,2023-06-27T16:56:52.480Z,"Alaska Peninsula",earthquake,,0.8,,,reviewed,ak,ak
2023-06-21T17:43:02.460Z,19.1765003204346,-155.491333007812,31.4300003051758,2.23,ml,45,149,,0.129999995,hv,hv73457497,2023-06-21T19:29:27.040Z,"3 km SSW of Pāhala, Hawaii",earthquake,0.58,0.810000002,2.36,14,automatic,hv,hv
2023-06-21T17:42:59.470Z,33.494,-116.4805,12.53,0.68,ml,28,63,0.05437,0.15,ci,ci40491152,2023-06-21T18:59:09.342Z,"19km ESE of Anza, CA",earthquake,0.21,0.53,0.095,11,reviewed,ci,ci
2023-06-21T17:34:24.040Z,51.8528333333333,-178.048833333333,-1.8,0.37,ml,5,109,,0.15,av,av91932986,2023-06-24T00:28:26.710Z,"97 km W of Adak, Alaska",earthquake,0.34,1.25,0.324016610747107,5,reviewed,av,av
2023-06-21T17:32:15.825Z,60.5069,-147.8067,5.5,1.2,ml,,,,0.55,ak,ak0237wqqtjw,2023-06-27T16:04:16.792Z,"50 km NNE of Chenega, Alaska",earthquake,,0.3,,,reviewed,ak,ak
2023-06-21T17:31:29.460Z,33.5038333,-116.5096667,13.74,0.92,ml,45,69,0.07281,0.17,ci,ci40491136,2023-06-21T18:36:32.360Z,"16km ESE of Anza, CA",earthquake,0.18,0.36,0.209,24,reviewed,ci,ci
2023-06-21T17:27:43.860Z,61.0751666666667,-152.328666666667,17.81,0.37,ml,7,300,,0.23,av,av91932971,2023-06-24T00:26:34.070Z,"Southern Alaska",earthquake,1.24,0.94,0.268307267036463,7,reviewed,av,av
2023-06-21T17:26:49.711Z,61.8345,-149.5885,39.2,1,ml,,,,0.4,ak,ak0237wqpqob,2023-06-27T16:04:23.645Z,"21 km WNW of Fishhook, Alaska",earthquake,,0.8,,,reviewed,ak,ak
2023-06-21T17:24:02.649Z,29.14764404,-97.71266085,6.871785482,1.9,ml,10,78,0.0728410152,0.2,tx,tx2023mbtn,2023-06-26T15:46:25.045Z,"14 km SSE of Nixon, Texas",earthquake,1.737387944,2.011935323,0.2,6,reviewed,tx,tx
2023-06-21T17:16:40.227Z,58.2192,-155.0937,1.2,1.7,ml,,,,0.61,ak,ak0237wqnkrp,2023-06-27T16:04:16.575Z,"81 km NNW of Karluk, Alaska",earthquake,,0.2,,,reviewed,ak,ak
2023-06-21T17:07:54.310Z,35.613,-117.4413333,6.24,0.31,ml,7,86,0.03144,0.15,ci,ci40491088,2023-06-21T20:56:54.443Z,"18km S of Searles Valley, CA",earthquake,0.39,0.72,0.048,2,reviewed,ci,ci
2023-06-21T17:04:53.697Z,29.15496826,-97.68991268,4.083943685,2.4,ml,13,59,0.05233467688,0.1,tx,tx2023mbsv,2023-06-23T15:51:41.736Z,"13 km SSW of Smiley, Texas",earthquake,0.8006744958,2.250188232,0.2,14,reviewed,tx,tx
2023-06-21T17:02:09.360Z,38.8416667,-122.8258333,1.72,-0.07,md,14,100,0.008141,0.02,nc,nc73903676,2023-06-22T09:05:41.457Z,"9km WNW of Cobb, CA",earthquake,0.34,0.6,0.328,12,reviewed,nc,nc
2023-06-21T16:54:07.180Z,58.8646,-151.9051,54.4,1.2,ml,,,,0.34,ak,ak0237wqa7u6,2023-06-27T16:04:23.457Z,"54 km S of Port Graham, Alaska",earthquake,,0.6,,,reviewed,ak,ak
2023-06-21T16:46:34.454Z,31.52042751,-104.0106022,6.799975586,2.2,ml,17,65,0.05245102238,0.2,tx,tx2023mbsf,2023-06-22T15:52:11.006Z,"30 km NW of Toyah, Texas",earthquake,1.166102606,0.955953764,0.2,13,reviewed,tx,tx
2023-06-21T16:37:57.770Z,38.8366661,-122.810997,1.79,1.09,md,20,84,0.01327,0.02,nc,nc73903666,2023-06-21T18:36:15.346Z,"8km WNW of Cobb, CA",earthquake,0.22,0.39,0.08,22,automatic,nc,nc
2023-06-21T16:29:34.810Z,33.1778333,-116.3991667,7.04,0.19,ml,8,92,0.09138,0.12,ci,ci40491008,2023-06-21T18:09:59.555Z,"9km SSW of Borrego Springs, CA",earthquake,0.39,1.33,0.083,4,reviewed,ci,ci
2023-06-21T16:29:01.155Z,63.2402,-145.0361,3.2,0.9,ml,,,,0.66,ak,ak0237wq4uhe,2023-06-27T16:04:16.383Z,"Central Alaska",earthquake,,0.3,,,reviewed,ak,ak
2023-06-21T16:28:48.810Z,53.7296666666667,-167.009333333333,9.41,-0.13,ml,5,325,,0.11,av,av91932941,2023-06-22T19:51:11.500Z,"35 km WSW of Unalaska, Alaska",earthquake,0.92,0.69,0.143763451713779,5,reviewed,av,av
2023-06-21T16:28:11.930Z,19.1641674041748,-155.480499267578,32.5900001525879,1.75,md,33,165,,0.119999997,hv,hv73457457,2023-06-21T16:31:22.600Z,"4 km S of Pāhala, Hawaii",earthquake,0.74,1.25999999,0.949999988,7,automatic,hv,hv
2023-06-21T16:27:50.341Z,51.4926,-176.0075,23,1.6,ml,,,,0.36,ak,ak0237wq4iu2,2023-06-27T16:04:23.271Z,"60 km SE of Adak, Alaska",earthquake,,0.8,,,reviewed,ak,ak
2023-06-21T16:25:35.460Z,33.3051667,-116.1796667,10.6,1.04,ml,46,43,0.1283,0.19,ci,ci40490992,2023-06-21T18:06:39.458Z,"18km NNW of Ocotillo Wells, CA",earthquake,0.22,0.54,0.121,18,reviewed,ci,ci
2023-06-21T16:19:16.306Z,-24.2279,-67.1719,170.482,4.2,mb,18,111,2.389,0.81,us,us7000ka5a,2023-06-27T00:32:43.040Z,"",earthquake,10.65,16.131,0.263,4,reviewed,us,us
2023-06-21T16:19:03.767Z,54.6178,-159.6995,9.5,1.9,ml,,,,0.37,ak,ak0237wq2pij,2023-06-27T18:18:09.486Z,"south of Alaska",earthquake,,0.9,,,reviewed,ak,ak
2023-06-21T16:16:15.640Z,47.3726666666667,-114.576833333333,-2,0.5,ml,6,163,0.1105,0.11,mb,mb90019258,2023-06-21T17:29:04.700Z,"17 km E of Paradise, Montana",quarry blast,0.72,31.61,0.117118176517486,2,reviewed,mb,mb
2023-06-21T16:13:28.260Z,40.727,-112.0618333,9.19,1.15,ml,24,50,0.01972,0.13,uu,uu60542916,2023-06-21T16:56:50.500Z,"3 km ENE of Magna, Utah",earthquake,0.27,0.57,0.405,2,reviewed,uu,uu
2023-06-21T16:07:09.300Z,19.2188339233398,-155.475006103516,28.7099990844727,2.26,ml,49,91,,0.140000001,hv,hv73457442,2023-06-21T16:12:42.420Z,"1 km NNE of Pāhala, Hawaii",earthquake,0.57,0.649999976,2.2,17,automatic,hv,hv
2023-06-21T16:05:31.818Z,59.7802,-153.1717,111.7,1.7,ml,,,,0.43,ak,ak0237wpzrnh,2023-06-27T16:04:22.883Z,"52 km E of Pedro Bay, Alaska",earthquake,,0.2,,,reviewed,ak,ak
2023-06-21T15:54:15.790Z,38.8421667,-122.8246667,1.81,-0.02,md,19,92,0.009174,0.02,nc,nc73903656,2023-06-22T08:51:44.252Z,"9km WNW of Cobb, CA",earthquake,0.21,0.41,0.261,16,reviewed,nc,nc
2023-06-21T15:45:02.380Z,19.1831665039062,-155.492660522461,34.0200004577637,1.86000001,md,39,87,,0.109999999,hv,hv73457417,2023-06-21T15:48:11.190Z,"2 km SW of Pāhala, Hawaii",earthquake,0.57,0.889999986,0.920000017,8,automatic,hv,hv
2023-06-21T15:44:26.500Z,34.087,-117.3098333,15.83,1.69,ml,78,25,0.08279,0.15,ci,ci40490968,2023-06-21T17:59:24.840Z,"2km NNE of Colton, CA",earthquake,0.12,0.29,0.169,51,reviewed,ci,ci
2023-06-21T15:36:56.280Z,45.1786666666667,-112.429166666667,-2,0.9,ml,7,118,0.2185,0.16,mb,mb90019413,2023-06-23T14:33:53.010Z,"Western Montana",quarry blast,0.71,31.61,0.142072477138872,9,reviewed,mb,mb
2023-06-21T15:33:53.741Z,42.1244,15.6993,24.642,4.3,mb,36,40,0.371,0.86,us,us7000ka4t,2023-06-23T20:48:28.389Z,"16 km E of Isole Tremiti, Italy",earthquake,4.9,6.447,0.239,5,reviewed,us,us
2023-06-21T15:28:33.616Z,65.0074,-147.0802,0,0.8,ml,,,,0.53,ak,ak0237wpj9nv,2023-06-23T21:50:15.614Z,"15 km N of Two Rivers, Alaska",explosion,,0,,,reviewed,ak,ak
2023-06-21T15:28:30.390Z,38.787,-122.745,1.49,2.08,md,74,40,0.00748,0.06,nc,nc73903646,2023-06-22T08:39:15.295Z,"2km NE of The Geysers, CA",earthquake,0.1,0.15,0.138,67,reviewed,nc,nc
2023-06-21T15:24:43.183Z,-60.5718,-26.9905,10,5.2,mb,41,101,14.659,0.6,us,us7000ka4s,2023-06-21T15:43:21.040Z,"South Sandwich Islands region",earthquake,13.78,1.911,0.075,59,reviewed,us,us
2023-06-21T15:23:45.950Z,19.1591663360596,-155.47900390625,32.8699989318848,1.85000002,md,42,122,,0.0900000036,hv,hv73457397,2023-06-21T15:26:51.830Z,"",earthquake,0.64,0.959999979,0.829999983,7,automatic,hv,hv
2023-06-21T15:21:44.040Z,34.2688333,-118.8145,21.46,1.54,ml,37,81,0.05836,0.19,ci,ci40490936,2023-06-21T17:42:01.453Z,"6km ESE of Moorpark, CA",earthquake,0.24,0.51,0.13,18,reviewed,ci,ci
2023-06-21T15:17:09.805Z,60.9435,-151.5321,86.1,1.2,ml,,,,0.41,ak,ak0237wpguxw,2023-06-23T19:46:49.537Z,"25 km WSW of Tyonek, Alaska",earthquake,,0.7,,,reviewed,ak,ak
2023-06-21T15:09:23.372Z,60.7259,-152.1692,82.6,1.4,ml,,,,0.39,ak,ak0237wpf698,2023-06-23T19:46:47.940Z,"48 km WNW of Salamatof, Alaska",earthquake,,0.6,,,reviewed,ak,ak
2023-06-21T15:08:19.140Z,40.1135,-123.8131667,20.55,1.43,md,22,102,0.01931,0.14,nc,nc73903641,2023-06-22T12:52:16.016Z,"1km SE of Redway, CA",earthquake,0.4,0.33,0.212,15,reviewed,nc,nc
2023-06-21T14:52:00.210Z,38.7683333,-122.9465,4.78,1.01,md,37,81,0.05345,0.07,nc,nc73903636,2023-06-22T09:01:12.417Z,"7km SE of Cloverdale, CA",earthquake,0.18,0.57,0.22,31,reviewed,nc,nc
2023-06-21T14:51:25.750Z,53.9333333333333,-166.560333333333,11.25,-0.02,ml,7,158,,0.2,av,av91932861,2023-06-22T22:02:06.350Z,"4 km NNW of Dutch Harbor, Alaska",earthquake,1.02,1.29,0.133017848823385,7,reviewed,av,av
2023-06-21T14:42:25.440Z,19.437,-154.882166666667,4.37,2.33,ml,7,263,,0.1,hv,hv73457367,2023-06-21T23:08:09.020Z,"Hawaii region, Hawaii",earthquake,1.06,1.83,0.0240655886262215,1,reviewed,hv,hv
2023-06-21T14:26:08.576Z,62.4333,-150.5708,63.7,3.8,ml,,,,0.86,ak,ak0237woxclz,2023-06-23T21:50:49.026Z,"Central Alaska",earthquake,,0.2,,,reviewed,ak,ak
2023-06-21T14:24:19.910Z,58.2603333333333,-155.142,31.52,-0.35,ml,9,133,,0.13,av,av91932836,2023-06-27T03:14:39.560Z,"87 km NNW of Karluk, Alaska",earthquake,0.8,0.69,0.232537759515544,8,reviewed,av,av
2023-06-21T14:20:44.770Z,38.8153333,-122.8248333,2.41,0.41,md,18,47,0.007294,0.02,nc,nc73903626,2023-06-21T17:20:14.891Z,"7km NW of The Geysers, CA",earthquake,0.21,0.28,0.419,18,reviewed,nc,nc
2023-06-21T14:19:08.350Z,38.8051667,-122.7896667,1.45,1.17,md,41,39,0.005217,0.03,nc,nc71130729,2023-06-22T12:23:14.830Z,"4km NW of The Geysers, CA",earthquake,0.11,0.18,0.178,33,reviewed,nc,nc
2023-06-21T14:18:25.249Z,39.6242,-119.9699,6.8,2.8,ml,29,69.3,0.018,0.1336,nn,nn00861503,2023-06-26T04:13:35.170Z,"6 km S of Cold Springs, Nevada",earthquake,,0.8,0.18,7,reviewed,nn,nn
2023-06-21T14:02:29.220Z,53.412,-168.2955,-1,-0.27,ml,4,302,,0.29,av,av91932821,2023-06-22T21:54:36.010Z,"Fox Islands, Aleutian Islands, Alaska",earthquake,1.6,1.53,0.352834305621538,4,reviewed,av,av
2023-06-21T13:59:25.320Z,58.2543333333333,-155.122333333333,31.54,-0.53,ml,8,134,,0.18,av,av91108203,2023-06-22T03:38:43.860Z,"85 km NNW of Karluk, Alaska",earthquake,0.94,1.47,0.279778693335217,7,reviewed,av,av
2023-06-21T13:58:59.970Z,35.6848333,-117.483,7.82,2.51,ml,33,74,0.05213,0.14,ci,ci40490864,2023-06-23T15:21:06.040Z,"12km SW of Searles Valley, CA",earthquake,0.18,0.53,0.129,62,reviewed,ci,ci
2023-06-21T13:54:40.690Z,-11.6865,166.2711,83.714,4.6,mb,55,64,6.606,0.47,us,us7000ka47,2023-06-23T15:05:48.040Z,"118 km SSE of Lata, Solomon Islands",earthquake,9.4,7.035,0.058,90,reviewed,us,us
2023-06-21T13:54:33.930Z,37.6311667,-119.0485,-1.19,0.34,md,5,139,0.01934,0.02,nc,nc73903611,2023-06-22T07:59:15.070Z,"6km W of Mammoth Lakes, CA",earthquake,0.51,2.82,0.373,5,reviewed,nc,nc
2023-06-21T13:42:33.030Z,60.0225,-153.142333333333,3.26,-0.63,ml,4,227,,0.32,av,av91932816,2023-06-22T07:17:57.880Z,"59 km ENE of Pedro Bay, Alaska",earthquake,1.66,3,0.269576843418031,4,reviewed,av,av
2023-06-21T13:41:33.231Z,31.48442005,-103.9142659,5.514575195,2,ml,31,60,0.05548468519,0.2,tx,tx2023mbmf,2023-06-21T20:01:48.914Z,"22 km NNW of Toyah, Texas",earthquake,0.5885076078,0.7994005926,0,7,reviewed,tx,tx
2023-06-21T13:35:56.600Z,51.9326666666667,-177.107,4.27,0.67,ml,6,260,,0.14,av,av91108228,2023-06-22T07:29:56.980Z,"33 km W of Adak, Alaska",earthquake,0.74,0.38,0.244956901966489,6,reviewed,av,av
2023-06-21T13:29:10.223Z,58.1834,-155.2922,4.6,1.2,ml,,,,0.52,ak,ak0237wockci,2023-06-23T19:46:47.336Z,"84 km NW of Karluk, Alaska",earthquake,,0.3,,,reviewed,ak,ak
2023-06-21T13:29:02.550Z,38.7631667,-122.7378333,1.27,1.1,md,38,67,0.01026,0.05,nc,nc73903601,2023-06-21T22:37:16.794Z,"2km SE of The Geysers, CA",earthquake,0.15,0.23,0.27,32,reviewed,nc,nc
2023-06-21T13:28:59.060Z,38.7611667,-122.7353333,1.37,0.37,md,17,62,0.008198,0.03,nc,nc73903606,2023-06-21T19:31:13.655Z,"3km SE of The Geysers, CA",earthquake,0.22,0.32,0.155,11,reviewed,nc,nc
2023-06-21T13:27:58.960Z,68.5591,-145.5987,4.4,1.2,ml,,,,0.7,ak,ak0237wocbx4,2023-06-23T19:46:47.119Z,"48 km N of Arctic Village, Alaska",earthquake,,0.6,,,reviewed,ak,ak
2023-06-21T13:24:55.518Z,51.3511,-177.031,28.8,1.7,ml,,,,0.45,ak,ak0237wobl9r,2023-06-23T19:46:49.333Z,"64 km SSW of Adak, Alaska",earthquake,,4.8,,,reviewed,ak,ak
2023-06-21T13:24:23.963Z,60.7784,-151.4866,71.3,1.2,ml,,,,0.69,ak,ak0237wobj5o,2023-06-23T19:46:46.910Z,"14 km NW of Nikiski, Alaska",earthquake,,0.8,,,reviewed,ak,ak
2023-06-21T13:21:02.475Z,68.5281,-145.5835,9.4,1.7,ml,,,,0.94,ak,ak0237woau1w,2023-06-23T19:46:46.710Z,"44 km N of Arctic Village, Alaska",earthquake,,0.5,,,reviewed,ak,ak
2023-06-21T13:10:52.520Z,38.8208333,-122.799,1.56,0.82,md,27,30,0.009021,0.02,nc,nc73903591,2023-06-21T21:22:16.305Z,"6km NW of The Geysers, CA",earthquake,0.17,0.36,0.198,26,reviewed,nc,nc
2023-06-21T12:54:17.989Z,35.03833333,-97.83583333,8.92,1.87,ml,95,48,0.09898057663,0.28,ok,ok2023mbko,2023-06-21T13:06:47.293Z,"9 km E of Chickasha, Oklahoma",earthquake,,1.2,0.21,32,reviewed,ok,ok
2023-06-21T12:50:53.010Z,46.628,-121.95366666666666,7.62,0.44,ml,20,152,0.06179,0.09,uw,uw61934821,2023-06-22T00:38:28.250Z,"15 km SSE of Ashford, Washington",earthquake,0.31,0.5,0.06537236123201984,9,reviewed,uw,uw
2023-06-21T12:47:02.435Z,62.9236,-150.6954,107.5,1.4,ml,,,,0.44,ak,ak0237wnuz2q,2023-06-23T19:46:46.441Z,"47 km N of Petersville, Alaska",earthquake,,0.5,,,reviewed,ak,ak
2023-06-21T12:44:43.001Z,36.7499,-116.2669,8.8,-0.4,ml,11,74.85,0.012,0.0567,nn,nn00861509,2023-06-21T15:03:48.211Z,"47 km ESE of Beatty, Nevada",earthquake,,1.2,0.25,4,reviewed,nn,nn
2023-06-21T12:44:20.553Z,60.3417,-151.3333,61.9,1.5,ml,,,,0.58,ak,ak0237wnud9a,2023-06-23T19:46:46.208Z,"3 km W of Kasilof, Alaska",earthquake,,0.7,,,reviewed,ak,ak
2023-06-21T12:34:27.231Z,-6.4353,143.5477,10.776,4.6,mb,35,101,4.637,0.54,us,us7000ka34,2023-06-23T04:22:30.040Z,"New Guinea, Papua New Guinea",earthquake,9.53,4.395,0.114,23,reviewed,us,us
2023-06-21T12:32:23.460Z,44.7608333,-111.1475,8.56,0.23,md,8,90,0.03612,0.11,uu,uu60542911,2023-06-21T13:45:22.800Z,"3 km ESE of Hebgen Lake Estates, Montana",earthquake,0.56,1.02,0.139,5,reviewed,uu,uu
2023-06-21T12:28:19.970Z,33.903,-116.2356667,3.89,0.78,ml,25,107,0.05642,0.13,ci,ci40490776,2023-06-21T17:13:00.946Z,"17km ENE of Thousand Palms, CA",earthquake,0.22,0.49,0.101,6,reviewed,ci,ci
2023-06-21T12:27:02.690Z,33.0588333,-116.4726667,12.55,1.81,ml,78,18,0.0343,0.18,ci,ci40490768,2023-06-22T00:26:59.300Z,"12km E of Julian, CA",earthquake,0.14,0.43,0.182,25,reviewed,ci,ci
2023-06-21T12:22:48.892Z,62.0074,-150.1218,19,0.8,ml,,,,0.36,ak,ak0237wnppe6,2023-06-23T19:46:46.011Z,"22 km SW of Susitna North, Alaska",earthquake,,0.9,,,reviewed,ak,ak
2023-06-21T12:05:56.160Z,33.8363333,-117.6748333,4.02,0.79,ml,13,54,0.06836,0.15,ci,ci40490760,2023-06-21T18:11:46.702Z,"11km WSW of Corona, CA",earthquake,0.31,0.82,0.135,4,reviewed,ci,ci
2023-06-21T12:00:08.480Z,44.271,-115.171833333333,8.61,2.03,ml,9,115,0.821,0.18,mb,mb90019328,2023-06-21T19:51:36.860Z,"19 km WNW of Stanley, Idaho",earthquake,0.61,1.23,0.188052695000468,9,reviewed,mb,mb
2023-06-21T11:55:35.300Z,33.8301667,-117.6636667,2.81,2.12,ml,76,29,0.05416,0.2,ci,ci40490752,2023-06-21T18:38:19.143Z,"10km WSW of Corona, CA",earthquake,0.13,0.22,0.158,64,reviewed,ci,ci
2023-06-21T11:53:14.462Z,60.8088,-151.1446,63.1,1.3,ml,,,,0.47,ak,ak0237wnaunx,2023-06-23T19:46:45.805Z,"15 km NNE of Nikiski, Alaska",earthquake,,0.9,,,reviewed,ak,ak
2023-06-21T11:46:23.845Z,59.0482,-142.6954,4.3,1.5,ml,,,,0.45,ak,ak0237wn9ddc,2023-06-23T19:46:49.123Z,"177 km WSW of Yakutat, Alaska",earthquake,,1.5,,,reviewed,ak,ak
2023-06-21T11:39:39.370Z,47.601166666666664,-122.3565,0.01,1.58,ml,33,37,0.01671,0.66,uw,uw61934816,2023-06-22T04:15:33.300Z,"1 km WSW of Seattle, Washington",earthquake,0.63,1.72,0.16148769017827957,23,reviewed,uw,uw
2023-06-21T11:35:06.680Z,58.2465,-155.093,3.93,-0.23,ml,6,125,,0.07,av,av91932736,2023-06-22T07:00:49.610Z,"84 km NNW of Karluk, Alaska",earthquake,0.27,0.92,0.376539626167005,6,reviewed,av,av
2023-06-21T11:28:59.630Z,60.014,-153.07,0.24,-0.86,ml,4,134,,0.11,av,av91932726,2023-06-22T06:27:49.560Z,"Southern Alaska",earthquake,0.35,1.77,0.219828940070419,4,reviewed,av,av
2023-06-21T11:24:36.271Z,59.8655,-152.5814,84.8,1.5,ml,,,,0.45,ak,ak0237wn4oin,2023-06-23T19:46:45.558Z,"43 km WNW of Anchor Point, Alaska",earthquake,,0.4,,,reviewed,ak,ak
2023-06-21T11:20:54.620Z,33.4715,-116.559,9.71,1.09,ml,54,80,0.04288,0.15,ci,ci40490736,2023-06-21T16:14:58.310Z,"14km SE of Anza, CA",earthquake,0.17,0.28,0.195,24,reviewed,ci,ci
2023-06-21T11:19:43.647Z,53.5405,-165.0151,18.4,1.8,ml,,,,0.84,ak,ak0237wn3mur,2023-06-23T19:46:45.355Z,"Fox Islands, Aleutian Islands, Alaska",earthquake,,0.3,,,reviewed,ak,ak
2023-06-21T11:14:05.290Z,58.1846666666667,-155.336833333333,2.17,0.47,ml,8,203,,0.1,av,av91932696,2023-06-22T04:12:48.650Z,"86 km NW of Karluk, Alaska",earthquake,0.42,0.7,0.368846153500756,8,reviewed,av,av
2023-06-21T11:12:31.460Z,44.2215,-110.273,7.71,1.12,md,13,87,0.1705,0.21,uu,uu60542906,2023-06-21T13:47:28.730Z,"72 km NNE of Kelly, Wyoming",earthquake,0.65,1.15,0.3,10,reviewed,uu,uu
2023-06-21T11:09:18.310Z,58.1896666666667,-155.285833333333,3.6,0.44,ml,7,187,,0.09,av,av91932691,2023-06-22T04:07:14.980Z,"84 km NW of Karluk, Alaska",earthquake,0.41,0.88,0.389068348557062,7,reviewed,av,av
2023-06-21T11:08:06.033Z,63.1899,-150.579,108.4,1.2,ml,,,,0.52,ak,ak0237wn1fi2,2023-06-23T19:46:44.949Z,"69 km SE of Denali National Park, Alaska",earthquake,,0.8,,,reviewed,ak,ak
2023-06-21T11:06:14.460Z,58.171,-155.314333333333,0.33,0.25,ml,6,207,,0.15,av,av91108208,2023-06-22T03:51:55.720Z,"84 km NW of Karluk, Alaska",earthquake,0.77,2.85,0.451234894587561,6,reviewed,av,av
2023-06-21T11:05:57.940Z,58.1626666666667,-155.328833333333,-2.2,0.45,ml,9,214,,0.12,av,av91932686,2023-06-22T03:49:43.950Z,"Alaska Peninsula",earthquake,0.62,2.44,0.498883317131102,9,reviewed,av,av
2023-06-21T11:05:00.984Z,64.3943,-158.2387,8.6,1.4,ml,,,,0.76,ak,ak0237wn0j7j,2023-06-23T19:46:45.169Z,"24 km ENE of Kaltag, Alaska",earthquake,,0.7,,,reviewed,ak,ak
2023-06-21T11:03:29.960Z,58.1745,-155.362,2.09,0.63,ml,9,213,,0.13,av,av91932681,2023-06-23T19:45:39.793Z,"86 km NW of Karluk, Alaska",earthquake,0.41,0.59,0.386775962350827,9,reviewed,av,av
2023-06-21T11:01:24.490Z,51.9055,179.6105,6.74,0.4,ml,5,171,,0.18,av,av91932676,2023-06-22T03:44:41.600Z,"258 km W of Adak, Alaska",earthquake,0.82,0.91,0.21448228437939,5,reviewed,av,av
2023-06-21T10:59:12.940Z,64.2108,-150.5326,12.7,2,ml,,,,0.69,ak,ak0237wmqp76,2023-06-23T19:46:44.713Z,"65 km W of Clear, Alaska",earthquake,,0.2,,,reviewed,ak,ak
2023-06-21T10:58:53.990Z,19.037,-67.9611666666667,18.49,3.32,md,8,330,0.7937,0.36,pr,pr71414248,2023-06-21T13:38:54.934Z,"68 km NE of Punta Cana, Dominican Republic",earthquake,13.01,26.22,0.0407920044606154,6,reviewed,pr,pr
2023-06-21T10:47:56.554Z,59.6606,-152.9246,99.3,1.4,ml,,,,0.35,ak,ak0237wmo807,2023-06-23T19:46:48.918Z,"62 km WSW of Anchor Point, Alaska",earthquake,,0.4,,,reviewed,ak,ak
2023-06-21T10:39:16.949Z,57.3075,-155.3696,63.1,1.5,ml,,,,0.25,ak,ak0237wmmf7y,2023-06-23T19:46:48.731Z,"62 km WSW of Karluk, Alaska",earthquake,,0.9,,,reviewed,ak,ak
2023-06-21T10:38:41.420Z,40.518,-124.4051667,18.8,1.89,md,25,234,0.06679,0.11,nc,nc73903576,2023-06-22T10:38:12.037Z,"14km WSW of Ferndale, CA",earthquake,0.52,0.35,0.07,15,reviewed,nc,nc
2023-06-21T10:31:07.859Z,31.65954525,-104.4047254,6.131567383,2,ml,35,70,0.02352077058,0.2,tx,tx2023mbfw,2023-06-21T19:44:05.876Z,"57 km S of Whites City, New Mexico",earthquake,0.6990019515,0.6225850341,0,6,reviewed,tx,tx
2023-06-21T10:14:07.210Z,38.8375015,-122.7914963,1.55,0.27,md,6,79,0.001277,0.03,nc,nc73903571,2023-06-21T10:30:15.527Z,"6km WNW of Cobb, CA",earthquake,0.5,1.44,0.16,8,automatic,nc,nc
2023-06-21T10:13:28.592Z,64.7389,-149.6076,12.9,0.9,ml,,,,0.69,ak,ak0237wmgvhb,2023-06-23T19:46:44.491Z,"27 km WNW of Four Mile Road, Alaska",earthquake,,0.2,,,reviewed,ak,ak
2023-06-21T10:10:18.060Z,59.895,-153.394166666667,10.46,0.28,ml,5,294,,0.15,av,av91932631,2023-06-22T03:31:14.980Z,"Southern Alaska",earthquake,2.08,3.81,0.241651723274962,5,reviewed,av,av
2023-06-21T10:08:02.532Z,-28.6551,-175.9991,10,4.9,mb,23,121,1.789,1.52,us,us7000ka2k,2023-06-21T10:52:57.040Z,"Kermadec Islands region",earthquake,10.87,1.901,0.136,17,reviewed,us,us
2023-06-21T10:04:38.902Z,57.2414,-154.8568,16.8,1.6,ml,,,,0.34,ak,ak0237wmeypn,2023-06-23T19:46:44.295Z,"43 km SSW of Karluk, Alaska",earthquake,,1.6,,,reviewed,ak,ak
2023-06-21T09:59:59.380Z,38.8185005,-122.822998,2.13,1.05,md,23,49,0.01047,0.02,nc,nc73903566,2023-06-21T12:24:12.175Z,"7km NW of The Geysers, CA",earthquake,0.21,0.38,0.19,23,automatic,nc,nc
2023-06-21T09:57:52.980Z,18.2198333333333,-66.8665,27.84,2.02,md,4,172,0.1653,0.07,pr,pr71414243,2023-06-21T11:12:48.840Z,"8 km S of Lares, Puerto Rico",earthquake,0.63,1.12,0.0557922595270108,3,reviewed,pr,pr
2023-06-21T09:57:14.849Z,66.2672,-142.3004,15,2,ml,,,,0.75,ak,ak0237wm4ucn,2023-06-23T19:46:44.069Z,"76 km SE of Chalkyitsik, Alaska",earthquake,,0.4,,,reviewed,ak,ak
2023-06-21T09:56:40.028Z,51.3962,179.6383,17.9,2.1,ml,,,,0.33,ak,ak0237wm4osx,2023-06-23T19:46:43.873Z,"263 km WSW of Adak, Alaska",earthquake,,0.5,,,reviewed,ak,ak
2023-06-21T09:56:05.043Z,54.7732,-162.8123,5.4,2.8,ml,,,,0.71,ak,ak0237wm4m23,2023-06-23T19:46:43.661Z,"39 km ESE of False Pass, Alaska",earthquake,,0.5,,,reviewed,ak,ak
2023-06-21T09:54:25.239Z,51.3822,179.6739,17.4,3,ml,,,,0.51,ak,ak0237wm481l,2023-06-23T21:50:14.957Z,"261 km WSW of Adak, Alaska",earthquake,,0.3,,,reviewed,ak,ak
2023-06-21T09:47:55.091Z,60.6612,-151.0098,75,1.4,ml,,,,0.44,ak,ak0237wm2sbf,2023-06-23T19:46:43.226Z,"14 km NNE of Ridgeway, Alaska",earthquake,,0.8,,,reviewed,ak,ak
2023-06-21T09:38:19.230Z,38.7723333,-122.7156667,1.45,1.14,md,44,33,0.01082,0.06,nc,nc73903561,2023-06-21T20:52:16.139Z,"2km W of Anderson Springs, CA",earthquake,0.12,0.16,0.226,39,reviewed,nc,nc
2023-06-21T09:36:34.485Z,59.8784,-153.6611,140.9,1.8,ml,,,,0.58,ak,ak0237wm0dq6,2023-06-23T19:46:42.991Z,"Southern Alaska",earthquake,,0.4,,,reviewed,ak,ak
2023-06-21T09:32:36.460Z,37.5001667,-118.5095,8.35,1.17,md,20,88,0.09547,0.08,nc,nc73903556,2023-06-22T09:35:13.617Z,"12km NE of Round Valley, CA",earthquake,0.39,1.5,0.152,17,reviewed,nc,nc
2023-06-21T09:29:52.730Z,60.1403,-152.7851,4.5,1,ml,,,,0.78,ak,ak0237wlyx7f,2023-06-23T19:46:42.782Z,"62 km WNW of Happy Valley, Alaska",earthquake,,0.3,,,reviewed,ak,ak
2023-06-21T09:25:32.121Z,-4.1176,142.0265,105.419,4.5,mb,30,109,2.069,0.55,us,us7000ka25,2023-06-23T04:29:21.290Z,"88 km W of Ambunti, Papua New Guinea",earthquake,8.83,8.228,0.113,23,reviewed,us,us
2023-06-21T09:22:55.030Z,33.0483333,-116.3613333,14.39,0.69,ml,36,83,0.07072,0.18,ci,ci40490728,2023-06-21T16:05:34.553Z,"23km E of Julian, CA",earthquake,0.25,0.49,0.196,8,reviewed,ci,ci
2023-06-21T09:20:33.891Z,62.5932,-152.4657,132.3,1,ml,,,,0.48,ak,ak0237wlwybh,2023-06-23T19:46:48.539Z,"87 km NW of Skwentna, Alaska",earthquake,,0.9,,,reviewed,ak,ak
2023-06-21T09:18:22.160Z,58.1728333333333,-155.357666666667,2.16,0.53,ml,8,213,,0.12,av,av91932566,2023-06-22T03:15:51.260Z,"Alaska Peninsula",earthquake,0.42,0.57,0.429651718300654,8,reviewed,av,av
2023-06-21T09:05:36.801Z,60.1379,-152.8013,7.9,0.8,ml,,,,0.77,ak,ak0237wltqqt,2023-06-23T19:46:42.593Z,"63 km WNW of Happy Valley, Alaska",earthquake,,0.2,,,reviewed,ak,ak
2023-06-21T09:04:31.880Z,33.3906667,-116.898,13.82,0.54,ml,38,35,0.04734,0.18,ci,ci40490720,2023-06-21T15:58:27.515Z,"5km NW of Palomar Observatory, CA",earthquake,0.22,0.55,0.106,13,reviewed,ci,ci
2023-06-21T08:59:52.650Z,58.348,-154.935333333333,0.31,-0.33,ml,6,170,,0.1,av,av91932551,2023-06-22T22:30:48.210Z,"",earthquake,0.53,4,0.30748229124149,6,reviewed,av,av
2023-06-21T08:58:45.140Z,48.966,-114.781,2.34,2.2,ml,17,135,0.6243,0.18,mb,mb90019223,2023-06-21T14:34:34.470Z,"19 km E of Indian Springs, Montana",earthquake,0.52,1.1,0.277686850922955,15,reviewed,mb,mb
2023-06-21T08:56:22.540Z,19.2441673278809,-155.395172119141,28.5699996948242,1.83,ml,43,136,,0.140000001,hv,hv73457197,2023-06-21T09:01:57.450Z,"9 km ENE of Pāhala, Hawaii",earthquake,0.56,0.75999999,0.13,4,automatic,hv,hv
2023-06-21T08:54:04.164Z,47.9109,151.113,223.619,4.5,mb,77,112,5.747,0.9,us,us7000ka1z,2023-06-21T09:12:39.040Z,"Kuril Islands",earthquake,8.92,7.195,0.028,373,reviewed,us,us
2023-06-21T08:53:53.507Z,51.7845,-166.9891,11.9,2.5,ml,,,,0.54,ak,ak0237wliqs7,2023-06-23T21:50:14.738Z,"",earthquake,,1.7,,,reviewed,ak,ak
2023-06-21T08:52:49.333Z,36.7085,-116.0562,0.9,-0.3,ml,6,235.94,0.036,0.0493,nn,nn00861508,2023-06-21T15:00:40.811Z,"37 km WNW of Indian Springs, Nevada",earthquake,,10.4,0.14,3,reviewed,nn,nn
2023-06-21T08:47:15.290Z,44.151666666666664,-121.79683333333334,-1.56,0.52,ml,4,143,0.04967,0.23,uw,uw61502668,2023-06-21T18:08:11.210Z,"Oregon",other event,1.24,31.61,0.1926898845632581,3,reviewed,uw,uw
2023-06-21T08:46:05.640Z,37.6051667,-122.3196667,7.69,0.95,md,31,50,0.07258,0.09,nc,nc73903551,2023-06-22T06:43:11.712Z,"5km ENE of Burlingame, CA",earthquake,0.18,0.46,0.278,20,reviewed,nc,nc
2023-06-21T08:45:25.173Z,62.2383,-151.1394,78.7,1.1,ml,,,,0.48,ak,ak0237wlguxy,2023-06-23T19:46:42.165Z,"30 km NNE of Skwentna, Alaska",earthquake,,0.6,,,reviewed,ak,ak
2023-06-21T08:36:56.646Z,61.5597,-148.0399,4.9,1.5,ml,,,,0.92,ak,ak0237wlezxb,2023-06-23T19:46:41.895Z,"34 km SW of Glacier View, Alaska",earthquake,,0.2,,,reviewed,ak,ak
2023-06-21T08:32:08.214Z,58.172,-155.3195,2.7,1.1,ml,,,,0.46,ak,ak0237wle1bl,2023-06-23T21:50:15.801Z,"84 km NW of Karluk, Alaska",earthquake,,0.5,,,reviewed,ak,ak
2023-06-21T08:31:15.750Z,32.7905,-116.6481667,17.13,0.96,ml,21,61,0.112,0.17,ci,ci40490712,2023-06-21T13:08:00.834Z,"12km WSW of Pine Valley, CA",earthquake,0.28,0.63,0.195,10,reviewed,ci,ci
2023-06-21T08:25:39.050Z,65.4737,-144.7567,2.1,1.2,ml,,,,0.5,ak,ak0237wlclo8,2023-06-23T19:46:41.685Z,"11 km S of Central, Alaska",earthquake,,0.3,,,reviewed,ak,ak
2023-06-21T08:25:06.510Z,38.8409996,-122.8771667,2.71,0.32,md,7,122,0.005638,0.01,nc,nc73903541,2023-06-21T08:44:16.890Z,"13km NW of The Geysers, CA",earthquake,0.67,0.74,0.2,7,automatic,nc,nc
2023-06-21T08:24:35.930Z,38.4211667,-112.1278333,-1.92,2.03,ml,28,127,0.09892,0.25,uu,uu60542901,2023-06-21T13:33:02.050Z,"9 km ESE of Marysvale, Utah",earthquake,0.42,0.6,0.142,18,reviewed,uu,uu
2023-06-21T08:23:58.980Z,46.851333333333336,-121.75283333333333,0.81,1.31,ml,24,72,0.02079,0.09,uw,uw61934796,2023-06-21T15:55:16.310Z,"23 km ENE of Ashford, Washington",earthquake,0.19,0.51,0.202117785380167,18,reviewed,uw,uw
2023-06-21T08:22:42.752Z,37.2994,-117.5815,6.8,0.9,ml,8,97.34,0.084,0.1421,nn,nn00861495,2023-06-21T21:20:44.804Z,"50 km S of Silver Peak, Nevada",earthquake,,3.6,0.3,4,reviewed,nn,nn
2023-06-21T08:22:38.832Z,32.31536865,-101.8170017,6.431599935,2.5,ml,24,71,0.0238795576,0.2,tx,tx2023mbbq,2023-06-21T12:10:11.409Z,"20 km N of Stanton, Texas",earthquake,0.7124019743,0.7651812067,0.2,18,reviewed,tx,tx
2023-06-21T08:18:22.962Z,-22.1117,-179.7283,567.817,4.8,mb,51,47,4.312,0.77,us,us7000ka1q,2023-06-21T08:33:11.040Z,"south of the Fiji Islands",earthquake,8.44,8.019,0.086,42,reviewed,us,us
2023-06-21T08:18:18.600Z,38.7728333,-122.7245,1.38,0.22,md,16,49,0.01123,0.02,nc,nc73903536,2023-06-22T06:51:13.645Z,"3km E of The Geysers, CA",earthquake,0.19,0.37,0.168,8,reviewed,nc,nc
2023-06-21T08:08:24.678Z,67.5004,-149.3873,4.2,1.5,ml,,,,0.61,ak,ak0237wl8xj4,2023-06-23T19:46:41.466Z,"32 km ENE of Wiseman, Alaska",earthquake,,0.4,,,reviewed,ak,ak
2023-06-21T08:06:29.310Z,35.5016667,-118.4006667,6.92,1.24,ml,23,67,0.1715,0.13,ci,ci40490704,2023-06-21T15:53:01.489Z,"13km SE of Bodfish, CA",earthquake,0.16,0.85,0.087,9,reviewed,ci,ci
2023-06-21T07:59:59.570Z,34.84433333,-97.8275,9.41,0.95,ml,26,84,0.09718092979,0.25,ok,ok2023mbaw,2023-06-23T13:52:08.345Z,"",earthquake,,1.4,0.23,14,reviewed,ok,ok
2023-06-21T07:58:27.750Z,36.1138333,-117.8828333,5.88,1.29,ml,16,119,0.02296,0.16,ci,ci40490696,2023-06-21T15:47:30.152Z,"10km NE of Coso Junction, CA",earthquake,0.27,0.45,0.146,6,reviewed,ci,ci
2023-06-21T07:57:18.630Z,44.066,-117.53233333333333,0.68,1.6600000000000001,ml,5,179,0.8029,0.03,uw,uw61934791,2023-06-22T04:44:31.430Z,"20 km S of Brogan, Oregon",earthquake,0.59,1.15,0.06860897913765174,3,reviewed,uw,uw
2023-06-21T07:47:53.160Z,58.2631666666667,-155.083833333333,30.14,-0.27,ml,7,118,,0.18,av,av91932511,2023-06-22T02:39:03.490Z,"Alaska Peninsula",earthquake,0.86,1.35,0.218762524825974,6,reviewed,av,av
2023-06-21T07:41:20.530Z,38.8258333,-122.8566667,2.69,1.09,md,41,57,0.001717,0.04,nc,nc73903531,2023-06-21T19:21:16.592Z,"10km WNW of The Geysers, CA",earthquake,0.14,0.21,0.151,34,reviewed,nc,nc
2023-06-21T07:37:52.984Z,37.2938,-104.4766,6.174,2.1,ml,9,138,0.163,0.27,us,us7000ka1m,2023-06-21T08:01:16.040Z,"7 km N of El Moro, Colorado",earthquake,2.15,2.73,0.128,8,reviewed,us,us
2023-06-21T07:34:31.270Z,58.2656666666667,-155.112166666667,31.1,-0.18,ml,6,122,,0.21,av,av91108198,2023-06-22T02:48:53.140Z,"86 km NNW of Karluk, Alaska",earthquake,0.8,1.27,0.214357290417425,6,reviewed,av,av
2023-06-21T07:33:59.790Z,37.3213333,-122.212,8.78,2.09,md,93,60,0.03717,0.13,nc,nc73903526,2023-06-21T23:19:15.068Z,"7km SSE of Portola Valley, CA",earthquake,0.14,0.22,0.163,74,reviewed,nc,nc
2023-06-21T07:31:37.240Z,32.2293333,-115.0793333,15.85,1.62,ml,14,64,0.07341,0.23,ci,ci40490680,2023-06-21T15:43:49.043Z,"7km SSE of Guadalupe Victoria, B.C., MX",earthquake,0.4,0.43,0.399,5,reviewed,ci,ci
2023-06-21T07:31:09.840Z,33.9398333,-116.7805,16.18,0.6,ml,30,61,0.09774,0.15,ci,ci40490672,2023-06-21T15:38:20.745Z,"3km NNE of Cabazon, CA",earthquake,0.24,0.59,0.057,6,reviewed,ci,ci
2023-06-21T07:30:18.880Z,35.7688333,-117.5811667,4.66,0.54,ml,13,135,0.1545,0.18,ci,ci40490664,2023-06-21T15:30:45.417Z,"16km W of Searles Valley, CA",earthquake,0.44,0.91,0.01,2,reviewed,ci,ci
2023-06-21T07:30:00.430Z,52.0836666666667,-176.130666666667,-1.71,-0.15,ml,5,151,,0.22,av,av91932506,2023-06-22T02:19:28.850Z,"Andreanof Islands, Aleutian Islands, Alaska",earthquake,0.89,1.6,0.159074359467537,5,reviewed,av,av
2023-06-21T07:30:00.030Z,46.8771666666667,-112.519,12.12,0.95,ml,12,62,0.04618,0.05,mb,mb90019218,2023-06-21T14:55:03.890Z,"Western Montana",earthquake,0.4,0.46,0.20914860824439,7,reviewed,mb,mb
2023-06-21T07:20:07.345Z,60.1206,-151.7318,51.8,1.4,ml,,,,0.67,ak,ak0237wkq126,2023-06-26T20:53:03.637Z,"8 km NNW of Ninilchik, Alaska",earthquake,,0.8,,,reviewed,ak,ak
2023-06-21T07:15:40.926Z,65.84,-146.9752,9.1,0.7,ml,,,,0.82,ak,ak0237wkp154,2023-06-26T20:53:01.388Z,"60 km SSE of Beaver, Alaska",earthquake,,0.2,,,reviewed,ak,ak
2023-06-21T07:09:38.775Z,65.2421,-148.9166,8.6,1.1,ml,,,,0.73,ak,ak0237wknqnk,2023-06-26T20:53:01.174Z,"22 km ENE of Minto, Alaska",earthquake,,0.2,,,reviewed,ak,ak
2023-06-21T07:08:13.060Z,34.807,-120.3426667,1.8,2.05,ml,35,64,0.07139,0.22,ci,ci40490648,2023-06-21T15:25:34.920Z,"9km NW of Los Alamos, CA",earthquake,0.26,0.46,0.087,19,reviewed,ci,ci
2023-06-21T07:02:15.986Z,61.8648,-149.3071,10.8,1.6,ml,,,,0.86,ak,ak0237wkm6yj,2023-06-26T20:53:00.960Z,"13 km NNW of Fishhook, Alaska",earthquake,,0.2,,,reviewed,ak,ak
2023-06-21T07:02:07.210Z,63.4294,-147.6788,5.1,2.2,ml,,,,0.79,ak,ak0237wkm65j,2023-06-26T20:53:00.677Z,"Central Alaska",earthquake,,0.2,,,reviewed,ak,ak
2023-06-21T07:02:03.120Z,58.2608333333333,-155.1615,23.78,0.28,ml,9,98,,0.31,av,av91932476,2023-06-22T01:59:45.900Z,"87 km NNW of Karluk, Alaska",earthquake,1.18,1.49,0.231224283649309,8,reviewed,av,av
2023-06-21T06:58:22.860Z,38.8163338,-122.8191681,2.45,0.75,md,11,63,0.01001,0.01,nc,nc73903516,2023-06-21T06:59:58.743Z,"7km NW of The Geysers, CA",earthquake,0.33,0.78,0.13,13,automatic,nc,nc
2023-06-21T06:52:56.732Z,37.2976,-117.5857,7.3,1.9,ml,17,68.28,0.081,0.1551,nn,nn00861493,2023-06-21T21:14:27.456Z,"50 km S of Silver Peak, Nevada",earthquake,,1.6,0.39,8,reviewed,nn,nn
2023-06-21T06:35:41.070Z,33.4021667,-116.378,6.86,0.73,ml,37,117,0.07578,0.18,ci,ci40490640,2023-06-21T15:18:08.736Z,"16km N of Borrego Springs, CA",earthquake,0.25,0.94,0.133,11,reviewed,ci,ci
2023-06-21T06:35:19.296Z,61.3088,-146.8425,6.2,1,ml,,,,0.77,ak,ak0237wk7u4g,2023-06-26T20:53:00.457Z,"",earthquake,,0.3,,,reviewed,ak,ak
2023-06-21T06:31:11.440Z,37.2765,-118.4046667,8.97,1.87,md,23,82,0.1036,0.07,nc,nc73903511,2023-06-21T14:42:05.838Z,"2km W of Wilkerson, CA",earthquake,0.39,0.78,0.195,22,reviewed,nc,nc
2023-06-21T06:22:46.987Z,36.7366,-116.1742,4.7,-0.4,ml,9,99.44,0.029,0.0582,nn,nn00861507,2023-06-21T14:57:34.142Z,"48 km WNW of Indian Springs, Nevada",earthquake,,1.9,0.09,4,reviewed,nn,nn
2023-06-21T06:20:16.010Z,34.003,-117.201,11.76,1.43,ml,69,43,0.06023,0.2,ci,ci40490616,2023-06-21T13:16:35.680Z,"6km SSW of Redlands, CA",earthquake,0.22,0.51,0.187,25,reviewed,ci,ci
2023-06-21T06:15:05.100Z,47.5943333333333,-113.8905,15.43,0.47,ml,9,158,0.1123,0.13,mb,mb90019248,2023-06-21T17:01:37.530Z,"Western Montana",earthquake,0.54,0.84,0.14655588713462,4,reviewed,mb,mb
2023-06-21T06:13:14.422Z,59.808,-153.0372,101.6,1.7,ml,,,,0.62,ak,ak0237wk33yo,2023-06-26T20:53:00.194Z,"60 km E of Pedro Bay, Alaska",earthquake,,0.4,,,reviewed,ak,ak
2023-06-21T06:09:33.759Z,35.78883333,-96.985,7.01,0.77,ml,32,51,0.1808645082,0.19,ok,ok2023maxf,2023-06-23T13:35:44.570Z,"3 km SE of Carney, Oklahoma",earthquake,,0.5,0.23,12,reviewed,ok,ok
2023-06-21T06:06:47.550Z,58.249,-155.138,3.54,0.23,ml,8,99,,0.08,av,av91932451,2023-06-22T02:13:04.230Z,"Alaska Peninsula",earthquake,0.29,0.57,0.213509358764002,8,reviewed,av,av
2023-06-21T06:05:18.420Z,38.828,-122.8008333,1.79,0.24,md,21,44,0.008558,0.02,nc,nc73903501,2023-06-21T12:55:15.391Z,"7km W of Cobb, CA",earthquake,0.19,0.27,0.253,18,reviewed,nc,nc
2023-06-21T05:57:15.260Z,38.8264999,-122.8008347,1.55,1.09,md,24,31,0.007855,0.03,nc,nc73903496,2023-06-21T06:02:04.539Z,"7km NW of The Geysers, CA",earthquake,0.19,0.35,0.14,25,automatic,nc,nc
2023-06-21T05:54:46.316Z,60.2134,-153.0084,122.1,1.6,ml,,,,0.7,ak,ak0237wjqj7b,2023-06-26T20:53:03.396Z,"72 km E of Port Alsworth, Alaska",earthquake,,0.5,,,reviewed,ak,ak
2023-06-21T05:52:57.609Z,62.8344,-152.3087,140.5,1.1,ml,,,,0.43,ak,ak0237wjq4n4,2023-06-26T20:53:03.206Z,"84 km SSW of Denali National Park, Alaska",earthquake,,0.3,,,reviewed,ak,ak
2023-06-21T05:48:27.880Z,38.7475,-122.716,1.26,0.28,md,14,72,0.007605,0.04,nc,nc73903491,2023-06-21T08:09:16.676Z,"4km SW of Anderson Springs, CA",earthquake,0.18,0.34,0.265,9,reviewed,nc,nc
2023-06-21T05:43:34.018Z,-29.3834,-176.6225,10,4.9,mb,39,69,1.14,1.27,us,us7000ka18,2023-06-21T06:17:30.040Z,"Kermadec Islands region",earthquake,10.39,1.88,0.075,55,reviewed,us,us
2023-06-21T05:43:03.050Z,36.1776666666667,-91.2928333333333,18.27,2.29,md,9,87,0.03222,0.09,nm,nm60500878,2023-06-21T13:15:24.780Z,"7 km SSW of Ravenden, Arkansas",earthquake,0.72,0.52,0.0395157372718411,8,reviewed,nm,nm
2023-06-21T05:35:26.982Z,54.2129,-163.5285,39.7,1.8,ml,,,,0.47,ak,ak0237wjmf3u,2023-06-26T20:53:03.012Z,"71 km S of False Pass, Alaska",earthquake,,1.9,,,reviewed,ak,ak
2023-06-21T05:21:07.373Z,61.1996,-147.2034,4,1.9,ml,,,,0.89,ak,ak0237wjjdjp,2023-06-26T20:52:59.897Z,"Southern Alaska",earthquake,,0.2,,,reviewed,ak,ak
2023-06-21T05:19:21.609Z,52.8145,-166.772,3.4,3.4,ml,,,,0.54,ak,ak0237wjizqx,2023-06-27T16:32:03.613Z,"118 km S of Unalaska, Alaska",earthquake,,0.3,,,reviewed,ak,ak
2023-06-21T05:17:42.710Z,33.27,-116.4345,2.78,1.03,ml,36,59,0.01464,0.2,ci,ci40490592,2023-06-21T13:16:38.400Z,"6km WNW of Borrego Springs, CA",earthquake,0.29,0.67,0.125,27,reviewed,ci,ci
2023-06-21T05:12:22.593Z,28.0375,55.9983,10,5,mb,74,82,3.085,0.81,us,us7000ka13,2023-06-21T06:04:25.101Z,"31 km SSE of Ḩājjīābād, Iran",earthquake,8.46,1.884,0.062,83,reviewed,us,us
2023-06-21T05:11:36.330Z,33.6565,-116.7141667,16.02,0.73,ml,18,90,0.05452,0.18,ci,ci40490568,2023-06-21T13:16:16.991Z,"9km S of Idyllwild, CA",earthquake,0.5,0.72,0.2,8,reviewed,ci,ci
2023-06-21T05:08:26.899Z,57.3282,-154.819,19.4,3.1,ml,,,,0.79,ak,ak0237wjgmv1,2023-06-27T16:32:03.267Z,"",earthquake,,1,,,reviewed,ak,ak
2023-06-21T05:08:13.906Z,64.6293,-150.5312,14.4,0.7,ml,,,,0.78,ak,ak0237wjglpa,2023-06-26T20:52:59.482Z,"41 km S of Manley Hot Springs, Alaska",earthquake,,0.3,,,reviewed,ak,ak
2023-06-21T05:05:30.396Z,59.9761,-152.5736,94.1,1.6,ml,,,,0.61,ak,ak0237wjfzr1,2023-06-26T20:52:58.917Z,"47 km W of Happy Valley, Alaska",earthquake,,0.5,,,reviewed,ak,ak
2023-06-21T04:58:01.910Z,32.9168333,-116.2671667,11.21,0.94,ml,42,49,0.04843,0.18,ci,ci40490560,2023-06-21T14:52:07.195Z,"27km ENE of Pine Valley, CA",earthquake,0.21,0.36,0.166,8,reviewed,ci,ci
2023-06-21T04:57:34.330Z,62.8745,-149.5419,76.1,1.1,ml,,,,0.85,ak,ak0237wj5pzu,2023-06-26T20:52:58.697Z,"55 km NNE of Chase, Alaska",earthquake,,0.5,,,reviewed,ak,ak
2023-06-21T04:49:43.872Z,58.2211,-151.5503,6.4,1.8,ml,,,,0.93,ak,ak0237wj40tv,2023-06-27T16:32:03.846Z,"65 km ENE of Ouzinkie, Alaska",earthquake,,0.5,,,reviewed,ak,ak
2023-06-21T04:36:47.750Z,38.7898333,-122.7655,1.66,1.19,md,46,71,0.01169,0.07,nc,nc73903486,2023-06-21T10:34:14.547Z,"2km NNW of The Geysers, CA",earthquake,0.16,0.24,0.135,38,reviewed,nc,nc
2023-06-21T04:31:39.424Z,31.94000244,-102.3614949,6.920694987,2.2,ml,17,65,0.03509859632,0.1,tx,tx2023maua,2023-06-22T14:41:22.223Z,"9 km S of Gardendale, Texas",earthquake,1.462814414,1.063514998,0.2,19,reviewed,tx,tx
2023-06-21T04:30:04.996Z,58.9439,-153.0285,3.5,1.2,ml,,,,0.62,ak,ak0237wizv83,2023-06-26T20:53:02.604Z,"78 km SW of Nanwalek, Alaska",earthquake,,0.3,,,reviewed,ak,ak
2023-06-21T04:16:06.206Z,61.0483,-147.5464,0.4,0.8,ml,,,,0.63,ak,ak0237wiwvbe,2023-06-26T20:52:58.488Z,"51 km WNW of Tatitlek, Alaska",earthquake,,0.3,,,reviewed,ak,ak
2023-06-21T04:10:53.014Z,-12.8008,-14.7174,10,5.5,mww,89,42,4.85,0.52,us,us7000ka0y,2023-06-26T01:51:06.964Z,"southern Mid-Atlantic Ridge",earthquake,9.24,1.777,0.059,28,reviewed,us,us
2023-06-21T04:03:21.460Z,58.2508333333333,-155.137666666667,33.51,0.73,ml,12,98,,0.3,av,av91932306,2023-06-22T00:48:33.260Z,"86 km NNW of Karluk, Alaska",earthquake,0.84,1.49,0.349305869276747,11,reviewed,av,av
2023-06-21T04:03:04.030Z,19.1731662750244,-155.476501464844,33.5299987792969,2.36,ml,48,82,,0.100000001,hv,hv73457107,2023-06-26T01:21:14.040Z,"3 km S of Pāhala, Hawaii",earthquake,0.52,0.629999995,3.3,19,automatic,hv,hv
2023-06-21T04:02:53.455Z,-12.8079,-15.0163,10,4.7,mb,31,80,4.887,0.62,us,us7000ka0x,2023-06-25T23:17:12.040Z,"southern Mid-Atlantic Ridge",earthquake,12.06,1.884,0.11,25,reviewed,us,us
2023-06-21T04:01:36.454Z,58.2273,-155.0444,21,1.3,ml,,,,0.64,ak,ak0237witptg,2023-06-27T16:32:03.071Z,"Alaska Peninsula",earthquake,,0.2,,,reviewed,ak,ak
2023-06-21T03:59:40.090Z,58.2365,-155.168333333333,33.98,0.96,ml,12,121,,0.15,av,av91932296,2023-06-21T23:58:08.260Z,"85 km NNW of Karluk, Alaska",earthquake,0.65,0.86,0.293139398219895,11,reviewed,av,av
2023-06-21T03:58:53.840Z,47.93066666666667,-122.02133333333333,26.45,1.83,ml,45,38,0.06433,0.27,uw,uw61934781,2023-06-21T04:54:22.700Z,"1 km SSW of Three Lakes, Washington",earthquake,0.33,0.54,0.10995448143652053,36,reviewed,uw,uw
2023-06-21T03:58:11.691Z,-15.6168,-13.6243,10,4.6,mb,26,82,7.592,0.58,us,us7000ka1v,2023-06-25T22:55:36.040Z,"southern Mid-Atlantic Ridge",earthquake,13.07,1.877,0.114,23,reviewed,us,us
2023-06-21T03:53:27.280Z,61.3281,-152.2947,1,0.9,ml,,,,0.64,ak,ak0237wijesr,2023-06-26T20:52:58.092Z,"68 km WNW of Beluga, Alaska",earthquake,,0.4,,,reviewed,ak,ak
2023-06-21T03:52:31.340Z,19.2848339080811,-155.386672973633,29.4899997711182,2.01,ml,50,120,,0.109999999,hv,hv73457102,2023-06-21T03:58:02.220Z,"13 km NE of Pāhala, Hawaii",earthquake,0.52,0.629999995,3.33,7,automatic,hv,hv
2023-06-21T03:48:54.780Z,58.1771666666667,-155.335833333333,2.24,0.35,ml,8,206,,0.08,av,av91932286,2023-06-27T16:31:49.066Z,"",earthquake,0.34,0.41,0.409282383352278,8,reviewed,av,av
2023-06-21T03:41:07.260Z,45.8263333333333,-113.736166666667,12.14,1.17,ml,13,163,0.5503,0.14,mb,mb90019323,2023-06-21T19:40:19.740Z,"19 km E of Sula, Montana",earthquake,1.46,1.79,0.0843252261402263,9,reviewed,mb,mb
2023-06-21T03:35:19.360Z,19.0736666666667,-64.81,19.53,3.37,md,12,288,0.7307,0.35,pr,pr71414223,2023-06-21T03:55:12.600Z,"81 km N of Charlotte Amalie, U.S. Virgin Islands",earthquake,5.22,10.23,0.0980567557829448,7,reviewed,pr,pr
2023-06-21T03:35:03.550Z,19.1720008850098,-155.466827392578,34.1199989318848,1.86000001,md,38,106,,0.0900000036,hv,hv73457087,2023-06-21T03:38:14.120Z,"3 km SSE of Pāhala, Hawaii",earthquake,0.67,0.930000007,0.360000014,9,automatic,hv,hv
2023-06-21T03:34:58.440Z,60.2346,-152.8245,105.4,1.7,ml,,,,0.64,ak,ak0237wifhy0,2023-06-26T20:52:57.656Z,"67 km WNW of Ninilchik, Alaska",earthquake,,0.5,,,reviewed,ak,ak
2023-06-21T03:32:11.290Z,34.2413333,-117.5521667,8.53,0.65,ml,30,71,0.05823,0.15,ci,ci40490536,2023-06-21T14:41:15.855Z,"5km WSW of Lytle Creek, CA",earthquake,0.23,0.43,0.06,4,reviewed,ci,ci
2023-06-21T03:29:19.450Z,33.3575,-116.3551667,12.86,0.79,ml,21,173,0.03228,0.14,ci,ci40490528,2023-06-21T23:21:27.005Z,"11km N of Borrego Springs, CA",earthquake,0.33,0.69,0.149,14,reviewed,ci,ci
2023-06-21T03:25:54.190Z,58.1768333333333,-155.336333333333,0.74,0.15,ml,7,206,,0.07,av,av91932281,2023-06-22T00:07:11.850Z,"85 km NW of Karluk, Alaska",earthquake,0.64,2.13,0.393689936852167,7,reviewed,av,av
2023-06-21T03:19:50.300Z,37.6486667,-119.0238333,-1.54,0.35,md,6,154,0.007109,0.02,nc,nc73903476,2023-06-21T06:16:01.431Z,"4km WNW of Mammoth Lakes, CA",earthquake,0.32,0.43,0.12,6,reviewed,nc,nc
2023-06-21T03:16:41.286Z,62.6916,-149.283,16.5,1,ml,,,,0.7,ak,ak0237wibidr,2023-06-26T20:52:57.444Z,"50 km ENE of Chase, Alaska",earthquake,,0.2,,,reviewed,ak,ak
2023-06-21T03:07:49.375Z,61.1727,-146.1569,0.3,1.7,ml,,,,0.51,ak,ak0237wi9lkt,2023-06-27T16:32:02.811Z,"",earthquake,,0.2,,,reviewed,ak,ak
2023-06-21T03:01:20.830Z,44.7285,-111.770333333333,10.03,0.92,ml,8,102,0.07459,0.17,mb,mb90019318,2023-06-21T19:34:51.160Z,"46 km W of Hebgen Lake Estates, Montana",earthquake,0.7,1.07,0.131469457012123,6,reviewed,mb,mb
2023-06-21T02:56:33.238Z,58.1753,-155.3025,5.8,0.9,ml,,,,0.33,ak,ak0237whymsz,2023-06-26T20:52:56.982Z,"84 km NW of Karluk, Alaska",earthquake,,0.1,,,reviewed,ak,ak
2023-06-21T02:56:19.639Z,63.8634,-149.3124,119.2,1.2,ml,,,,0.53,ak,ak0237whylrf,2023-06-26T20:53:02.388Z,"17 km W of Healy, Alaska",earthquake,,0.7,,,reviewed,ak,ak
2023-06-21T02:52:27.510Z,35.6993333,-117.5666667,1.93,1.05,ml,17,115,0.1213,0.18,ci,ci40490520,2023-06-21T18:14:20.050Z,"13km NE of Ridgecrest, CA",earthquake,0.36,0.49,0.129,4,reviewed,ci,ci
2023-06-21T02:47:19.468Z,15.5875,96.0984,10,4.6,mb,39,173,3.943,0.45,us,us7000ka0g,2023-06-25T22:09:30.040Z,"89 km SSE of Pyapon, Myanmar",earthquake,9.65,1.852,0.087,40,reviewed,us,us
2023-06-21T02:45:46.887Z,54.1066,-164.1516,24.2,2.2,ml,,,,0.49,ak,ak0237whwb3x,2023-06-26T20:52:56.779Z,"",earthquake,,0.2,,,reviewed,ak,ak
2023-06-21T02:40:15.520Z,17.9375,-66.831,10.86,2.25,md,6,219,0.0592,0.07,pr,pr71414218,2023-06-21T03:19:05.320Z,"6 km S of Indios, Puerto Rico",earthquake,0.69,0.53,0.129698285729321,4,reviewed,pr,pr
2023-06-21T02:31:52.027Z,36.7667,-116.2527,8.2,-0.5,ml,4,265.23,0.032,0.0153,nn,nn00861506,2023-06-21T14:54:26.976Z,"California-Nevada border region",earthquake,,5.7,0,1,reviewed,nn,nn
2023-06-21T02:24:59.070Z,37.489,-118.8583333,6.7,0.75,md,17,103,0.1035,0.05,nc,nc73903466,2023-06-21T06:03:30.173Z,"18km WSW of Toms Place, CA",earthquake,0.44,1.24,0.158,17,reviewed,nc,nc
2023-06-21T02:21:47.760Z,32.8596667,-117.2611667,13.43,1.27,ml,49,163,0.1144,0.15,ci,ci40490504,2023-06-21T13:59:07.672Z,"2km NE of La Jolla, CA",earthquake,0.29,0.46,0.148,21,reviewed,ci,ci
2023-06-21T02:20:40.077Z,-6.1089,151.1452,10,4.9,mb,65,66,2.158,0.45,us,us7000ka0d,2023-06-25T21:37:13.040Z,"127 km ESE of Kimbe, Papua New Guinea",earthquake,8.48,1.876,0.075,56,reviewed,us,us
2023-06-21T02:15:47.280Z,44.6545,-112.048,12.39,1.44,ml,16,68,0.2547,0.11,mb,mb90019213,2023-06-21T14:49:01.210Z,"34 km NNE of Spencer, Idaho",earthquake,0.33,0.79,0.175842880094934,14,reviewed,mb,mb
2023-06-21T02:12:43.966Z,58.1887,-155.2731,4.3,1.1,ml,,,,0.5,ak,ak0237whp7lz,2023-06-27T16:32:02.616Z,"84 km NW of Karluk, Alaska",earthquake,,0.1,,,reviewed,ak,ak
2023-06-21T02:11:58.020Z,19.241,-155.519333333333,9.84,2.37,ml,18,83,,0.09,hv,hv73456992,2023-06-21T23:31:08.810Z,"6 km NW of Pāhala, Hawaii",earthquake,0.41,1.18,0.106393826916334,26,reviewed,hv,hv
2023-06-21T02:09:40.789Z,35.53416667,-96.74833333,6.68,1.1,ml,54,48,0.1223759857,0.22,ok,ok2023maph,2023-06-23T13:22:48.244Z,"7 km NW of Prague, Oklahoma",earthquake,,0.5,0.21,23,reviewed,ok,ok
2023-06-21T02:04:34.141Z,58.1717,-155.3366,2.4,1.3,ml,,,,0.48,ak,ak0237whnhnw,2023-06-26T20:52:56.385Z,"85 km NW of Karluk, Alaska",earthquake,,0.4,,,reviewed,ak,ak
2023-06-21T01:57:59.584Z,53.5699,-167.0861,18.7,1.5,ml,,,,0.38,ak,ak0237whdgy0,2023-06-26T20:52:56.194Z,"49 km SW of Unalaska, Alaska",earthquake,,0.4,,,reviewed,ak,ak
2023-06-21T01:56:15.643Z,36.4505,-115.7416,0,0.8,ml,15,167.54,0.276,0.1628,nn,nn00861488,2023-06-21T21:01:55.535Z,"14 km SSW of Indian Springs, Nevada",earthquake,,0,0.66,6,reviewed,nn,nn
2023-06-21T01:55:05.362Z,36.5268,70.9372,191.262,4.3,mb,34,76,2.512,0.82,us,us7000ka09,2023-06-24T00:47:23.040Z,"Hindu Kush region, Afghanistan",earthquake,7.92,9.188,0.129,17,reviewed,us,us
2023-06-21T01:51:27.970Z,33.3918333,-116.899,13.93,0.55,ml,28,57,0.04877,0.17,ci,ci40490496,2023-06-21T13:49:30.885Z,"5km NW of Palomar Observatory, CA",earthquake,0.25,0.55,0.18,5,reviewed,ci,ci
2023-06-21T01:45:16.690Z,37.6493333,-119.014,-2.83,-0.16,md,5,181,0.008813,0.07,nc,nc73903461,2023-06-21T05:58:29.528Z,"3km WNW of Mammoth Lakes, CA",earthquake,0.77,5.66,0.319,4,reviewed,nc,nc
2023-06-21T01:41:04.550Z,58.2671666666667,-155.013166666667,3.49,-0.01,ml,7,128,,0.16,av,av91932211,2023-06-21T23:31:03.940Z,"84 km NNW of Karluk, Alaska",earthquake,0.32,0.78,0.275132857882673,7,reviewed,av,av
2023-06-21T01:39:53.170Z,37.6353333,-119.0475,-0.3,0.7,md,8,115,0.01643,0.04,nc,nc73903456,2023-06-21T05:54:29.144Z,"6km W of Mammoth Lakes, CA",earthquake,0.31,0.79,0.216,8,reviewed,nc,nc
2023-06-21T01:38:41.503Z,61.7692,-146.9024,17.3,1.8,ml,,,,0.81,ak,ak0237wh9ctz,2023-06-26T20:52:55.919Z,"23 km SE of Eureka Roadhouse, Alaska",earthquake,,0.3,,,reviewed,ak,ak
2023-06-21T01:37:19.330Z,18.1956666666667,-67.0705,20.85,2.53,md,9,71,0.07652,0.1,pr,pr71414208,2023-06-21T01:48:57.480Z,"",earthquake,0.3,1.4,0.0871246929095042,5,reviewed,pr,pr
2023-06-21T01:35:35.043Z,63.1867,-150.171,97,1.9,ml,,,,0.79,ak,ak0237wh8pad,2023-06-26T20:52:55.639Z,"65 km WSW of Cantwell, Alaska",earthquake,,0.4,,,reviewed,ak,ak
2023-06-21T01:30:35.770Z,36.6958333,-121.3663333,0.99,1.33,md,26,60,0.01971,0.17,nc,nc73903451,2023-06-21T08:12:18.695Z,"11km SSW of Tres Pinos, CA",earthquake,0.32,0.58,0.293,21,reviewed,nc,nc
2023-06-21T01:22:45.510Z,19.1259994506836,-155.40283203125,31.6100006103516,2.13000011,md,40,182,,0.100000001,hv,hv73456927,2023-06-21T01:25:56.550Z,"11 km SE of Pāhala, Hawaii",earthquake,0.57,0.779999971,0.579999983,17,automatic,hv,hv
2023-06-21T01:19:41.440Z,51.8226666666667,-179.017166666667,3.64,0.77,ml,4,337,,0.03,av,av91108178,2023-06-21T23:25:56.730Z,"Andreanof Islands, Aleutian Islands, Alaska",earthquake,1.04,0.68,0.359694182098422,4,reviewed,av,av
2023-06-21T01:19:21.760Z,51.8005,-178.972833333333,9.48,0.66,ml,5,332,,0.04,av,av91932191,2023-06-21T23:23:51.030Z,"161 km W of Adak, Alaska",earthquake,1.16,1.1,0.169237732060632,5,reviewed,av,av
2023-06-21T01:15:57.078Z,54.7413,-160.5671,5.4,1.9,ml,,,,0.41,ak,ak0237wh4kan,2023-06-27T16:32:02.430Z,"Alaska Peninsula",earthquake,,1.6,,,reviewed,ak,ak
2023-06-21T01:14:48.580Z,58.2431666666667,-155.157333333333,3.86,-0.26,ml,7,140,,0.09,av,av91932176,2023-06-21T23:20:08.840Z,"85 km NNW of Karluk, Alaska",earthquake,0.4,0.51,0.101813416061094,7,reviewed,av,av
2023-06-21T01:08:25.078Z,31.51118047,-104.0261417,6.697143555000001,1.8,ml,16,64,0.06757334571,0.1,tx,tx2023mang,2023-06-21T18:06:57.982Z,"31 km NW of Toyah, Texas",earthquake,1.127238137,1.157914862,0.1,6,reviewed,tx,tx
2023-06-21T01:05:37.340Z,46.89,-112.526666666667,10.87,0.53,ml,8,116,0.05687,0.05,mb,mb90019308,2023-06-21T19:29:29.650Z,"13 km ESE of Lincoln, Montana",earthquake,0.4,0.48,0.177493208398503,5,reviewed,mb,mb
2023-06-21T01:04:07.253Z,59.9014,-152.7267,90,1.5,ml,,,,0.77,ak,ak0237wh1zyt,2023-06-26T20:53:02.167Z,"52 km WNW of Anchor Point, Alaska",earthquake,,0.3,,,reviewed,ak,ak
2023-06-21T01:02:55.944Z,61.2535,-149.9362,39.8,1.2,ml,,,,0.42,ak,ak0237wh1o8f,2023-06-26T20:52:55.247Z,"4 km NNW of Anchorage, Alaska",earthquake,,0.5,,,reviewed,ak,ak
2023-06-21T00:50:22.890Z,33.5898333,-116.6566667,14.58,0.59,ml,23,63,0.05131,0.12,ci,ci40490464,2023-06-21T13:39:09.902Z,"4km NNE of Anza, CA",earthquake,0.28,0.36,0.136,7,reviewed,ci,ci
2023-06-21T00:49:47.580Z,44.6901666666667,-111.8785,15.67,1.1,ml,7,124,0.1568,0.21,mb,mb90019268,2023-06-21T17:46:57.470Z,"44 km NE of Spencer, Idaho",earthquake,1.22,3.08,0.222429397532665,10,reviewed,mb,mb
2023-06-21T00:43:48.420Z,35.148,-85.8858333333333,8.73,2.52,md,14,79,0.07767,0.17,se,se60530516,2023-06-27T00:24:31.040Z,"",earthquake,0.46,0.71,0.0932629577045772,13,reviewed,se,se
2023-06-21T00:43:46.587Z,56.7958,-153.6528,7.8,2.4,ml,,,,0.74,ak,ak0237wgp13r,2023-06-27T00:45:10.040Z,"35 km ESE of Akhiok, Alaska",earthquake,,0.2,,,reviewed,ak,ak
2023-06-21T00:39:46.930Z,36.744,-121.3315,6.24,0.68,md,10,165,0.03841,0.09,nc,nc73903441,2023-06-21T06:46:14.174Z,"5km SSW of Tres Pinos, CA",earthquake,0.32,0.62,0.264,7,reviewed,nc,nc
2023-06-21T00:22:53.876Z,54.0212,-164.7223,63,1.7,ml,,,,0.34,ak,ak0237wgkiuj,2023-06-26T20:53:01.977Z,"70 km E of Akutan, Alaska",earthquake,,0.7,,,reviewed,ak,ak
2023-06-21T00:22:40.633Z,60.0242,-152.9852,111.9,1.9,ml,,,,0.63,ak,ak0237wgkhry,2023-06-26T20:52:54.727Z,"",earthquake,,0.3,,,reviewed,ak,ak
2023-06-21T00:22:11.730Z,53.8948333333333,-166.941666666667,2.77,0.07,ml,6,245,,0.1,av,av91932116,2023-06-21T23:15:30.870Z,"Fox Islands, Aleutian Islands, Alaska",earthquake,0.56,2.18,0.262968509676442,6,reviewed,av,av
2023-06-21T00:20:43.280Z,58.1835,-155.282,3.17,0.33,ml,7,189,,0.07,av,av91932111,2023-06-21T23:13:26.270Z,"",earthquake,0.44,1.13,0.3665410322517,7,reviewed,av,av
2023-06-21T00:19:36.380Z,37.3958333,-121.7385,10.49,0.91,md,15,78,0.0734,0.08,nc,nc73903436,2023-06-21T06:36:16.114Z,"8km ENE of Alum Rock, CA",earthquake,0.34,0.54,0.178,15,reviewed,nc,nc
2023-06-21T00:16:44.341Z,57.9308,-153.8576,57.9,1.6,ml,,,,0.45,ak,ak0237wgj7n9,2023-06-27T16:32:02.203Z,"44 km N of Larsen Bay, Alaska",earthquake,,0.4,,,reviewed,ak,ak
2023-06-21T00:15:07.700Z,58.2101666666667,-155.207,6.06,0.15,ml,8,147,,0.1,av,av91932096,2023-06-21T20:51:15.500Z,"84 km NNW of Karluk, Alaska",earthquake,0.42,0.64,0.134260932594273,8,reviewed,av,av
2023-06-21T00:10:34.533Z,60.8523,-151.2465,59.9,1.4,ml,,,,0.57,ak,ak0237wghwrh,2023-06-26T20:53:01.766Z,"18 km N of Nikiski, Alaska",earthquake,,0.4,,,reviewed,ak,ak
2023-06-21T00:09:10.887Z,60.1973,-151.2564,57.4,1.4,ml,,,,0.71,ak,ak0237wghnga,2023-06-26T20:52:54.303Z,"8 km ESE of Clam Gulch, Alaska",earthquake,,0.6,,,reviewed,ak,ak
2023-06-21T00:07:04.651Z,53.2029,-166.891,37.1,1.5,ml,,,,0.31,ak,ak0237wgh7b5,2023-06-26T20:53:01.579Z,"78 km SSW of Unalaska, Alaska",earthquake,,4.6,,,reviewed,ak,ak
2023-06-21T00:02:23.330Z,52.0506666666667,-176.125833333333,0.69,-0.43,ml,6,94,,0.33,av,av91932076,2023-06-21T20:46:54.010Z,"40 km ENE of Adak, Alaska",earthquake,0.94,2.07,0.232511483995031,6,reviewed,av,av
2023-06-21T00:01:03.330Z,18.7504997253418,-155.253005981445,6.53999996185303,2.6,ml,33,279,,0.180000007,hv,hv73456842,2023-06-27T00:56:08.040Z,"49 km SE of Naalehu, Hawaii",earthquake,1.72,1.95000005,2.76,11,automatic,hv,hv
2023-06-20T23:53:18.960Z,44.6543333333333,-114.371666666667,8.09,2.4,ml,23,67,0.361,0.17,mb,mb90019203,2023-06-21T15:09:53.330Z,"20 km NW of Challis, Idaho",earthquake,0.39,0.77,0.266785242585161,24,reviewed,mb,mb
2023-06-20T23:47:46.260Z,60.0035,-152.7499,105.9,2.5,ml,,,,0.45,ak,ak0237v6vhia,2023-06-27T01:02:49.040Z,"57 km W of Happy Valley, Alaska",earthquake,,0.3,,,reviewed,ak,ak
2023-06-20T23:43:07.670Z,37.763,-122.5668333,10.78,1.23,md,40,160,0.07961,0.11,nc,nc73903426,2023-06-21T07:45:15.532Z,"7km WNW of San Francisco Zoo, CA",earthquake,0.26,0.39,0.145,26,reviewed,nc,nc
2023-06-20T23:42:15.310Z,33.3195,-116.8995,17.48,1.99,ml,75,23,0.04592,0.16,ci,ci40490424,2023-06-21T21:35:41.193Z,"5km SW of Palomar Observatory, CA",earthquake,0.15,0.36,0.114,31,reviewed,ci,ci
2023-06-20T23:42:09.862Z,55.3743,-157.4895,0.1,2.6,ml,,,,0.7,ak,ak0237v6udgn,2023-06-27T01:06:58.040Z,"117 km SSE of Chignik, Alaska",earthquake,,0.7,,,reviewed,ak,ak
2023-06-20T23:41:00.470Z,58.1818333333333,-155.309333333333,3.26,0.12,ml,8,198,,0.11,av,av91932046,2023-06-21T19:24:44.170Z,"85 km NW of Karluk, Alaska",earthquake,0.57,1.3,0.264035777589092,8,reviewed,av,av
2023-06-20T23:40:18.900Z,46.74616666666667,-121.85716666666667,11.63,0.45,ml,20,227,0.03301,0.11,uw,uw61934761,2023-06-21T05:07:12.180Z,"13 km E of Ashford, Washington",earthquake,0.56,0.4,0.1677728008642867,7,reviewed,uw,uw
2023-06-20T23:35:56.245Z,58.8117,-137.0251,2.6,1.8,ml,,,,0.52,ak,ak0237v6sxx6,2023-06-23T21:24:59.991Z,"79 km NNW of Elfin Cove, Alaska",earthquake,,0.5,,,reviewed,ak,ak
2023-06-20T23:35:55.079Z,58.1648,-155.3675,1.6,1.2,ml,,,,0.61,ak,ak0237v6sxo7,2023-06-23T21:24:59.784Z,"85 km NW of Karluk, Alaska",earthquake,,0.2,,,reviewed,ak,ak
2023-06-20T23:35:28.730Z,35.0361667,-117.6771667,-0.82,1.57,ml,25,45,0.1027,0.19,ci,ci40490408,2023-06-21T21:07:46.876Z,"5km NNW of Boron, CA",quarry blast,0.43,31.61,0.125,18,reviewed,ci,ci
2023-06-20T23:33:47.526Z,33.692,136.084,411.641,5,mww,103,72,1.829,0.51,us,us7000k9zd,2023-06-20T23:50:54.040Z,"10 km ESE of Shingū, Japan",earthquake,10.44,6.005,0.093,11,reviewed,us,us
2023-06-20T23:33:27.720Z,47.18566666666667,-121.94783333333334,15.81,1.1,ml,23,120,0.02805,0.11,uw,uw61934756,2023-06-21T05:40:57.310Z,"3 km ESE of Enumclaw, Washington",earthquake,0.45,0.59,0.22947507080045293,12,reviewed,uw,uw
2023-06-20T23:25:03.975Z,31.53308412,-104.1735274,6.542895508,1.8,ml,18,73,0.06084982667,0.3,tx,tx2023majx,2023-06-21T19:12:56.926Z,"43 km WNW of Toyah, Texas",earthquake,1.148250937,1.312332066,0.2,12,reviewed,tx,tx
2023-06-20T23:24:52.740Z,37.6456667,-119.0183333,-2.48,0.37,md,5,156,0.008897,0,nc,nc73903416,2023-06-21T05:20:55.474Z,"4km WNW of Mammoth Lakes, CA",earthquake,0.39,0.96,0.359,6,reviewed,nc,nc
2023-06-20T23:24:47.784Z,51.4082,-177.6841,37,1.5,ml,,,,0.46,ak,ak0237v6qk8a,2023-06-23T19:13:21.964Z,"89 km SW of Adak, Alaska",earthquake,,2.6,,,reviewed,ak,ak
2023-06-20T23:21:41.640Z,19.19700050354,-155.386169433594,31.9300003051758,2.42,ml,50,162,,0.119999997,hv,hv73456802,2023-06-27T01:12:30.040Z,"9 km E of Pāhala, Hawaii",earthquake,0.53,0.629999995,3.07,29,automatic,hv,hv
2023-06-20T23:18:32.040Z,37.6501667,-119.0243333,-1.31,0.86,md,8,99,0.00817,0.05,nc,nc73903406,2023-06-21T05:19:25.200Z,"4km WNW of Mammoth Lakes, CA",earthquake,0.29,0.36,0.424,8,reviewed,nc,nc
2023-06-20T23:16:33.030Z,37.6561667,-119.0235,-1.05,0.68,md,6,238,0.009197,0.01,nc,nc73903401,2023-06-21T05:07:24.006Z,"4km WNW of Mammoth Lakes, CA",earthquake,2.52,0.84,0.016,4,reviewed,nc,nc
2023-06-20T23:16:16.761Z,59.7731,-153.467,122.2,1.9,ml,,,,0.55,ak,ak0237v6osad,2023-06-23T19:13:19.404Z,"35 km E of Pedro Bay, Alaska",earthquake,,0.4,,,reviewed,ak,ak
2023-06-20T23:16:08.370Z,37.6676667,-119.04,-2.84,-0.01,md,4,299,0.0241,0.05,nc,nc71130724,2023-06-21T06:26:02.642Z,"6km WNW of Mammoth Lakes, CA",earthquake,0.41,5.1,0.068,4,reviewed,nc,nc
2023-06-20T23:14:20.570Z,58.2746666666667,-155.0255,4.02,0.07,ml,9,122,,0.18,av,av91932006,2023-06-21T19:18:28.910Z,"85 km NNW of Karluk, Alaska",earthquake,0.34,0.68,0.299009316648049,9,reviewed,av,av
2023-06-20T23:11:59.040Z,37.655,-119.0255,-1.24,0.39,md,5,240,0.01102,0.02,nc,nc73903396,2023-06-21T06:03:16.946Z,"5km WNW of Mammoth Lakes, CA",earthquake,0.44,0.25,0.386,5,reviewed,nc,nc
2023-06-20T23:10:59.600Z,37.6585,-119.0655,-2.42,0.07,md,4,302,0.03278,0.01,nc,nc71130719,2023-06-21T05:51:13.873Z,"8km WNW of Mammoth Lakes, CA",earthquake,0.63,4.69,0.47,5,reviewed,nc,nc
2023-06-20T23:10:49.100Z,37.662,-119.0276667,-0.44,0.01,md,4,283,0.01293,0.04,nc,nc73903391,2023-06-21T06:19:31.829Z,"5km WNW of Mammoth Lakes, CA",earthquake,1.11,0.41,0.437,5,reviewed,nc,nc
2023-06-20T23:09:52.051Z,60.3931,-150.6067,38.9,2.1,ml,,,,0.62,ak,ak0237v6nctj,2023-06-23T19:13:19.153Z,"14 km SE of Funny River, Alaska",earthquake,,0.5,,,reviewed,ak,ak
2023-06-20T23:08:28.970Z,37.6486667,-119.0208333,-1.26,2.56,md,24,84,0.008732,0.06,nc,nc73903386,2023-06-27T01:22:41.040Z,"4km WNW of Mammoth Lakes, CA",earthquake,0.22,0.12,0.225,44,reviewed,nc,nc
2023-06-20T23:07:14.607Z,29.8491,-42.737,10,4.5,mb,39,146,34.81,0.88,us,us7000k9z7,2023-06-20T23:27:39.040Z,"northern Mid-Atlantic Ridge",earthquake,14.8,1.886,0.091,36,reviewed,us,us
2023-06-20T23:04:18.429Z,55.9636,-159.2316,109.2,1.8,ml,,,,0.26,ak,ak0237v6m82p,2023-06-23T19:13:18.969Z,"7 km NW of Perryville, Alaska",earthquake,,0.8,,,reviewed,ak,ak
2023-06-20T23:02:01.260Z,-23.2868,170.8433,10,4.9,mb,42,144,3.202,0.7,us,us7000ka2s,2023-06-27T01:39:11.040Z,"southeast of the Loyalty Islands",earthquake,10.95,1.865,0.11,26,reviewed,us,us
2023-06-20T23:01:07.784Z,64.9882,-147.3772,0,0.9,ml,,,,0.21,ak,ak0237v6ljpv,2023-06-23T21:24:59.598Z,"11 km ENE of Fox, Alaska",explosion,,0,,,reviewed,ak,ak
2023-06-20T22:56:10.710Z,37.6543333,-119.0341667,-1.2,0.39,md,5,263,0.01206,0.05,nc,nc73903381,2023-06-21T06:57:16.243Z,"5km WNW of Mammoth Lakes, CA",earthquake,0.93,0.7,0.387,5,reviewed,nc,nc
2023-06-20T22:54:07.369Z,60.5856,-151.5595,69.6,2.2,ml,,,,0.49,ak,ak0237v6bgs0,2023-06-27T01:26:54.040Z,"13 km WSW of Salamatof, Alaska",earthquake,,1.1,,,reviewed,ak,ak
2023-06-20T22:52:19.173Z,63.1418,-150.4777,107.8,3.3,ml,,,,0.63,ak,ak0237v6b2g4,2023-06-27T01:48:58.040Z,"73 km NNE of Petersville, Alaska",earthquake,,0.3,,,reviewed,ak,ak
2023-06-20T22:51:04.057Z,56.7297,-156.5807,69,1.7,ml,,,,0.56,ak,ak0237v6atjv,2023-06-23T19:13:18.388Z,"100 km SSE of Ugashik, Alaska",earthquake,,1.6,,,reviewed,ak,ak
2023-06-20T22:44:30.578Z,67.205,-143.1034,3.2,1.6,ml,,,,0.7,ak,ak0237v69dm9,2023-06-23T19:13:21.778Z,"northern Alaska",earthquake,,0.7,,,reviewed,ak,ak
2023-06-20T22:38:26.110Z,33.0311667,-116.4303333,9.61,1.08,ml,42,68,0.04648,0.18,ci,ci40490336,2023-06-21T20:54:58.457Z,"17km ESE of Julian, CA",earthquake,0.24,0.48,0.169,22,reviewed,ci,ci
2023-06-20T22:36:18.350Z,58.1665,-155.360333333333,2.09,0.68,ml,9,217,,0.18,av,av91931951,2023-06-23T21:24:40.736Z,"85 km NW of Karluk, Alaska",earthquake,0.61,0.75,0.308946220998432,9,reviewed,av,av
2023-06-20T22:36:17.740Z,58.893,-137.8311,1.5,1.6,ml,,,,0.61,ak,ak0237v67mzn,2023-06-23T21:25:00.945Z,"116 km NW of Elfin Cove, Alaska",earthquake,,0.8,,,reviewed,ak,ak
2023-06-20T22:28:42.650Z,35.7721667,-117.5856667,12.9,1.07,ml,19,73,0.1376,0.14,ci,ci40490320,2023-06-21T20:48:23.731Z,"16km W of Searles Valley, CA",earthquake,0.27,0.78,0.23,7,reviewed,ci,ci
2023-06-20T22:25:23.580Z,34.1203333,-117.6245,10.56,0.46,ml,15,111,0.01127,0.16,ci,ci40490312,2023-06-21T20:37:45.707Z,"3km NE of Upland, CA",earthquake,0.48,0.51,0.212,5,reviewed,ci,ci
2023-06-20T22:21:18.101Z,62.9348,-149.9523,78.7,1.3,ml,,,,0.82,ak,ak0237v64f8n,2023-06-23T19:13:17.546Z,"54 km N of Chase, Alaska",earthquake,,0.4,,,reviewed,ak,ak
2023-06-20T22:20:21.597Z,-27.9825,-66.7163,180.301,4.4,mb,23,89,3.141,1.04,us,us7000k9yy,2023-06-27T02:03:34.040Z,"50 km SE of Londres, Argentina",earthquake,10.03,11.7,0.269,4,reviewed,us,us
2023-06-20T22:11:03.570Z,51.8528333333333,-177.923166666667,3.07,-0.55,ml,4,210,,0.1,av,av91931926,2023-06-21T19:34:56.480Z,"Andreanof Islands, Aleutian Islands, Alaska",earthquake,0.49,2.1,0.290733110560777,4,reviewed,av,av
2023-06-20T22:05:32.430Z,17.8725,-66.8898333333333,11.38,2.28,md,7,246,0.1025,0.15,pr,pr71414203,2023-06-20T22:59:28.920Z,"11 km S of Guánica, Puerto Rico",earthquake,0.81,0.68,0.134601972378194,6,reviewed,pr,pr
2023-06-20T22:03:29.020Z,38.8396683,-122.7848358,4.62,0.59,md,9,98,0.004482,0.05,nc,nc73903371,2023-06-20T23:06:13.325Z,"6km WNW of Cobb, CA",earthquake,0.72,2.13,0.35,10,automatic,nc,nc
2023-06-20T22:00:48.274Z,61.9005,-149.9599,3.8,0.9,ml,,,,0.83,ak,ak0237v5zzh3,2023-06-23T19:13:17.359Z,"17 km NNE of Willow, Alaska",earthquake,,0.5,,,reviewed,ak,ak
2023-06-20T21:56:56.340Z,38.7970009,-122.729332,1.44,0.96,md,9,110,0.01491,0.02,nc,nc73903366,2023-06-20T22:54:12.258Z,"3km S of Cobb, CA",earthquake,0.31,2.66,0.25,11,automatic,nc,nc
2023-06-20T21:55:52.942Z,59.9425,-153.4165,131,2.8,ml,,,,0.64,ak,ak0237v5qcjk,2023-06-27T02:09:14.040Z,"42 km ENE of Pedro Bay, Alaska",earthquake,,0.3,,,reviewed,ak,ak
2023-06-20T21:54:06.490Z,35.0696667,-118.3275,2.05,1.26,ml,22,40,0.07972,0.15,ci,ci40490304,2023-06-21T19:16:36.450Z,"13km ESE of Tehachapi, CA",earthquake,0.21,0.43,0.13,19,reviewed,ci,ci
2023-06-20T21:52:10.373Z,62.3215,-154.7639,7,0.9,ml,,,,0.75,ak,ak0237v5pm3b,2023-06-23T19:13:16.811Z,"79 km SSW of Nikolai, Alaska",earthquake,,0.3,,,reviewed,ak,ak
2023-06-20T21:44:12.450Z,53.9121666666667,-166.701666666667,3.64,-0.19,ml,6,150,,0.12,av,av91931901,2023-06-21T18:52:10.270Z,"10 km WNW of Dutch Harbor, Alaska",earthquake,0.38,0.52,0.231805564102278,6,reviewed,av,av
2023-06-20T21:42:22.620Z,47.7285,-113.801833333333,6.67,-0.12,ml,5,243,0.1954,0.05,mb,mb90019243,2023-06-21T16:56:21.970Z,"19 km E of Finley Point, Montana",earthquake,0.78,3,0.350270789651428,2,reviewed,mb,mb
2023-06-20T21:39:52.530Z,35.7566667,-117.4973333,2.86,0.66,ml,11,142,0.1093,0.14,ci,ci40490288,2023-06-21T21:00:59.645Z,"8km W of Searles Valley, CA",earthquake,0.45,0.56,0.038,1,reviewed,ci,ci
2023-06-20T21:39:23.309Z,58.2421,-156.15,149.3,1.8,ml,,,,0.53,ak,ak0237v5mul3,2023-06-23T19:13:16.597Z,"Alaska Peninsula",earthquake,,0.8,,,reviewed,ak,ak
2023-06-20T21:27:57.665Z,51.127,-174.9354,19.9,1.9,ml,,,,0.53,ak,ak0237v5kgul,2023-06-23T19:13:16.406Z,"129 km SSW of Atka, Alaska",earthquake,,3.3,,,reviewed,ak,ak
2023-06-20T21:26:42.570Z,18.0046666666667,-66.8218333333333,15.76,2.5,md,4,169,0.06208,0.07,pr,pr71414188,2023-06-20T21:45:39.290Z,"1 km NNW of Indios, Puerto Rico",earthquake,0.61,0.9,0.0901754182887533,3,reviewed,pr,pr
2023-06-20T21:24:17.316Z,29.13848877,-97.70025276,8.779256185,2.7,ml,14,77,0.06424608561,0.2,tx,tx2023mafx,2023-06-27T03:10:12.040Z,"15 km SSE of Nixon, Texas",earthquake,1.462589261,2.413307534,0.2,10,reviewed,tx,tx
2023-06-20T21:05:11.590Z,37.448,-121.7738333,5.39,0.93,md,19,63,0.02125,0.09,nc,nc73903351,2023-06-21T06:30:15.088Z,"10km NNE of Alum Rock, CA",earthquake,0.29,0.39,0.261,19,reviewed,nc,nc
2023-06-20T20:55:14.101Z,58.6643,-154.0196,97.3,1.6,ml,,,,0.44,ak,ak0237v54txx,2023-06-23T19:13:16.193Z,"",earthquake,,0.5,,,reviewed,ak,ak
2023-06-20T20:55:11.800Z,34.758,-98.4325,0,1.2,ml,55,84,0.2510507353,0.66,ok,ok2023maey,2023-06-23T13:09:27.917Z,"7 km ENE of Medicine Park, Oklahoma",quarry blast,,0.8,0.23,14,reviewed,ok,ok
2023-06-20T20:53:46.364Z,39.3671,-120.0788,12.7,0.4,ml,4,187.68,0.081,0.1411,nn,nn00861641,2023-06-23T20:10:48.896Z,"Northern California",earthquake,,10.1,0.14,2,reviewed,nn,nn
2023-06-20T20:52:08.478Z,31.52480915,-104.1740107,6.285815430000001,2.7,ml,20,74,0.06748735529,0.2,tx,tx2023maev,2023-06-21T03:12:26.229Z,"43 km WNW of Toyah, Texas",earthquake,0.8638506917999998,1.230297517,0.2,15,reviewed,tx,tx
2023-06-20T20:31:21.360Z,37.8761667,-121.9906667,9.8,1.28,md,30,87,0.01737,0.11,nc,nc73903341,2023-06-21T06:03:17.946Z,"5km NE of Alamo, CA",earthquake,0.2,0.35,0.232,18,reviewed,nc,nc
2023-06-20T20:29:18.732Z,60.3232,-151.863,75.9,1.7,ml,,,,0.6,ak,ak0237v4z9qo,2023-06-23T19:13:15.961Z,"27 km WNW of Clam Gulch, Alaska",earthquake,,0.4,,,reviewed,ak,ak
2023-06-20T20:29:10.669Z,34.76133333,-98.44166667,0,1.49,ml,36,84,0.254650029,0.57,ok,ok2023maeb,2023-06-23T12:52:15.717Z,"6 km ENE of Medicine Park, Oklahoma",quarry blast,,0.9,0.23,13,reviewed,ok,ok
2023-06-20T20:28:05.908Z,-20.4345,-69.0293,109.744,4.5,mb,35,60,0.314,0.8,us,us7000k9xz,2023-06-20T23:28:52.041Z,"",earthquake,5.45,4.227,0.135,19,reviewed,us,us
2023-06-20T20:24:10.010Z,35.5211667,-118.4173333,4.36,1.2,ml,22,69,0.1487,0.12,ci,ci40490216,2023-06-21T18:52:55.892Z,"10km SE of Bodfish, CA",earthquake,0.17,0.66,0.117,12,reviewed,ci,ci
2023-06-20T20:12:56.720Z,33.962,-117.2041667,13.3,1.47,ml,48,82,0.02989,0.15,ci,ci40490200,2023-06-21T18:48:21.590Z,"5km NNE of Moreno Valley, CA",earthquake,0.16,0.46,0.148,24,reviewed,ci,ci
2023-06-20T20:12:29.410Z,19.2408332824707,-155.400161743164,29.3299999237061,2.05,ml,36,135,,0.0900000036,hv,hv73456647,2023-06-20T20:18:00.880Z,"9 km ENE of Pāhala, Hawaii",earthquake,0.52,0.699999988,0.63,3,automatic,hv,hv
2023-06-20T20:10:21.590Z,58.2648333333333,-155.1375,31.49,0.01,ml,12,89,,0.26,av,av91108168,2023-06-21T17:37:18.970Z,"",earthquake,0.81,1.38,0.306087167854478,11,reviewed,av,av
2023-06-20T20:10:03.280Z,58.2761666666667,-155.094833333333,32.52,-0.07,ml,8,101,,0.16,av,av91108158,2023-06-21T06:14:06.300Z,"87 km NNW of Karluk, Alaska",earthquake,0.88,1.02,0.272129914184849,8,reviewed,av,av
2023-06-20T20:09:38.870Z,58.2671666666667,-155.078166666667,33.86,-0.03,ml,10,107,,0.32,av,av91108153,2023-06-21T06:17:04.990Z,"86 km NNW of Karluk, Alaska",earthquake,1.27,1.9,0.25922140761754,8,reviewed,av,av
2023-06-20T20:08:57.480Z,58.2575,-155.110666666667,32.32,-0.31,ml,9,98,,0.16,av,av91108148,2023-06-21T06:05:37.520Z,"",earthquake,0.68,1.12,0.211400797531089,8,reviewed,av,av
2023-06-20T20:03:22.700Z,45.097,-111.7235,-2,0.75,ml,5,172,0.2624,0.07,mb,mb90019263,2023-06-21T17:35:58.560Z,"27 km S of Ennis, Montana",quarry blast,0.69,31.61,0.0959254921945658,3,reviewed,mb,mb
2023-06-20T20:02:03.710Z,45.61,-123.11233333333334,-0.38,2.3000000000000003,ml,5,265,0.07899,0.25,uw,uw61934726,2023-06-22T04:44:16.210Z,"0 km S of Banks, Oregon",explosion,1.7,31.61,0.7076989682436136,3,reviewed,uw,uw
2023-06-20T19:59:16.082Z,-17.4401,-178.7693,553.354,5.7,mww,239,33,3.046,0.75,us,us7000k9xm,2023-06-21T20:03:54.901Z,"214 km ENE of Levuka, Fiji",earthquake,8.39,3.395,0.083,14,reviewed,us,us
2023-06-20T19:55:27.170Z,58.2223333333333,-155.131666666667,3.94,0.01,ml,6,164,,0.2,av,av91931821,2023-06-21T18:28:12.980Z,"Alaska Peninsula",earthquake,0.67,1.37,0.162505891169551,6,reviewed,av,av
2023-06-20T19:54:48.000Z,53.3871666666667,-168.210166666667,4.01,-0.15,ml,6,257,,0.26,av,av91931816,2023-06-21T03:35:07.050Z,"",earthquake,1.36,2.26,0.269831055778326,6,reviewed,av,av
2023-06-20T19:50:08.380Z,38.8313332,-122.8160019,1.67,0.29,md,11,91,0.00918,0.02,nc,nc73903336,2023-06-20T21:01:14.598Z,"8km NW of The Geysers, CA",earthquake,0.32,0.82,0.17,12,automatic,nc,nc
2023-06-20T19:45:02.176Z,53.355,-164.753,28.8,2.8,ml,,,,0.78,ak,ak0237v4h8k0,2023-06-23T19:13:15.743Z,"",earthquake,,1.8,,,reviewed,ak,ak
2023-06-20T19:43:23.091Z,31.51141704,-104.024262,6.774267578,2.2,ml,11,70,0.0659680359,0.1,tx,tx2023macq,2023-06-21T18:54:43.975Z,"30 km NW of Toyah, Texas",earthquake,1.706498376,1.742314642,0.2,6,reviewed,tx,tx
2023-06-20T19:41:55.840Z,17.8503333333333,-66.8868333333333,11.87,2.9,md,15,250,0.123,0.11,pr,pr71414178,2023-06-20T21:41:30.040Z,"Puerto Rico region",earthquake,0.51,0.35,0.111699282351311,9,reviewed,pr,pr
2023-06-20T19:38:53.220Z,58.1811666666667,-155.304666666667,2.49,0.12,ml,6,197,,0.06,av,av91931796,2023-06-21T18:20:04.360Z,"84 km NW of Karluk, Alaska",earthquake,0.49,0.51,0.314333024482341,7,reviewed,av,av
2023-06-20T19:36:23.730Z,58.2608333333333,-155.082,4.82,0.39,ml,12,103,,0.18,av,av91931786,2023-06-23T19:12:05.152Z,"85 km NNW of Karluk, Alaska",earthquake,0.29,0.61,0.180783318838069,13,reviewed,av,av
2023-06-20T19:32:55.160Z,52.0846666666667,-176.132,-1.8,-0.13,ml,6,154,,0.2,av,av91931781,2023-06-21T18:11:56.780Z,"41 km NE of Adak, Alaska",earthquake,0.86,1.43,0.0794787293620655,6,reviewed,av,av
2023-06-20T19:29:59.672Z,64.3355,-163.6541,10.7,1.8,ml,,,,0.73,ak,ak0237v4dxb3,2023-06-23T21:25:00.762Z,"37 km SW of Golovin, Alaska",earthquake,,0.5,,,reviewed,ak,ak
2023-06-20T19:29:25.350Z,39.2536667,-123.2208333,7.36,1.6,md,19,60,0.07859,0.06,nc,nc73903326,2023-06-21T05:11:19.626Z,"2km SW of Redwood Valley, CA",earthquake,0.17,0.63,0.176,21,reviewed,nc,nc
2023-06-20T19:27:56.590Z,35.00233333,-97.66083333,10.83,2.35,ml,96,35,0.1007802235,0.32,ok,ok2023macb,2023-06-20T21:36:40.040Z,"4 km SW of Dibble, Oklahoma",earthquake,,1.1,0.23,42,reviewed,ok,ok
2023-06-20T19:26:04.610Z,44.7936666666667,-112.6015,3.42,0.55,ml,5,185,0.179,0.01,mb,mb90019158,2023-06-20T20:47:59.020Z,"Idaho-Montana border region",earthquake,0.55,0.72,0.170455681675549,3,reviewed,mb,mb
2023-06-20T19:23:05.110Z,17.8625,-66.8906666666667,12.45,2.4,md,5,249,0.1125,0.1,pr,pr71414173,2023-06-20T19:30:56.830Z,"12 km S of Guánica, Puerto Rico",earthquake,0.86,0.53,0.162646441761975,5,reviewed,pr,pr
2023-06-20T19:13:31.970Z,37.4338333,-121.8336667,3.37,1.82,md,43,57,0.0152,0.06,nc,nc73903316,2023-06-21T01:18:12.176Z,"6km E of Milpitas, CA",earthquake,0.12,0.22,0.212,37,reviewed,nc,nc
2023-06-20T19:03:00.450Z,34.9873333,-118.2038333,-0.91,1.13,ml,19,56,0.1102,0.3,ci,ci40490136,2023-06-22T15:21:45.531Z,"8km SSW of Mojave, CA",quarry blast,0.59,31.61,0.067,6,reviewed,ci,ci
2023-06-20T19:00:07.006Z,61.94,-148.4715,9.9,0.9,ml,,,,0.78,ak,ak0237v47lh3,2023-06-23T19:13:15.546Z,"15 km N of Chickaloon, Alaska",earthquake,,0.2,,,reviewed,ak,ak
2023-06-20T18:56:51.938Z,56.369,-152.1382,24.6,2.7,ml,,,,0.84,ak,ak0237v3y9tq,2023-06-23T19:13:15.307Z,"117 km SE of Old Harbor, Alaska",earthquake,,3.3,,,reviewed,ak,ak
2023-06-20T18:43:19.820Z,58.181,-155.305166666667,2.83,0.37,ml,8,197,,0.09,av,av91931736,2023-06-23T19:12:03.036Z,"84 km NW of Karluk, Alaska",earthquake,0.47,1.77,0.295600031649462,8,reviewed,av,av
2023-06-20T18:42:05.410Z,38.8015,-122.8391667,2.37,0.96,md,36,76,0.003426,0.06,nc,nc73903306,2023-06-21T00:02:44.921Z,"8km WNW of The Geysers, CA",earthquake,0.16,0.27,0.305,31,reviewed,nc,nc
2023-06-20T18:38:54.360Z,33.946,-117.1725,13.4,0.85,ml,25,58,0.001396,0.17,ci,ci40490104,2023-06-21T18:32:14.196Z,"6km ENE of Moreno Valley, CA",earthquake,0.25,0.58,0.105,12,reviewed,ci,ci
2023-06-20T18:33:28.680Z,37.9845,-122.4541667,-0.02,1.38,md,21,84,0.02381,0.11,nc,nc73903301,2023-06-20T23:56:58.203Z,"6km ESE of Santa Venetia, CA",quarry blast,0.27,31.61,0.192,14,reviewed,nc,nc
2023-06-20T18:32:54.750Z,19.3843326568604,-155.221328735352,3.73000001907349,1.86,ml,16,116,,0.200000003,hv,hv73456592,2023-06-20T18:38:25.830Z,"6 km SSE of Volcano, Hawaii",earthquake,0.57,0.839999974,2.22,8,automatic,hv,hv
2023-06-20T18:26:43.040Z,38.5233333,-122.4395,8.71,1.04,md,17,91,0.09531,0.07,nc,nc73903286,2023-06-20T23:48:27.452Z,"3km NE of Saint Helena, CA",earthquake,0.21,0.58,0.232,14,reviewed,nc,nc
2023-06-20T18:25:28.160Z,55.3161,163.0111,32.642,4.2,mb,85,122,3.442,0.69,us,us7000k9x6,2023-06-20T21:13:03.040Z,"106 km SSE of Ust’-Kamchatsk Staryy, Russia",earthquake,10.88,5.77,0.062,75,reviewed,us,us
2023-06-20T18:24:28.016Z,61.8951,-149.6612,26.9,1.1,ml,,,,0.74,ak,ak0237v3rckv,2023-06-23T19:13:15.096Z,"25 km NE of Willow, Alaska",earthquake,,0.8,,,reviewed,ak,ak
2023-06-20T18:23:15.780Z,38.8041667,-122.8078333,1.78,-0.04,md,18,55,0.0105,0.04,nc,nc73903281,2023-06-20T23:43:26.650Z,"5km NW of The Geysers, CA",earthquake,0.2,0.26,0.333,17,reviewed,nc,nc
2023-06-20T18:21:22.350Z,38.2451667,-122.162,9.65,1.5,md,29,93,0.05509,0.15,nc,nc73903276,2023-06-21T05:21:46.485Z,"1km S of Green Valley, CA",earthquake,0.26,0.43,0.242,27,reviewed,nc,nc
2023-06-20T18:15:50.930Z,38.7946663,-122.7363358,2.18,0.79,md,7,105,0.01142,0.01,nc,nc73903271,2023-06-20T19:09:16.868Z,"3km NE of The Geysers, CA",earthquake,0.41,1,0.13,7,automatic,nc,nc
2023-06-20T18:09:42.750Z,34.7908333,-119.0323333,11.1,0.7,ml,6,110,0.05414,0.09,ci,ci40490080,2023-06-22T15:18:24.990Z,"9km WSW of Frazier Park, CA",earthquake,0.46,0.64,0.119,3,reviewed,ci,ci
2023-06-20T18:02:29.504Z,31.6605552,-104.3907401,6.131567383,2.8,ml,24,63,0.03547429267,0.2,tx,tx2023lzzf,2023-06-21T02:27:37.994Z,"57 km S of Whites City, New Mexico",earthquake,1.099226332,0.8342684432000002,0.1,17,reviewed,tx,tx
2023-06-20T18:02:22.720Z,46.828833333333336,-123.09383333333334,-0.31,1.47,ml,13,203,0.1238,0.45,uw,uw61934711,2023-06-20T19:50:46.180Z,"0 km NNE of Rochester, Washington",explosion,1.87,31.61,0.3391558937694725,11,reviewed,uw,uw
2023-06-20T18:00:41.810Z,38.7913322,-122.7616653,1.91,1.09,md,18,63,0.009404,0.02,nc,nc73903266,2023-06-20T18:45:15.743Z,"2km NNW of The Geysers, CA",earthquake,0.26,0.45,0.16,17,automatic,nc,nc
2023-06-20T17:50:45.556Z,53.9997,-163.6949,24.8,2,ml,,,,0.35,ak,ak0237v3bj23,2023-06-23T21:25:00.573Z,"96 km S of False Pass, Alaska",earthquake,,4.9,,,reviewed,ak,ak
2023-06-20T17:47:58.420Z,51.8581666666667,-177.828333333333,8.96,0.45,ml,5,236,,0.06,av,av91931691,2023-06-21T03:58:05.250Z,"",earthquake,0.6,0.71,0.300076369830259,5,reviewed,av,av
2023-06-20T17:46:40.314Z,51.2158,-174.9524,9.3,2.2,ml,,,,0.43,ak,ak0237v3ans3,2023-06-23T21:25:00.192Z,"Andreanof Islands, Aleutian Islands, Alaska",earthquake,,1.1,,,reviewed,ak,ak
2023-06-20T17:46:39.402Z,51.637,-176.6607,57.6,1.6,ml,,,,0.17,ak,ak0237v3anoy,2023-06-23T21:25:00.380Z,"26 km S of Adak, Alaska",earthquake,,2.3,,,reviewed,ak,ak
2023-06-20T17:43:25.158Z,51.4493,-176.5828,25.6,1.6,ml,,,,0.61,ak,ak0237v39zca,2023-06-23T19:13:14.902Z,"47 km S of Adak, Alaska",earthquake,,1.3,,,reviewed,ak,ak
2023-06-20T17:33:45.205Z,51.8142,-179.9681,99.1,3,ml,,,,0.47,ak,ak0237v37vwk,2023-06-23T21:24:58.721Z,"Andreanof Islands, Aleutian Islands, Alaska",earthquake,,0.5,,,reviewed,ak,ak
2023-06-20T17:33:37.235Z,51.1911,-174.9384,8.9,2.6,ml,,,,0.55,ak,ak0237v37uzl,2023-06-23T21:24:58.949Z,"122 km SSW of Atka, Alaska",earthquake,,0.9,,,reviewed,ak,ak
2023-06-20T17:31:45.090Z,34.523,-97.229,0,1.55,ml,77,64,0.1151773983,0.43,ok,ok2023lzyf,2023-06-20T17:43:28.461Z,"Oklahoma",quarry blast,,0.4,0.18,25,reviewed,ok,ok
2023-06-20T17:31:24.800Z,18.2505,-66.2806666666667,19.29,2.36,md,9,120,0.1035,0.22,pr,pr71414163,2023-06-20T17:51:36.840Z,"Puerto Rico region",earthquake,0.79,0.52,0.0887391324769022,5,reviewed,pr,pr
2023-06-20T17:16:29.748Z,58.201,-155.2512,4.9,1.2,ml,,,,0.44,ak,ak0237v347f4,2023-06-23T21:24:58.526Z,"",earthquake,,0.2,,,reviewed,ak,ak
2023-06-20T17:07:57.444Z,-23.7314,-175.8598,10,5,mb,60,110,2.621,0.79,us,us7000k9wu,2023-06-20T17:33:36.040Z,"280 km SSW of ‘Ohonua, Tonga",earthquake,8.69,1.656,0.074,62,reviewed,us,us
2023-06-20T17:06:32.780Z,35.6091667,-117.5941667,4.33,0.77,ml,18,84,0.06802,0.14,ci,ci40490000,2023-06-21T18:25:10.462Z,"8km E of Ridgecrest, CA",earthquake,0.27,0.57,0.199,6,reviewed,ci,ci
2023-06-20T17:03:34.147Z,36.7464,-116.2618,1.5,-0.1,ml,8,176.23,0.012,0.0826,nn,nn00861624,2023-06-23T18:35:08.718Z,"California-Nevada border region",earthquake,,1.5,0.97,3,reviewed,nn,nn
2023-06-20T17:03:08.271Z,36.781,-116.2605,6.2,-0.4,ml,4,286.49,0.043,0.1072,nn,nn00861623,2023-06-23T18:28:57.652Z,"46 km ESE of Beatty, Nevada",earthquake,,5.8,0,1,reviewed,nn,nn
2023-06-20T17:02:52.319Z,0.9087,-28.2937,14.323,4.8,mb,69,50,14.719,0.75,us,us7000k9wt,2023-06-20T17:28:42.040Z,"central Mid-Atlantic Ridge",earthquake,10.74,4.257,0.061,84,reviewed,us,us
2023-06-20T17:02:37.600Z,35.3783333,-118.5558333,3.1,1.42,ml,23,52,0.1405,0.16,ci,ci40489992,2023-06-20T20:55:43.057Z,"24km SSW of Bodfish, CA",earthquake,0.25,0.98,0.173,19,reviewed,ci,ci
2023-06-20T17:01:18.267Z,59.8294,-153.0278,97.5,2.5,ml,,,,0.61,ak,ak0237v30yri,2023-06-23T19:13:14.013Z,"60 km E of Pedro Bay, Alaska",earthquake,,0.2,,,reviewed,ak,ak
2023-06-20T17:01:05.620Z,34.2846667,-116.8383333,8.66,1.27,ml,40,46,0.06383,0.13,ci,ci40489968,2023-06-21T18:06:49.310Z,"3km NNE of Big Bear City, CA",earthquake,0.17,0.35,0.129,26,reviewed,ci,ci
2023-06-20T16:57:53.547Z,60.0899,-153.1114,127,1.8,ml,,,,0.49,ak,ak0237v2rm1l,2023-06-23T19:13:13.764Z,"65 km ENE of Pedro Bay, Alaska",earthquake,,0.3,,,reviewed,ak,ak
2023-06-20T16:52:28.050Z,38.8354988,-122.7900009,1.87,0.67,md,9,82,0.002918,0.01,nc,nc73903256,2023-06-20T17:48:17.409Z,"6km WNW of Cobb, CA",earthquake,0.31,0.53,0.32,11,automatic,nc,nc
2023-06-20T16:51:58.650Z,58.1665,-155.372833333333,1.57,0.34,ml,8,219,,0.07,av,av91931611,2023-06-23T21:24:37.105Z,"Alaska Peninsula",earthquake,0.4,0.74,0.251489915925913,8,reviewed,av,av
2023-06-20T16:51:55.392Z,52.3454,-167.3687,8.4,1.8,ml,,,,0.47,ak,ak0237v2qbwz,2023-06-23T19:13:20.700Z,"120 km SE of Nikolski, Alaska",earthquake,,3.5,,,reviewed,ak,ak
2023-06-20T16:47:05.220Z,38.7803345,-122.720665,3.23,0.73,md,6,95,0.019,0.01,nc,nc73903251,2023-06-20T17:36:15.343Z,"3km WNW of Anderson Springs, CA",earthquake,0.83,3.43,0.2,6,automatic,nc,nc
2023-06-20T16:45:18.130Z,38.7798333,-122.744,0.75,1.31,md,40,53,0.006624,0.04,nc,nc73903246,2023-06-21T00:53:11.018Z,"1km ENE of The Geysers, CA",earthquake,0.12,0.19,0.138,30,reviewed,nc,nc
2023-06-20T16:40:11.541Z,44.2718,-115.0548,14.569,2.8,ml,32,53,0.843,0.37,us,us7000k9wn,2023-06-20T18:22:59.040Z,"southern Idaho",earthquake,1.63,7.54,0.034,116,reviewed,us,us
2023-06-20T16:39:00.860Z,38.838,-122.8085,2.68,0.41,md,18,52,0.01419,0.02,nc,nc73903241,2023-06-20T23:29:25.069Z,"8km WNW of Cobb, CA",earthquake,0.23,0.39,0.118,16,reviewed,nc,nc
2023-06-20T16:35:21.990Z,35.3795,-118.5605,4.59,1.27,ml,21,74,0.1442,0.15,ci,ci40489936,2023-06-21T17:54:56.226Z,"24km SSW of Bodfish, CA",earthquake,0.24,0.78,0.138,14,reviewed,ci,ci
2023-06-20T16:20:45.330Z,38.8320007,-122.8186646,2.1,0.75,md,12,98,0.0109,0.01,nc,nc73903231,2023-06-20T17:13:16.209Z,"8km NW of The Geysers, CA",earthquake,0.36,0.97,0.15,14,automatic,nc,nc
2023-06-20T16:13:58.140Z,58.2141666666667,-155.194666666667,5.11,0.11,ml,8,141,,0.08,av,av91931591,2023-06-21T03:26:02.790Z,"84 km NNW of Karluk, Alaska",earthquake,0.37,0.61,0.267388260756474,8,reviewed,av,av
2023-06-20T16:03:48.285Z,60.9711,-147.4105,4,1.3,ml,,,,0.84,ak,ak0237v2g11i,2023-06-23T19:13:13.373Z,"Southern Alaska",earthquake,,0.4,,,reviewed,ak,ak
2023-06-20T15:54:44.655Z,60.5452,-152.3609,108,2.3,ml,,,,0.57,ak,ak0237v25imh,2023-06-22T21:41:27.383Z,"",earthquake,,0.4,,,reviewed,ak,ak
2023-06-20T15:43:26.340Z,40.7241667,-112.0655,9.36,1.33,md,12,85,0.04036,0.07,uu,uu60542871,2023-06-21T06:56:09.914Z,"3 km ENE of Magna, Utah",earthquake,0.36,0.89,0.229,6,reviewed,uu,uu
2023-06-20T15:41:45.904Z,-23.8207,-175.6279,18.97,5.2,mww,90,70,2.667,0.81,us,us7000k9wi,2023-06-21T15:32:37.040Z,"283 km SSW of ‘Ohonua, Tonga",earthquake,6.64,3.702,0.089,12,reviewed,us,us
2023-06-20T15:29:06.270Z,19.13450050354,-155.365173339844,28.9899997711182,1.80999994,md,38,186,,0.140000001,hv,hv73456487,2023-06-20T15:32:14.190Z,"14 km ESE of Pāhala, Hawaii",earthquake,0.74,1.00999999,0.00999999978,5,automatic,hv,hv
2023-06-20T15:24:59.470Z,36.4503333,-117.9511667,4.11,1.79,ml,25,73,0.174,0.18,ci,ci40489848,2023-06-21T22:26:30.517Z,"18km SE of Lone Pine, CA",earthquake,0.23,1.37,0.156,16,reviewed,ci,ci
2023-06-20T15:21:45.621Z,61.2614,-152.0734,105.6,1.5,ml,,,,0.62,ak,ak0237v1yg5w,2023-06-22T21:41:27.188Z,"Southern Alaska",earthquake,,0.7,,,reviewed,ak,ak
2023-06-20T15:15:34.327Z,59.8805,-152.4451,77.5,1.6,ml,,,,0.58,ak,ak0237v1x4z7,2023-06-22T21:41:26.948Z,"36 km WNW of Anchor Point, Alaska",earthquake,,0.4,,,reviewed,ak,ak
2023-06-20T15:11:32.943Z,51.1839,-174.9039,4.1,2.9,ml,,,,0.5,ak,ak0237v1waq9,2023-06-22T23:38:42.459Z,"122 km SSW of Atka, Alaska",earthquake,,0.8,,,reviewed,ak,ak
2023-06-20T14:58:36.090Z,46.07966666666667,-122.3665,10.19,0.17,md,6,169,0.117,0.08,uw,uw61934696,2023-06-20T20:17:05.400Z,"19 km NNE of Amboy, Washington",earthquake,0.65,1.18,0.24237127189397212,4,reviewed,uw,uw
2023-06-20T14:42:43.698Z,61.6739,-150.107,11.3,1.1,ml,,,,0.63,ak,ak0237v1hibk,2023-06-22T21:41:26.540Z,"8 km SSW of Willow, Alaska",earthquake,,0.7,,,reviewed,ak,ak
2023-06-20T14:38:49.591Z,-4.4881,145.0104,9.766,4.5,mb,31,83,4.725,0.38,us,us7000k9w2,2023-06-21T15:17:55.040Z,"near the north coast of New Guinea, Papua New Guinea",earthquake,10,5.511,0.092,37,reviewed,us,us
2023-06-20T14:31:17.060Z,19.1046666666667,-67.7758333333333,17.8,3.39,md,9,320,0.7696,0.31,pr,pr71414153,2023-06-20T15:16:31.890Z,"87 km NE of Punta Cana, Dominican Republic",earthquake,9.84,20.13,0.00672996354691868,5,reviewed,pr,pr
2023-06-20T14:30:07.218Z,59.4904,-152.9038,75,1.5,ml,,,,0.37,ak,ak0237v1equn,2023-06-22T21:41:26.319Z,"Southern Alaska",earthquake,,0.4,,,reviewed,ak,ak
2023-06-20T14:09:05.300Z,32.3788333,-115.2206667,9.13,2.35,ml,15,119,0.08206,0.28,ci,ci40489800,2023-06-21T17:33:02.028Z,"4km NW of Delta, B.C., MX",earthquake,0.71,1.11,0.153,53,reviewed,ci,ci
2023-06-20T14:06:23.577Z,51.2916,-178.3899,9.9,1.7,ml,,,,0.51,ak,ak0237v19r11,2023-06-22T21:41:28.609Z,"137 km WSW of Adak, Alaska",earthquake,,0.7,,,reviewed,ak,ak
2023-06-20T14:05:54.510Z,40.3958333,-124.4145,22.17,1.61,md,18,238,0.09899,0.09,nc,nc73903216,2023-06-21T00:24:15.830Z,"14km NW of Petrolia, CA",earthquake,0.74,0.26,0.169,10,reviewed,nc,nc
2023-06-20T14:03:38.760Z,58.2628333333333,-155.1285,31.66,0.07,ml,12,87,,0.29,av,av91108133,2023-06-21T03:00:06.260Z,"86 km NNW of Karluk, Alaska",earthquake,0.76,1.23,0.27161522693144,11,reviewed,av,av
2023-06-20T14:01:54.380Z,58.2491666666667,-155.103166666667,33.57,0.09,ml,12,91,,0.26,av,av91108128,2023-06-21T02:51:14.860Z,"",earthquake,0.85,1.19,0.206383946768795,11,reviewed,av,av
2023-06-20T14:01:27.850Z,58.2506666666667,-155.129,30.54,0.17,ml,12,95,,0.25,av,av91931501,2023-06-21T02:38:18.670Z,"85 km NNW of Karluk, Alaska",earthquake,0.71,1.08,0.286684094861505,11,reviewed,av,av
2023-06-20T13:59:16.280Z,38.8188333,-122.8186667,2.67,0.02,md,23,46,0.008112,0.03,nc,nc73903211,2023-06-20T18:48:29.649Z,"7km NW of The Geysers, CA",earthquake,0.19,0.26,0.335,22,reviewed,nc,nc
2023-06-20T13:58:30.225Z,36.6182,-117.0668,7.4,1.6,ml,23,172.91,0.129,0.1462,nn,nn00861466,2023-06-20T18:32:51.739Z,"26 km NW of Furnace Creek, California",earthquake,,2,0.2,9,reviewed,nn,nn
2023-06-20T13:44:40.384Z,61.7718,-149.6434,27.2,0.8,ml,,,,0.57,ak,ak0237v0whug,2023-06-22T21:41:26.121Z,"16 km N of Meadow Lakes, Alaska",earthquake,,0.8,,,reviewed,ak,ak
2023-06-20T13:42:03.790Z,33.7061667,-116.8165,16.39,0.52,ml,16,173,0.08033,0.09,ci,ci40489768,2023-06-21T17:25:50.294Z,"8km ESE of Valle Vista, CA",earthquake,0.31,0.43,0.105,9,reviewed,ci,ci
2023-06-20T13:34:44.510Z,46.202666666666666,-119.5795,7.17,0.55,md,6,269,0.07517,0.06,uw,uw61934686,2023-06-20T16:45:52.360Z,"9 km SW of Benton City, Washington",earthquake,0.79,0.22,0.16687819504082768,6,reviewed,uw,uw
2023-06-20T13:32:57.041Z,-18.1987,-178.0056,608.737,4.4,mb,87,40,3.871,0.91,us,us7000k9uq,2023-06-21T15:17:46.040Z,"283 km E of Levuka, Fiji",earthquake,11.8,7.976,0.065,73,reviewed,us,us
2023-06-20T13:31:09.550Z,58.1646666666667,-155.384666666667,4.11,0.13,ml,8,222,,0.1,av,av91931481,2023-06-21T02:31:37.830Z,"86 km NW of Karluk, Alaska",earthquake,0.6,1.97,0.222218834050065,8,reviewed,av,av
2023-06-20T13:29:12.210Z,61.3198,-150.0616,42.6,1.1,ml,,,,0.5,ak,ak0237v0t7ys,2023-06-22T21:41:25.723Z,"6 km SW of Point MacKenzie, Alaska",earthquake,,0.9,,,reviewed,ak,ak
2023-06-20T13:27:58.873Z,63.2483,-150.6959,126.6,1.1,ml,,,,0.28,ak,ak0237v0sw1e,2023-06-22T21:41:25.926Z,"60 km ESE of Denali National Park, Alaska",earthquake,,0.8,,,reviewed,ak,ak
2023-06-20T13:22:39.590Z,39.0268333,-123.0715,3.11,1.48,md,38,53,0.1031,0.1,nc,nc73903206,2023-06-21T00:14:13.758Z,"14km W of Lakeport, CA",earthquake,0.16,0.84,0.118,37,reviewed,nc,nc
2023-06-20T13:00:00.500Z,44.588,-110.6593333,6.56,0.53,md,9,101,0.02082,0.17,uu,uu60542866,2023-06-20T17:26:18.450Z,"36 km ESE of West Yellowstone, Montana",earthquake,0.71,1.06,0.434,4,reviewed,uu,uu
2023-06-20T12:59:46.666Z,51.8919,177.5786,10,2.7,ml,18,177,0.58,0.42,us,us7000kagk,2023-06-27T07:34:01.040Z,"Rat Islands, Aleutian Islands, Alaska",earthquake,3.48,1.974,0.091,16,reviewed,us,us
2023-06-20T12:59:32.780Z,17.939,-66.968,15.74,1.95,md,4,228,0.09177,0.06,pr,pr71414148,2023-06-20T13:45:00.800Z,"7 km WSW of Guánica, Puerto Rico",earthquake,0.7,0.6,0.112205577164655,3,reviewed,pr,pr
2023-06-20T12:57:22.220Z,44.5736667,-110.6701667,5,1.05,md,11,105,0.03707,0.09,uu,uu60542861,2023-06-20T13:21:53.730Z,"35 km ESE of West Yellowstone, Montana",earthquake,0.4,0.45,0.456,5,reviewed,uu,uu
2023-06-20T12:55:38.640Z,44.592,-110.6401667,7.81,0.59,ml,9,175,0.0135,0.11,uu,uu60542856,2023-06-20T17:28:55.000Z,"37 km ESE of West Yellowstone, Montana",earthquake,1.18,0.69,0.345,2,reviewed,uu,uu
2023-06-20T12:53:54.770Z,46.225833333333334,-119.601,7.02,0.75,ml,10,206,0.06105,0.07,uw,uw61934681,2023-06-20T16:49:43.570Z,"9 km WSW of Benton City, Washington",earthquake,0.61,0.19,0.06623967809623954,8,reviewed,uw,uw
2023-06-20T12:51:16.590Z,19.2005004882812,-155.380172729492,30.9500007629395,2.16,ml,46,165,,0.109999999,hv,hv73456342,2023-06-20T12:56:48.670Z,"10 km E of Pāhala, Hawaii",earthquake,0.55,0.589999974,3.7,11,automatic,hv,hv
2023-06-20T12:42:26.600Z,60.226,-152.3018,89.6,2.2,ml,,,,0.65,ak,ak0237v0alrd,2023-06-22T21:41:25.210Z,"40 km WNW of Ninilchik, Alaska",earthquake,,0.3,,,reviewed,ak,ak
2023-06-20T12:41:19.320Z,33.909,-116.8918333,10.29,0.71,ml,20,90,0.1088,0.13,ci,ci40489696,2023-06-21T17:22:15.585Z,"2km SW of Banning, CA",earthquake,0.25,0.66,0.107,12,reviewed,ci,ci
2023-06-20T12:37:07.497Z,51.3748,-177.9431,47.5,2,ml,,,,0.35,ak,ak0237v09hru,2023-06-22T21:41:24.993Z,"106 km WSW of Adak, Alaska",earthquake,,1.1,,,reviewed,ak,ak
2023-06-20T12:35:57.964Z,66.354,-153.3287,2.6,1.2,ml,,,,0.83,ak,ak0237v099px,2023-06-22T21:41:24.796Z,"35 km SW of Alatna, Alaska",earthquake,,0.4,,,reviewed,ak,ak
2023-06-20T12:35:44.390Z,35.6536667,-117.5761667,10.95,0.96,ml,18,102,0.06995,0.18,ci,ci40489688,2023-06-21T17:18:44.921Z,"10km ENE of Ridgecrest, CA",earthquake,0.35,0.66,0.137,6,reviewed,ci,ci
2023-06-20T12:32:26.991Z,59.602,-152.5853,78.4,1.6,ml,,,,0.42,ak,ak0237v08gp0,2023-06-22T21:41:24.558Z,"46 km NW of Nanwalek, Alaska",earthquake,,0.4,,,reviewed,ak,ak
2023-06-20T12:27:42.163Z,66.8625,-156.8415,4.5,1.3,ml,,,,0.62,ak,ak0237v07fag,2023-06-22T21:41:28.427Z,"5 km SSE of Kobuk, Alaska",earthquake,,0.8,,,reviewed,ak,ak
2023-06-20T12:26:36.905Z,61.3006,-150.0721,36.2,1.4,ml,,,,0.67,ak,ak0237v0773o,2023-06-22T21:41:24.319Z,"8 km SW of Point MacKenzie, Alaska",earthquake,,0.4,,,reviewed,ak,ak
2023-06-20T12:23:50.701Z,58.0988,-150.415,11.1,2.1,ml,,,,0.55,ak,ak0237v06l52,2023-06-22T23:38:42.237Z,"122 km ENE of Kodiak, Alaska",earthquake,,1.3,,,reviewed,ak,ak
2023-06-20T12:23:45.610Z,38.8201675,-122.8241653,2.37,0.8,md,8,179,0.01147,0.01,nc,nc73903201,2023-06-20T12:56:14.618Z,"8km NW of The Geysers, CA",earthquake,0.63,1.02,0.16,10,automatic,nc,nc
2023-06-20T12:19:58.770Z,58.1925,-155.2635,3.26,0.31,ml,8,178,,0.08,av,av91931416,2023-06-21T02:19:18.090Z,"84 km NW of Karluk, Alaska",earthquake,0.47,0.98,0.405847447177046,8,reviewed,av,av
2023-06-20T12:19:02.969Z,61.2946,-150.0581,41,1.9,ml,,,,0.64,ak,ak0237v05mho,2023-06-22T21:41:23.844Z,"8 km SSW of Point MacKenzie, Alaska",earthquake,,0.3,,,reviewed,ak,ak
2023-06-20T12:16:44.562Z,31.56221176,-104.0215569,8.702368164,2.1,ml,15,80,0.03895910745,0.2,tx,tx2023lznv,2023-06-26T17:35:19.031Z,"34 km NW of Toyah, Texas",earthquake,0.9362516039,0.7150337182,0.2,22,reviewed,tx,tx
2023-06-20T12:14:50.440Z,19.1296672821045,-155.365173339844,29.1399993896484,1.72000003,md,39,187,,0.109999999,hv,hv73456312,2023-06-20T12:17:51.270Z,"14 km SE of Pāhala, Hawaii",earthquake,0.55,0.839999974,0.850000024,3,automatic,hv,hv
2023-06-20T12:06:51.902Z,61.7148,-149.7469,39.4,0.9,ml,,,,0.48,ak,ak0237v02xx4,2023-06-22T21:41:23.652Z,"10 km NNE of Houston, Alaska",earthquake,,0.8,,,reviewed,ak,ak
2023-06-20T11:45:43.636Z,61.5831,-149.9068,38.6,0.8,ml,,,,0.6,ak,ak0237uzpumu,2023-06-22T21:41:23.460Z,"7 km SW of Houston, Alaska",earthquake,,0.9,,,reviewed,ak,ak
2023-06-20T11:39:47.410Z,34.162,-80.7163333333333,3.39,2.01,md,10,88,0.03046,0.31,se,se60500868,2023-06-22T01:22:00.012Z,"7 km E of Elgin, South Carolina",earthquake,1.2,1.66,0.0375187376793478,8,reviewed,se,se
2023-06-20T11:39:34.773Z,62.2506,-150.1436,56.6,1,ml,,,,0.66,ak,ak0237uzojon,2023-06-22T21:41:23.249Z,"8 km SSW of Talkeetna, Alaska",earthquake,,0.7,,,reviewed,ak,ak
2023-06-20T11:39:09.160Z,33.6463333,-116.7133333,12.28,0.47,ml,21,62,0.03992,0.11,ci,ci40489664,2023-06-20T15:54:24.574Z,"10km S of Idyllwild, CA",earthquake,0.21,0.43,0.192,4,reviewed,ci,ci
2023-06-20T11:32:50.420Z,33.646,-116.711,12.57,0.61,ml,23,73,0.06505,0.13,ci,ci40489648,2023-06-20T13:13:38.382Z,"10km S of Idyllwild, CA",earthquake,0.25,0.45,0.213,13,reviewed,ci,ci
2023-06-20T11:32:12.250Z,33.6541667,-116.7171667,14.58,0.31,ml,18,87,0.05691,0.21,ci,ci40489640,2023-06-20T13:13:55.313Z,"10km S of Idyllwild, CA",earthquake,0.52,0.71,0.151,7,reviewed,ci,ci
2023-06-20T11:26:57.220Z,37.3575,-118.331,8.42,1.74,md,12,189,0.003655,0.05,nc,nc73903191,2023-06-21T00:04:13.691Z,"6km E of Bishop, CA",earthquake,0.91,0.73,0.204,13,reviewed,nc,nc
2023-06-20T11:23:51.670Z,51.841,-178.038,-1.8,1.23,ml,4,108,,0.29,av,av91931401,2023-06-21T02:16:15.960Z,"96 km W of Adak, Alaska",earthquake,0.7,1.73,0.383386440188397,4,reviewed,av,av
2023-06-20T11:15:45.304Z,61.5904,-150.9746,65.2,1.1,ml,,,,0.49,ak,ak0237uzjfcj,2023-06-22T21:41:23.040Z,"Southern Alaska",earthquake,,0.9,,,reviewed,ak,ak
2023-06-20T11:14:26.390Z,19.5316,-65.7848,47,3.48,md,12,281,1.2585,0.33,pr,pr2023171003,2023-06-20T12:21:08.876Z,"122 km N of Suárez, Puerto Rico",earthquake,2.99,13.62,0.12,5,reviewed,pr,pr
2023-06-20T11:10:28.060Z,44.7531666666667,-112.703666666667,8.52,0.21,ml,5,118,0.1274,0.19,mb,mb90019113,2023-06-20T15:32:39.280Z,"15 km NW of Lima, Montana",earthquake,0.76,2.11,0.0801799222874043,3,reviewed,mb,mb
2023-06-20T10:57:48.790Z,44.762,-112.682333333333,4.67,0.44,ml,5,124,0.1355,0.13,mb,mb90019108,2023-06-20T15:28:57.270Z,"",earthquake,0.66,4.05,0.149891507595424,4,reviewed,mb,mb
2023-06-20T10:57:38.440Z,51.8598333333333,-177.877333333333,4.42,0.8,ml,6,149,,0.08,av,av91931391,2023-06-21T02:12:23.580Z,"85 km W of Adak, Alaska",earthquake,0.37,0.65,0.265151051812921,6,reviewed,av,av
2023-06-20T10:50:04.502Z,62.9138,-148.8965,68.4,0.9,ml,,,,0.71,ak,ak0237uz5ent,2023-06-22T21:41:22.827Z,"53 km S of Cantwell, Alaska",earthquake,,0.5,,,reviewed,ak,ak
2023-06-20T10:46:01.951Z,51.9102,-170.1338,23.913,2.8,ml,10,225,0.913,0.74,us,us7000kagm,2023-06-27T07:25:57.040Z,"",earthquake,5.91,17.256,0.097,14,reviewed,us,us
2023-06-20T10:44:46.954Z,58.1783,-155.3394,6,1.3,ml,,,,0.42,ak,ak0237uz47mq,2023-06-22T23:38:42.047Z,"",earthquake,,0.2,,,reviewed,ak,ak
2023-06-20T10:33:07.130Z,59.9664,-151.5754,61.1,1.5,ml,,,,0.58,ak,ak0237uz1rlx,2023-06-22T21:41:22.416Z,"9 km ENE of Happy Valley, Alaska",earthquake,,0.6,,,reviewed,ak,ak
2023-06-20T10:20:05.850Z,58.1978333333333,-155.291,4.59,0.19,ml,7,183,,0.12,av,av91931376,2023-06-21T01:55:50.760Z,"",earthquake,0.62,0.82,0.27480172985647,8,reviewed,av,av
2023-06-20T10:18:28.780Z,58.1915,-155.290833333333,2.65,0.3,ml,8,187,,0.08,av,av91931366,2023-06-21T01:52:15.000Z,"85 km NW of Karluk, Alaska",earthquake,0.51,0.43,0.296293604119391,8,reviewed,av,av
2023-06-20T10:16:28.204Z,61.6324,-146.487,20,1.3,ml,,,,0.71,ak,ak0237uyy61h,2023-06-22T21:41:22.174Z,"42 km SSE of Nelchina, Alaska",earthquake,,0.6,,,reviewed,ak,ak
2023-06-20T10:08:33.550Z,58.2983333333333,-154.98,2.67,0.83,ml,12,130,,0.19,av,av91931361,2023-06-21T01:46:01.160Z,"Alaska Peninsula",earthquake,0.33,0.47,0.135400736701084,10,reviewed,av,av
2023-06-20T10:07:12.280Z,46.8565,-121.76383333333334,0.36,0.12,ml,17,95,0.02077,0.07,uw,uw61934666,2023-06-20T21:00:16.060Z,"23 km ENE of Ashford, Washington",earthquake,0.2,0.58,0.19391931975174143,5,reviewed,uw,uw
2023-06-20T10:02:38.607Z,58.2789,-154.9556,1.2,2.3,ml,,,,0.53,ak,ak0237uyv6w8,2023-06-22T21:41:21.976Z,"84 km NNW of Karluk, Alaska",earthquake,,0.3,,,reviewed,ak,ak
2023-06-20T09:58:08.414Z,31.67339573,-104.193022,6.774267578,2.1,ml,20,69,0.06130229732,0.2,tx,tx2023lzjg,2023-06-21T17:43:44.787Z,"54 km NW of Toyah, Texas",earthquake,0.7458434743,0.8976968558,0.3,13,reviewed,tx,tx
2023-06-20T09:56:35.999Z,58.2198,-155.2153,1,1.8,ml,,,,0.32,ak,ak0237uylbqh,2023-06-22T21:41:21.783Z,"85 km NNW of Karluk, Alaska",earthquake,,0.4,,,reviewed,ak,ak
2023-06-20T09:50:11.700Z,58.2891666666667,-154.964666666667,2.3,0.29,ml,8,137,,0.19,av,av91931341,2023-06-21T01:41:42.640Z,"",earthquake,0.64,1.4,0.225712058980993,8,reviewed,av,av
2023-06-20T09:49:08.350Z,45.673,-122.72183333333334,20.12,1.55,ml,32,59,0.04604,0.13,uw,uw61934661,2023-06-20T18:09:31.960Z,"3 km SW of Lake Shore, Washington",earthquake,0.3,0.43,0.17482639336775074,20,reviewed,uw,uw
2023-06-20T09:48:31.899Z,35.4675,-98.03,5.85,1.66,ml,93,49,0.04319152435,0.36,ok,ok2023lziy,2023-06-20T12:40:13.684Z,"9 km SW of El Reno, Oklahoma",earthquake,,0.6,0.25,44,reviewed,ok,ok
2023-06-20T09:46:17.740Z,38.8170013,-122.7946701,4.37,0.42,md,7,71,0.009034,0.03,nc,nc73903186,2023-06-20T10:04:12.562Z,"6km NW of The Geysers, CA",earthquake,0.81,2.51,0.26,10,automatic,nc,nc
2023-06-20T09:43:42.670Z,46.20133333333333,-119.58616666666667,7.75,0.64,ml,10,239,0.07079,0.13,uw,uw61934656,2023-06-20T16:55:51.310Z,"10 km SW of Benton City, Washington",earthquake,0.99,0.36,0.07564328986869939,6,reviewed,uw,uw
2023-06-20T09:33:09.200Z,36.4708333,-121.0471667,9.33,2.22,md,57,96,0.0178,0.08,nc,nc73903181,2023-06-21T03:04:13.830Z,"11km SE of Pinnacles, CA",earthquake,0.16,0.29,0.163,62,reviewed,nc,nc
2023-06-20T09:30:04.370Z,37.5735,-118.8431667,4.3,1.21,md,15,191,0.01992,0.03,nc,nc73903176,2023-06-21T02:23:18.582Z,"14km ESE of Mammoth Lakes, CA",earthquake,0.45,0.46,0.169,14,reviewed,nc,nc
2023-06-20T09:29:33.920Z,35.13816667,-97.5365,5.72,2.35,ml,92,42,0.06658693337,0.29,ok,ok2023lzii,2023-06-20T12:41:47.480Z,"5 km NE of Cole, Oklahoma",earthquake,,0.6,0.2,40,reviewed,ok,ok
2023-06-20T09:26:06.169Z,35.95216667,-97.88783333,7.04,1.27,ml,73,44,0.08188393158,0.37,ok,ok2023lzif,2023-06-22T19:22:44.773Z,"Oklahoma",earthquake,,0.9,0.21,31,reviewed,ok,ok
2023-06-20T09:06:22.590Z,38.8191681,-122.822998,2.28,1.08,md,18,57,0.01094,0.02,nc,nc73903171,2023-06-20T09:24:13.333Z,"7km NW of The Geysers, CA",earthquake,0.25,0.51,0.14,18,automatic,nc,nc
2023-06-20T09:04:30.487Z,-22.331,-67.7983,176.354,4.7,mb,24,84,0.711,0.62,us,us7000k9tr,2023-06-20T09:40:26.040Z,"76 km NNE of San Pedro de Atacama, Chile",earthquake,7.75,5.267,0.159,12,reviewed,us,us
2023-06-20T08:59:06.518Z,67.3148,-156.1973,10.9,1.4,ml,,,,0.48,ak,ak0237uy0h17,2023-06-22T21:41:28.045Z,"54 km NNE of Kobuk, Alaska",earthquake,,0.4,,,reviewed,ak,ak
2023-06-20T08:58:55.049Z,36.54483333,-98.05766667,13.94,1.18,ml,40,104,0.07198587392,0.36,ok,ok2023lzhh,2023-06-22T19:07:07.904Z,"Oklahoma",earthquake,,1.4,0.31,13,reviewed,ok,ok
2023-06-20T08:56:40.210Z,-5.6286,131.0608,93.708,4.6,mb,15,111,1.592,0.6,us,us7000k9tq,2023-06-20T09:13:53.040Z,"",earthquake,10.23,10.368,0.165,11,reviewed,us,us
2023-06-20T08:39:18.170Z,-0.9802,98.6091,22.438,5.5,mww,118,52,2.493,0.77,us,us7000k9ti,2023-06-21T08:43:12.172Z,"159 km NW of Tuapejat, Indonesia",earthquake,8.02,4.627,0.093,11,reviewed,us,us
2023-06-20T08:37:00.540Z,37.6328333,-119.048,-1.75,0.73,md,5,139,0.01805,0.01,nc,nc73903166,2023-06-20T23:51:13.612Z,"6km W of Mammoth Lakes, CA",earthquake,0.25,1.23,0.33,5,reviewed,nc,nc
2023-06-20T08:36:04.230Z,33.0293333,-116.4331667,7.14,0.92,ml,33,67,0.06041,0.16,ci,ci40489608,2023-06-20T13:14:47.760Z,"17km ESE of Julian, CA",earthquake,0.22,0.77,0.153,17,reviewed,ci,ci
2023-06-20T08:19:27.742Z,53.6055,-166.9332,12.4,1.3,ml,,,,0.37,ak,ak0237uxry12,2023-06-22T21:41:27.861Z,"39 km SW of Unalaska, Alaska",earthquake,,0.6,,,reviewed,ak,ak
2023-06-20T08:17:32.931Z,36.8735,-116.1668,3,0,ml,9,98.16,0.075,0.0846,nn,nn00861620,2023-06-23T18:16:36.508Z,"52 km E of Beatty, Nevada",earthquake,,4.9,0.19,4,reviewed,nn,nn
2023-06-20T08:13:30.920Z,58.3001666666667,-155.000166666667,3.22,0.12,ml,7,136,,0.13,av,av91931296,2023-06-21T01:30:02.100Z,"87 km NNW of Karluk, Alaska",earthquake,0.44,0.66,0.268158706178602,8,reviewed,av,av
2023-06-20T08:10:17.591Z,60.6768,-151.9758,85.3,1.2,ml,,,,0.48,ak,ak0237uxpzsv,2023-06-22T21:41:27.675Z,"36 km W of Salamatof, Alaska",earthquake,,0.8,,,reviewed,ak,ak
2023-06-20T08:06:31.503Z,58.7261,-154.0243,4.1,1.2,ml,,,,0.87,ak,ak0237uxp60c,2023-06-22T21:41:21.565Z,"90 km SSE of Kokhanok, Alaska",earthquake,,0.2,,,reviewed,ak,ak
2023-06-20T08:04:07.750Z,58.2691666666667,-155.022166666667,3.57,0.18,ml,10,125,,0.22,av,av91931286,2023-06-21T01:34:20.400Z,"84 km NNW of Karluk, Alaska",earthquake,0.45,0.78,0.32689505902858,10,reviewed,av,av
2023-06-20T07:55:45.000Z,19.4245,-65.7268,100,3.91,md,10,277,1.1711,0.48,pr,pr2023171001,2023-06-20T08:17:49.861Z,"110 km N of Suárez, Puerto Rico",earthquake,7.02,10.23,0.03,3,reviewed,pr,pr
2023-06-20T07:50:38.420Z,19.7715,-65.6571,48,3.84,md,9,290,1.5111,0.19,pr,pr2023171002,2023-06-20T08:20:26.581Z,"149 km N of Suárez, Puerto Rico",earthquake,2.63,13.66,0.01,4,reviewed,pr,pr
2023-06-20T07:50:11.560Z,37.5485,-118.8308333,0.88,1.71,md,17,221,0.04148,0.06,nc,nc73903156,2023-06-20T21:29:14.763Z,"13km W of Toms Place, CA",earthquake,0.49,1.26,0.262,17,reviewed,nc,nc
2023-06-20T07:44:51.740Z,-0.9813,98.4808,20.121,4.7,mb,29,179,2.444,0.59,us,us7000k9te,2023-06-20T08:04:51.040Z,"169 km NW of Tuapejat, Indonesia",earthquake,13.09,6.591,0.123,20,reviewed,us,us
2023-06-20T07:40:25.386Z,38.5745,-119.435,5.7,1.3,ml,9,97.71,0.068,0.0996,nn,nn00861459,2023-06-20T17:49:05.235Z,"6 km E of Coleville, California",earthquake,,1.8,0.18,3,reviewed,nn,nn
2023-06-20T07:39:29.770Z,33.4408333,-116.6356667,4.58,1.07,ml,41,65,0.06057,0.16,ci,ci40489592,2023-06-20T13:14:50.470Z,"13km SSE of Anza, CA",earthquake,0.18,0.43,0.104,26,reviewed,ci,ci
2023-06-20T07:33:35.780Z,33.7203333,-116.841,16.46,1.17,ml,50,52,0.07659,0.2,ci,ci40489584,2023-06-20T13:14:53.160Z,"6km ESE of Valle Vista, CA",earthquake,0.25,0.42,0.216,27,reviewed,ci,ci
2023-06-20T07:04:19.240Z,33.1488333,-115.9815,7.8,1.01,ml,35,55,0.02479,0.15,ci,ci40489576,2023-06-21T16:57:16.775Z,"14km E of Ocotillo Wells, CA",earthquake,0.21,0.34,0.14,14,reviewed,ci,ci
2023-06-20T06:50:05.608Z,58.176,-155.3279,2.9,1.3,ml,,,,0.51,ak,ak0237uwroc5,2023-06-22T20:21:36.585Z,"Alaska Peninsula",earthquake,,0.1,,,reviewed,ak,ak
2023-06-20T06:47:48.124Z,37.3164,-117.2491,9.3,1.2,ml,19,111.79,0.327,0.1715,nn,nn00861457,2023-06-20T17:42:47.985Z,"43 km S of Goldfield, Nevada",earthquake,,2.9,0.26,9,reviewed,nn,nn
2023-06-20T06:37:18.293Z,51.8396,178.4947,112.823,2.7,ml,10,233,0.103,0.3,us,us7000kaf0,2023-06-23T13:22:31.040Z,"Rat Islands, Aleutian Islands, Alaska",earthquake,8.06,4.425,0.181,6,reviewed,us,us
2023-06-20T06:22:01.962Z,63.2412,-151.5688,4.9,1.4,ml,,,,1.04,ak,ak0237uwlnyk,2023-06-22T19:25:40.269Z,"34 km SSE of Denali National Park, Alaska",earthquake,,0.2,,,reviewed,ak,ak
2023-06-20T06:20:21.226Z,65.4189,-144.6704,0.8,0.9,ml,,,,0.71,ak,ak0237uwla2s,2023-06-22T19:25:40.485Z,"18 km SSE of Central, Alaska",earthquake,,0.5,,,reviewed,ak,ak
2023-06-20T06:13:05.450Z,17.9478333333333,-66.8383333333333,16.23,2.57,md,6,221,0.04744,0.17,pr,pr71414108,2023-06-20T06:23:49.440Z,"5 km SSW of Indios, Puerto Rico",earthquake,1,0.62,0.0601150813127811,5,reviewed,pr,pr
2023-06-20T06:08:46.549Z,50.3453,178.7931,35,3,ml,9,295,1.084,0.53,us,us7000kaez,2023-06-23T13:14:32.040Z,"",earthquake,7.32,2.027,0.115,10,reviewed,us,us
2023-06-20T05:59:21.494Z,58.3514,-133.5094,0,2.1,ml,,,,0.7,ak,ak0237uw87ed,2023-06-22T20:21:36.956Z,"53 km E of Juneau, Alaska",ice quake,,0,,,reviewed,ak,ak
2023-06-20T05:53:36.713Z,62.9063,-151.3991,110.4,1.2,ml,,,,0.59,ak,ak0237uw6y93,2023-06-22T19:25:41.632Z,"56 km NW of Petersville, Alaska",earthquake,,0.6,,,reviewed,ak,ak
2023-06-20T05:39:23.700Z,58.2545,-155.077666666667,5.34,0.52,ml,12,104,,0.22,av,av91931206,2023-06-22T19:24:58.954Z,"84 km NNW of Karluk, Alaska",earthquake,0.35,0.77,0.206447005330357,12,reviewed,av,av
2023-06-20T05:34:39.870Z,36.922,-121.4106667,8.25,1.03,md,21,94,0.07099,0.09,nc,nc73903141,2023-06-20T23:39:13.527Z,"8km N of Hollister, CA",earthquake,0.31,0.84,0.271,15,reviewed,nc,nc
2023-06-20T05:32:28.820Z,37.523,-80.1993333333333,14.22,2.33,md,10,112,0.3575,0.16,se,se60500873,2023-06-20T22:11:48.423Z,"8 km WNW of New Castle, Virginia",earthquake,0.41,1.34,0.0476112264831308,9,reviewed,se,se
2023-06-20T05:29:50.110Z,32.6625,-115.7335,7.74,1.42,ml,25,66,0.01444,0.17,ci,ci40489536,2023-06-21T16:50:07.191Z,"17km WNW of Progreso, B.C., MX",earthquake,0.28,0.39,0.142,13,reviewed,ci,ci
2023-06-20T05:28:32.017Z,37.3156,-117.2561,10,0.9,ml,12,176.2,0.321,0.1697,nn,nn00861456,2023-06-20T17:30:19.798Z,"43 km S of Goldfield, Nevada",earthquake,,4.3,0.47,6,reviewed,nn,nn
2023-06-20T05:27:46.300Z,35.0713333,-118.3281667,1.69,1.21,ml,19,64,0.08129,0.18,ci,ci40489528,2023-06-21T00:56:21.396Z,"13km ESE of Tehachapi, CA",earthquake,0.28,0.55,0.138,19,reviewed,ci,ci
2023-06-20T05:25:22.146Z,51.5805,178.0514,51.84,3.8,mb,42,207,0.466,0.58,us,us7000k9t5,2023-06-22T20:21:36.342Z,"Rat Islands, Aleutian Islands, Alaska",earthquake,5.41,4.431,0.106,23,reviewed,us,us
2023-06-20T05:17:59.920Z,37.4273333,-113.1628333,13.42,1.27,ml,6,127,0.0771,0.06,uu,uu60542851,2023-06-20T17:37:10.330Z,"12 km S of Kanarraville, Utah",earthquake,0.55,0.85,0.249,5,reviewed,uu,uu
2023-06-20T05:16:56.682Z,57.0493,-153.8155,44.5,3,ml,,,,0.53,ak,ak0237uvz28s,2023-06-22T20:21:36.083Z,"24 km ENE of Akhiok, Alaska",earthquake,,0.8,,,reviewed,ak,ak
2023-06-20T05:13:34.520Z,32.6616667,-115.7358333,7.33,1.64,ml,31,65,0.01466,0.18,ci,ci40489520,2023-06-21T00:53:06.377Z,"17km WNW of Progreso, B.C., MX",earthquake,0.24,0.42,0.169,21,reviewed,ci,ci
2023-06-20T05:09:10.120Z,44.8013333333333,-112.708166666667,3.28,0.4,ml,4,241,0.1035,0.1,mb,mb90019103,2023-06-20T15:22:06.430Z,"",earthquake,1.86,1.51,0.113721824546864,6,reviewed,mb,mb
2023-06-20T05:05:50.328Z,37.3243,-117.2505,8.4,1.8,ml,23,112.22,0.328,0.2543,nn,nn00861454,2023-06-20T05:08:47.271Z,"42 km S of Goldfield, Nevada",earthquake,,0.8,0.83,19,automatic,nn,nn
2023-06-20T05:01:49.720Z,37.3052,-117.256,16.1,1.3,ml,15,131.86,0.319,0.1478,nn,nn00861452,2023-06-20T17:08:41.375Z,"44 km S of Goldfield, Nevada",earthquake,,1.3,0.23,8,reviewed,nn,nn
2023-06-20T04:57:08.120Z,18.0201666666667,-66.8175,13.07,2.63,md,20,139,0.02471,0.23,pr,pr71414083,2023-06-20T05:09:20.330Z,"2 km W of Guayanilla, Puerto Rico",earthquake,0.5,0.45,0.180904668981242,6,reviewed,pr,pr
2023-06-20T04:56:54.880Z,51.8423333333333,-178.037666666667,-1.8,0.81,ml,4,109,,0.37,av,av91108113,2023-06-21T00:47:49.310Z,"96 km W of Adak, Alaska",earthquake,0.67,2.17,0.361764044746147,4,reviewed,av,av
2023-06-20T04:56:51.800Z,19.4223333333333,-155.261833333333,0.13,2.45,ml,32,62,,0.09,hv,hv73456007,2023-06-23T23:09:18.040Z,"Island of Hawaii, Hawaii",earthquake,0.14,0.16,0.167871596865498,29,reviewed,hv,hv
2023-06-20T04:54:38.417Z,65.0171,-149.0439,14.7,0.8,ml,,,,0.76,ak,ak0237uvlqhg,2023-06-22T19:25:39.602Z,"20 km SE of Minto, Alaska",earthquake,,0.2,,,reviewed,ak,ak
2023-06-20T04:51:43.830Z,19.1243324279785,-155.397338867188,30.8299999237061,1.89999998,md,41,184,,0.100000001,hv,hv73456002,2023-06-20T05:05:07.127Z,"Island of Hawaii, Hawaii",earthquake,0.63,1.03999996,0.949999988,8,automatic,hv,hv
2023-06-20T04:50:00.720Z,61.6571,-151.4022,4.2,1.3,ml,,,,0.94,ak,ak0237uvksoi,2023-06-22T19:25:39.381Z,"37 km S of Skwentna, Alaska",earthquake,,0.3,,,reviewed,ak,ak
2023-06-20T04:45:10.914Z,62.3414,-151.3236,89.4,2,ml,,,,0.64,ak,ak0237uvjqv9,2023-06-22T19:25:39.065Z,"33 km WSW of Petersville, Alaska",earthquake,,0.2,,,reviewed,ak,ak
2023-06-20T04:42:01.747Z,31.6592299,-104.3067628,6.851391602,1.9,ml,17,68,0.03778072582,0.2,tx,tx2023lyyv,2023-06-22T18:40:44.905Z,"57 km S of Whites City, New Mexico",earthquake,0.8973847519,1.001622674,0.2,12,reviewed,tx,tx
2023-06-20T04:41:22.489Z,35.52083333,-96.77716667,6.28,1.28,ml,54,47,0.1322740433,0.28,ok,ok2023lyyu,2023-06-22T18:00:46.444Z,"9 km WNW of Prague, Oklahoma",earthquake,,0.7,0.23,19,reviewed,ok,ok
2023-06-20T04:37:20.965Z,37.3307,-117.2469,2.1,0.9,ml,13,123.62,0.332,0.1083,nn,nn00861451,2023-06-20T17:02:24.327Z,"41 km S of Goldfield, Nevada",earthquake,,7.4,0.73,6,reviewed,nn,nn
2023-06-20T04:21:55.153Z,65.7976,-147.8617,11.5,2.1,ml,,,,1.1,ak,ak0237uvep5e,2023-06-22T19:25:38.826Z,"43 km NE of Livengood, Alaska",earthquake,,0.1,,,reviewed,ak,ak
2023-06-20T04:13:08.930Z,36.0133333,-120.8681667,10.94,1.66,md,58,44,0.02061,0.13,nc,nc73903136,2023-06-21T00:41:14.939Z,"3km ESE of San Ardo, CA",earthquake,0.19,0.39,0.285,44,reviewed,nc,nc
2023-06-20T04:12:48.909Z,50.6907,-129.8463,14.071,4,mb,32,191,1.091,1.12,us,us7000k9sl,2023-06-23T21:17:32.040Z,"195 km W of Port McNeill, Canada",earthquake,7.07,6.667,0.064,67,reviewed,us,us
2023-06-20T04:09:00.196Z,53.3358,-165.0349,16.1,2.1,ml,,,,0.44,ak,ak0237uvc0bn,2023-06-22T19:25:41.441Z,"101 km SSE of Akutan, Alaska",earthquake,,0.8,,,reviewed,ak,ak
2023-06-20T03:58:30.950Z,44.7833333333333,-114.390833333333,3.31,1.67,ml,9,132,0.4568,0.08,mb,mb90019088,2023-06-20T14:48:11.390Z,"33 km NNW of Challis, Idaho",earthquake,0.42,1.95,0.166254744866392,12,reviewed,mb,mb
2023-06-20T03:57:49.060Z,44.7778333333333,-114.4015,10.11,2.09,ml,19,63,0.4553,0.15,mb,mb90019078,2023-06-20T14:36:23.650Z,"33 km NNW of Challis, Idaho",earthquake,0.4,0.75,0.256895155892304,17,reviewed,mb,mb
2023-06-20T03:57:07.743Z,59.6197,-152.8356,88.4,2.3,ml,,,,0.53,ak,ak0237uv0vnf,2023-06-22T19:25:38.549Z,"59 km WSW of Anchor Point, Alaska",earthquake,,0.4,,,reviewed,ak,ak
2023-06-20T03:50:16.020Z,38.8211667,-122.8103333,3.11,0.47,md,21,51,0.002234,0.03,nc,nc73903131,2023-06-20T20:42:39.383Z,"7km NW of The Geysers, CA",earthquake,0.25,0.43,0.104,19,reviewed,nc,nc
2023-06-20T03:46:47.050Z,46.21,-119.59733333333334,7.95,0.61,ml,11,153,0.06219,0.06,uw,uw61934636,2023-06-20T04:40:24.830Z,"10 km SW of Benton City, Washington",earthquake,0.59,0.39,0.0590577160423873,8,reviewed,uw,uw
2023-06-20T03:45:34.573Z,-23.9307,-175.0289,10,5.1,mww,35,89,2.753,0.69,us,us7000k9sj,2023-06-21T02:44:29.931Z,"286 km S of ‘Ohonua, Tonga",earthquake,3.58,1.836,0.098,10,reviewed,us,us
2023-06-20T03:43:00.270Z,17.9806,-68.5235,93,4.09,md,25,201,0.5519,0.32,pr,pr2023171000,2023-06-21T02:34:23.040Z,"",earthquake,1.65,1.49,0.09,21,reviewed,pr,pr
2023-06-20T03:20:52.770Z,38.7805,-122.7573333,1.1,0.42,md,16,85,0.01177,0.02,nc,nc73903126,2023-06-20T20:39:08.669Z,"0km NNW of The Geysers, CA",earthquake,0.21,0.27,0.245,13,reviewed,nc,nc
2023-06-20T03:18:02.820Z,51.859,-175.7331,66.2,1.8,ml,,,,0.31,ak,ak0237uusidx,2023-06-22T20:21:36.771Z,"62 km E of Adak, Alaska",earthquake,,1.2,,,reviewed,ak,ak
2023-06-20T03:17:34.747Z,63.2047,-148.4419,68.7,1.7,ml,,,,0.94,ak,ak0237uusd65,2023-06-22T19:25:38.279Z,"32 km SE of Cantwell, Alaska",earthquake,,0.2,,,reviewed,ak,ak
2023-06-20T03:17:03.690Z,46.6055,-112.581666666667,11.48,0.58,ml,6,111,0.1028,0.02,mb,mb90019123,2023-06-20T16:01:13.870Z,"1 km ENE of Avon, Montana",earthquake,0.79,1.39,0.0478924025323696,4,reviewed,mb,mb
2023-06-20T03:16:09.080Z,58.1893333333333,-155.262666666667,3.14,-0.15,ml,5,216,,0.03,av,av91931096,2023-06-21T00:39:19.370Z,"Alaska Peninsula",earthquake,0.68,1.42,0.336328273813377,5,reviewed,av,av
2023-06-20T03:01:14.290Z,38.8236656,-122.7985001,3.21,0.77,md,19,52,0.009045,0.06,nc,nc73903121,2023-06-20T04:37:12.632Z,"6km NW of The Geysers, CA",earthquake,0.33,0.67,0.27,19,automatic,nc,nc
2023-06-20T02:58:46.950Z,58.2128333333333,-155.106333333333,4.35,0.5,ml,8,101,,0.11,av,av91931086,2023-06-21T19:34:26.130Z,"81 km NNW of Karluk, Alaska",earthquake,0.31,0.7,0.408279028868306,8,reviewed,av,av
2023-06-20T02:49:13.330Z,33.4625,-116.5825,8.88,0.92,ml,39,75,0.03609,0.19,ci,ci40489488,2023-06-20T13:15:55.970Z,"13km SE of Anza, CA",earthquake,0.23,0.56,0.168,26,reviewed,ci,ci
2023-06-20T02:30:30.284Z,-23.5213,-67.7617,144.638,4.3,mb,28,68,0.684,0.77,us,us7000k9sb,2023-06-21T01:56:37.040Z,"81 km SSE of San Pedro de Atacama, Chile",earthquake,8.05,6.948,0.187,8,reviewed,us,us
2023-06-20T02:19:59.679Z,53.6927,-167.7641,40.8,1.5,ml,,,,0.69,ak,ak0237uu7ev3,2023-06-22T19:25:41.059Z,"83 km WSW of Dutch Harbor, Alaska",earthquake,,0.7,,,reviewed,ak,ak
2023-06-20T02:16:53.470Z,35.9268333,-120.4803333,5.65,-0.09,md,9,141,0.02103,0.06,nc,nc73903106,2023-06-20T22:36:18.724Z,"5km NW of Parkfield, CA",earthquake,0.44,0.68,,1,reviewed,nc,nc
2023-06-20T02:16:45.610Z,58.171,-155.335333333333,2.08,0.55,ml,8,210,,0.07,av,av91931051,2023-06-22T20:21:22.199Z,"85 km NW of Karluk, Alaska",earthquake,0.37,0.57,0.387864440526149,8,reviewed,av,av
2023-06-20T02:15:34.860Z,33.8411667,-117.1681667,13.6,1.44,ml,55,40,0.03703,0.18,ci,ci40489464,2023-06-21T00:44:17.900Z,"5km NNW of Nuevo, CA",earthquake,0.21,0.45,0.23,24,reviewed,ci,ci
2023-06-20T02:12:17.327Z,31.67545458,-104.1949201,6.542895508,1.9,ml,20,69,0.0597819464,0.3,tx,tx2023lytx,2023-06-26T15:55:47.830Z,"55 km NW of Toyah, Texas",earthquake,0.8068397465,0.8881124729,0.2,15,reviewed,tx,tx
2023-06-20T02:04:20.572Z,61.6989,-151.762,78.3,1.6,ml,,,,0.58,ak,ak0237uu441n,2023-06-22T19:25:37.650Z,"",earthquake,,0.4,,,reviewed,ak,ak
2023-06-20T02:02:28.550Z,63.1514,-151.373,12.4,1,ml,,,,1.06,ak,ak0237uu3pab,2023-06-22T19:25:37.462Z,"46 km SSE of Denali National Park, Alaska",earthquake,,0.2,,,reviewed,ak,ak
2023-06-20T01:51:39.550Z,33.265,-116.4315,4.85,1.98,ml,60,25,0.01243,0.18,ci,ci40489440,2023-06-20T13:15:58.620Z,"5km W of Borrego Springs, CA",earthquake,0.2,0.79,0.192,25,reviewed,ci,ci
2023-06-20T01:50:55.410Z,34.1395,-117.415,6.94,1.57,ml,63,40,0.04444,0.15,ci,ci40489432,2023-06-21T00:33:11.130Z,"6km NW of Rialto, CA",earthquake,0.15,0.33,0.185,27,reviewed,ci,ci
2023-06-20T01:47:15.410Z,37.4678333,-118.8381667,1.28,0.78,md,12,221,0.1222,0.03,nc,nc73903091,2023-06-20T06:28:13.301Z,"17km SW of Toms Place, CA",earthquake,0.97,3,0.161,10,reviewed,nc,nc
2023-06-20T01:45:41.556Z,5.8845,126.4311,91.155,4.6,mb,39,110,1.45,0.56,us,us7000k9s2,2023-06-21T00:40:31.040Z,"59 km SSE of Pondaguitan, Philippines",earthquake,9.97,7.414,0.105,27,reviewed,us,us
2023-06-20T01:34:17.160Z,17.9898333333333,-67.004,11.6,2.59,md,12,143,0.04333,0.09,pr,pr71414053,2023-06-20T03:08:51.300Z,"4 km ENE of La Parguera, Puerto Rico",earthquake,0.39,0.44,0.0115772160813798,3,reviewed,pr,pr
2023-06-20T01:20:12.133Z,31.67457489,-104.1868392,6.080151367,2,ml,21,66,0.06661293771,0.3,tx,tx2023lyse,2023-06-26T17:09:35.858Z,"54 km NW of Toyah, Texas",earthquake,0.8192754887,0.9558631099,0.2,15,reviewed,tx,tx
2023-06-20T01:18:56.609Z,31.68058836,-104.1788043,6.131567383,2.2,ml,29,62,0.07394390705,0.2,tx,tx2023lysc,2023-06-23T17:33:43.834Z,"54 km NW of Toyah, Texas",earthquake,0.604786909,0.7177642473,0.2,24,reviewed,tx,tx
2023-06-20T01:18:00.650Z,38.8110008,-122.8221664,2.07,1,md,18,59,0.005877,0.03,nc,nc73903086,2023-06-20T01:37:13.680Z,"7km WNW of The Geysers, CA",earthquake,0.24,0.47,0.23,19,automatic,nc,nc
2023-06-20T01:13:53.349Z,60.557,-150.6618,28.8,1.2,ml,,,,0.69,ak,ak0237utkoe8,2023-06-22T19:25:37.270Z,"6 km ENE of Sterling, Alaska",earthquake,,0.6,,,reviewed,ak,ak
2023-06-20T01:11:15.711Z,62.1666,-149.0106,34.1,1.2,ml,,,,0.71,ak,ak0237utk636,2023-06-22T19:25:37.073Z,"43 km E of Susitna North, Alaska",earthquake,,1,,,reviewed,ak,ak
2023-06-20T01:07:57.676Z,60.622,-152.1146,98.3,1.3,ml,,,,0.67,ak,ak0237utjeif,2023-06-22T19:25:40.868Z,"43 km W of Salamatof, Alaska",earthquake,,0.7,,,reviewed,ak,ak
2023-06-20T01:04:04.641Z,64.9181,-148.6196,16.4,0.5,ml,,,,0.65,ak,ak0237utin97,2023-06-22T20:21:35.889Z,"29 km WNW of Ester, Alaska",earthquake,,0.2,,,reviewed,ak,ak
2023-06-20T00:59:18.364Z,50.2153,178.6971,11.4,3.5,ml,,,,0.54,ak,ak0237ut9278,2023-06-22T20:21:35.648Z,"Rat Islands, Aleutian Islands, Alaska",earthquake,,2.2,,,reviewed,ak,ak
2023-06-20T00:58:44.759Z,51.424,-175.0684,9.2,2.5,ml,,,,0.68,ak,ak0237ut8vha,2023-06-22T19:25:36.687Z,"Andreanof Islands, Aleutian Islands, Alaska",earthquake,,0.8,,,reviewed,ak,ak
2023-06-20T00:55:47.185Z,53.9665,-166.2182,88.1,1.9,ml,,,,0.41,ak,ak0237ut88fc,2023-06-22T19:25:36.273Z,"22 km ENE of Dutch Harbor, Alaska",earthquake,,0.9,,,reviewed,ak,ak
2023-06-20T00:49:24.974Z,51.3189,-175.0024,24.9,2.9,ml,,,,0.55,ak,ak0237ut6wft,2023-06-22T19:25:36.065Z,"112 km SSW of Atka, Alaska",earthquake,,1.4,,,reviewed,ak,ak
2023-06-20T00:47:08.540Z,38.8423347,-122.836998,1.62,0.84,md,19,90,0.003922,0.05,nc,nc73903076,2023-06-20T01:05:19.342Z,"10km NW of The Geysers, CA",earthquake,0.25,0.48,0.23,19,automatic,nc,nc
2023-06-20T00:33:11.375Z,60.7185,-150.0565,45.4,1.6,ml,,,,0.47,ak,ak0237ut3fuk,2023-06-22T19:25:35.863Z,"Kenai Peninsula, Alaska",earthquake,,0.4,,,reviewed,ak,ak
2023-06-20T00:22:44.773Z,31.69871365,-104.1353093,6.697143555000001,2.6,ml,17,80,0.05965991733,0.1,tx,tx2023lyqh,2023-06-21T04:13:27.796Z,"50 km W of Mentone, Texas",earthquake,0.6530358853,0.767550477,0.2,13,reviewed,tx,tx
2023-06-20T00:18:42.000Z,58.2084,-155.2734,0.4,1.4,ml,,,,0.61,ak,ak0237ut0aj6,2023-06-22T19:25:35.656Z,"Alaska Peninsula",earthquake,,0.2,,,reviewed,ak,ak
2023-06-20T00:12:34.740Z,33.0293333,-116.4316667,9.2,1.96,ml,77,40,0.04815,0.19,ci,ci40489400,2023-06-21T23:08:04.960Z,"17km ESE of Julian, CA",earthquake,0.15,0.42,0.172,25,reviewed,ci,ci
2023-06-20T00:11:07.660Z,19.1726665496826,-155.501159667969,33.1199989318848,2.48,ml,48,94,,0.100000001,hv,hv73455867,2023-06-20T05:05:25.712Z,"Island of Hawaii, Hawaii",earthquake,0.5,0.680000007,3.43,23,automatic,hv,hv
2023-06-20T00:05:16.350Z,60.0438333333333,-153.073333333333,-0.23,-0.62,ml,4,169,,0.07,av,av91930956,2023-06-21T19:32:23.110Z,"64 km ENE of Pedro Bay, Alaska",earthquake,0.36,1.29,0.231388263846387,3,reviewed,av,av
2023-06-20T00:00:35.203Z,39.5994,-119.9708,7.2,1.1,ml,6,122.52,0.011,0.1517,nn,nn00861619,2023-06-23T18:04:13.440Z,"8 km S of Cold Springs, Nevada",earthquake,,1.6,0.25,4,reviewed,nn,nn
2023-06-19T23:47:15.494Z,31.5172,131.3129,60.084,4.4,mb,35,219,0.735,0.58,us,us7000k9qv,2023-06-20T00:08:57.040Z,"7 km ENE of Kushima, Japan",earthquake,9.86,10.416,0.117,21,reviewed,us,us
2023-06-19T23:47:08.980Z,33.4833333,-116.4646667,12.01,0.68,ml,22,67,0.05155,0.13,ci,ci40489392,2023-06-20T22:14:39.427Z,"21km ESE of Anza, CA",earthquake,0.2,0.55,0.151,17,reviewed,ci,ci
2023-06-19T23:43:56.630Z,38.8323333,-122.7923333,1.53,0.36,md,8,77,0.006263,0.02,nc,nc73903056,2023-06-20T21:24:13.729Z,"6km W of Cobb, CA",earthquake,0.49,1.32,0.076,6,reviewed,nc,nc
2023-06-19T23:43:39.733Z,61.1545,-150.4195,55.5,1.1,ml,,,,0.58,ak,ak0237tjb9ns,2023-06-23T23:50:15.069Z,"28 km WSW of Anchorage, Alaska",earthquake,,0.7,,,reviewed,ak,ak
2023-06-19T23:40:52.840Z,34.1356667,-117.4213333,6.45,1.75,ml,76,38,0.0388,0.21,ci,ci40489384,2023-06-20T21:55:12.550Z,"5km NE of Fontana, CA",earthquake,0.18,0.47,0.153,26,reviewed,ci,ci
2023-06-19T23:38:49.900Z,58.3885,-154.7555,3.6,0.15,ml,8,160,,0.22,av,av91930946,2023-06-20T23:43:59.140Z,"",earthquake,0.82,0.59,0.257158863751694,8,reviewed,av,av
2023-06-19T23:38:43.410Z,34.4561667,-117.956,8.13,1.89,ml,46,24,0.007225,0.2,ci,ci40489376,2023-06-20T00:23:37.110Z,"7km SW of Pearblossom, CA",earthquake,0.2,0.49,0.139,26,reviewed,ci,ci
2023-06-19T23:37:37.484Z,58.1519,-155.406,3.9,1.1,ml,,,,0.56,ak,ak0237tj9ywi,2023-06-23T23:50:14.875Z,"86 km NW of Karluk, Alaska",earthquake,,0.5,,,reviewed,ak,ak
2023-06-19T23:28:47.020Z,38.831501,-122.8141632,1.63,0.74,md,14,56,0.008702,0.01,nc,nc73903051,2023-06-19T23:56:14.892Z,"8km NW of The Geysers, CA",earthquake,0.24,0.6,0.07,15,automatic,nc,nc
2023-06-19T23:26:19.089Z,36.45116667,-98.7995,6.89,1.14,ml,18,78,0.001799646848,0.21,ok,ok2023lyok,2023-06-21T15:23:47.283Z,"16 km SSE of Waynoka, Oklahoma",earthquake,,0.6,0.13,6,reviewed,ok,ok
2023-06-19T23:20:34.020Z,35.09833333,-97.48666667,4.33,1.1,ml,12,77,0.03779258381,0.2,ok,ok2023lyof,2023-06-22T17:41:02.378Z,"4 km N of Washington, Oklahoma",earthquake,,1.2,0.13,10,reviewed,ok,ok
2023-06-19T23:15:49.016Z,64.9849,-147.3208,0,1.1,ml,,,,0.7,ak,ak0237tj5af1,2023-06-23T23:50:14.698Z,"14 km ENE of Fox, Alaska",explosion,,0,,,reviewed,ak,ak
2023-06-19T23:12:12.359Z,58.1623,-155.3811,3.2,1,ml,,,,0.45,ak,ak0237tj4ke5,2023-06-23T23:50:14.505Z,"85 km NW of Karluk, Alaska",earthquake,,0.5,,,reviewed,ak,ak
2023-06-19T22:51:15.240Z,38.8313333,-122.7981667,1.83,0.45,md,17,47,0.009341,0.02,nc,nc73903046,2023-06-20T21:14:12.673Z,"7km W of Cobb, CA",earthquake,0.23,0.45,0.107,15,reviewed,nc,nc
2023-06-19T22:45:00.758Z,45.4879,26.282,135.849,4.1,mb,35,39,0.237,1.03,us,us7000k9ql,2023-06-19T23:06:54.040Z,"1 km E of Cașoca, Romania",earthquake,6.07,5.62,0.139,14,reviewed,us,us
2023-06-19T22:44:33.540Z,58.39,-154.762666666667,3.88,0.44,ml,11,157,,0.24,av,av91930911,2023-06-20T23:31:59.770Z,"93 km NNW of Karluk, Alaska",earthquake,0.53,0.62,0.170665130128453,11,reviewed,av,av
2023-06-19T22:44:01.575Z,63.5488,-147.4034,2.4,1.4,ml,,,,0.77,ak,ak0237tipyvy,2023-06-23T23:50:14.273Z,"77 km ESE of Denali Park, Alaska",earthquake,,0.2,,,reviewed,ak,ak
2023-06-19T22:40:08.873Z,-4.476,144.913,9.003,5.2,mb,97,57,4.632,0.85,us,us7000k9qk,2023-06-19T23:00:05.040Z,"104 km ESE of Angoram, Papua New Guinea",earthquake,8.55,4.295,0.048,142,reviewed,us,us
2023-06-19T22:36:06.840Z,61.3889,-150.9864,73.2,1,ml,,,,0.42,ak,ak0237tio945,2023-06-23T23:50:14.073Z,"28 km N of Beluga, Alaska",earthquake,,0.8,,,reviewed,ak,ak
2023-06-19T22:35:48.687Z,51.2246,-174.961,14.9,2.1,ml,,,,0.68,ak,ak0237tio516,2023-06-23T23:50:17.253Z,"120 km SSW of Atka, Alaska",earthquake,,0.5,,,reviewed,ak,ak
2023-06-19T22:32:56.970Z,37.0498333,-121.5016667,7.92,0.73,md,15,89,0.0576,0.1,nc,nc73903041,2023-06-20T00:10:58.710Z,"8km NE of Gilroy, CA",earthquake,0.44,1.09,0.081,11,reviewed,nc,nc
2023-06-19T22:32:12.546Z,-20.4356,-177.5581,486.263,4.6,mb,36,91,2.321,0.83,us,us7000k9q7,2023-06-19T22:49:44.040Z,"Fiji region",earthquake,12.03,8.978,0.104,28,reviewed,us,us
2023-06-19T22:14:40.469Z,34.50483333,-97.24633333,0,1.32,ml,41,98,0.106179164,0.59,ok,ok2023lymb,2023-06-22T17:28:55.727Z,"11 km W of Davis, Oklahoma",quarry blast,,0.8,0.26,15,reviewed,ok,ok
2023-06-19T22:11:59.042Z,31.52088334,-104.0116792,7.982543944999999,2.5,ml,18,62,0.03880583555,0.1,tx,tx2023lyly,2023-06-27T03:00:48.040Z,"30 km NW of Toyah, Texas",earthquake,0.8380003581999999,0.7447314408999999,0.2,14,reviewed,tx,tx
2023-06-19T22:10:39.781Z,31.51785509,-104.0232191,7.596923828000001,2.9,ml,17,62,0.1595969977,0.2,tx,tx2023lylx,2023-06-21T02:52:03.350Z,"31 km NW of Toyah, Texas",earthquake,1.003006138,1.927077115,0.2,8,reviewed,tx,tx
2023-06-19T22:08:11.910Z,45.8178333333333,-113.7705,7.8,1.92,ml,27,79,0.5738,0.17,mb,mb90019018,2023-06-19T22:38:34.050Z,"16 km E of Sula, Montana",earthquake,0.63,1.11,0.170781611986059,9,reviewed,mb,mb
2023-06-19T22:07:50.004Z,54.6442,-161.9651,58.2,2.3,ml,,,,0.63,ak,ak0237tii547,2023-06-23T23:50:17.071Z,"51 km SSE of King Cove, Alaska",earthquake,,3.9,,,reviewed,ak,ak
2023-06-19T21:51:02.180Z,38.6295,-119.6115,-1.41,2.54,md,17,112,0.08395,0.09,nc,nc73903026,2023-06-27T02:55:30.040Z,"17km NW of Walker, CA",earthquake,0.25,0.86,0.252,33,reviewed,nc,nc
2023-06-19T21:47:21.876Z,51.2079,-174.9752,10,3.2,ml,15,257,0.979,0.38,us,us7000ka83,2023-06-27T02:39:24.040Z,"122 km SSW of Atka, Alaska",earthquake,2.78,1.937,0.115,10,reviewed,us,us
2023-06-19T21:44:48.328Z,59.8065,-153.4722,137.9,1.7,ml,,,,0.67,ak,ak0237ti4mwa,2023-06-23T23:50:16.855Z,"35 km E of Pedro Bay, Alaska",earthquake,,0.1,,,reviewed,ak,ak
2023-06-19T21:43:49.181Z,31.52316044,-104.0176022,7.57121582,2.1,ml,14,89,0.0579160004,0.2,tx,tx2023lylb,2023-06-21T20:03:41.976Z,"31 km NW of Toyah, Texas",earthquake,1.097904161,1.133191225,0.2,12,reviewed,tx,tx
2023-06-19T21:42:52.340Z,46.98083333333334,-122.27316666666667,-0.61,1.35,ml,16,276,0.0696,0.13,uw,uw61934576,2023-06-20T18:27:02.640Z,"3 km W of Kapowsin, Washington",explosion,0.68,31.61,0.12776935264931688,8,reviewed,uw,uw
2023-06-19T21:24:10.982Z,64.8243,-149.1171,15,1.5,ml,,,,0.66,ak,ak0237ti09pq,2023-06-23T23:50:13.656Z,"24 km N of Four Mile Road, Alaska",earthquake,,0.2,,,reviewed,ak,ak
2023-06-19T21:22:14.490Z,32.7068333,-116.6445,18.36,1.01,ml,21,52,0.03545,0.13,ci,ci40489288,2023-06-20T21:38:00.479Z,"16km N of Tecate, B.C., MX",earthquake,0.24,0.48,0.132,10,reviewed,ci,ci
2023-06-19T21:16:29.134Z,2.0805,128.2998,90.831,5.2,mb,89,78,1.6,0.76,us,us7000k9pt,2023-06-19T21:31:41.040Z,"50 km NE of Tobelo, Indonesia",earthquake,6.81,6.879,0.073,62,reviewed,us,us
2023-06-19T21:15:02.022Z,58.1828,-155.3252,4.9,1.1,ml,,,,0.33,ak,ak0237thybl1,2023-06-23T23:50:13.463Z,"85 km NW of Karluk, Alaska",earthquake,,0.3,,,reviewed,ak,ak
2023-06-19T21:11:17.130Z,33.2923333,-116.7426667,14.14,0.78,ml,22,99,0.0578,0.14,ci,ci40489272,2023-06-20T21:32:58.835Z,"6km NNE of Lake Henshaw, CA",earthquake,0.32,0.48,0.136,15,reviewed,ci,ci
2023-06-19T21:10:10.600Z,19.1668338775635,-155.480667114258,30.3099994659424,2.08,ml,41,155,,0.140000001,hv,hv73455707,2023-06-19T21:15:41.320Z,"4 km S of Pāhala, Hawaii",earthquake,0.56,0.879999995,4.57,6,automatic,hv,hv
2023-06-19T21:07:42.783Z,63.0942,-151.5012,13.3,0.7,ml,,,,0.83,ak,ak0237thwp31,2023-06-23T23:50:13.274Z,"Central Alaska",earthquake,,0.4,,,reviewed,ak,ak
2023-06-19T21:02:08.190Z,19.1358337402344,-155.35466003418,30.1200008392334,2.24000001,md,45,189,,0.100000001,hv,hv73455687,2023-06-19T21:07:43.720Z,"15 km ESE of Pāhala, Hawaii",earthquake,0.62,0.709999979,1.79999995,26,automatic,hv,hv
2023-06-19T20:49:55.190Z,37.5793333,-118.8585,5.61,0.47,md,9,220,0.02567,0.02,nc,nc71130714,2023-06-19T22:50:51.610Z,"12km ESE of Mammoth Lakes, CA",earthquake,1.03,1.4,0.143,8,reviewed,nc,nc
2023-06-19T20:49:42.480Z,37.6105,-122.4656667,7.88,1.11,md,19,111,0.02762,0.05,nc,nc73903016,2023-06-19T23:20:14.671Z,"2km E of Pacifica, CA",earthquake,0.39,0.49,0.303,15,reviewed,nc,nc
2023-06-19T20:49:26.835Z,52.7295,-169.443,14.6,2,ml,,,,0.54,ak,ak0237thk86h,2023-06-23T23:50:16.671Z,"Fox Islands, Aleutian Islands, Alaska",earthquake,,1,,,reviewed,ak,ak
2023-06-19T20:40:59.660Z,34.0115,-116.3268333,10.98,0.96,ml,19,46,0.07791,0.17,ci,ci40489240,2023-06-20T15:20:08.375Z,"14km S of Joshua Tree, CA",earthquake,0.31,0.52,0.111,5,reviewed,ci,ci
2023-06-19T20:40:43.840Z,38.8175,-122.8226667,3.15,0.45,md,12,128,0.01001,0.05,nc,nc73903006,2023-06-20T00:02:17.930Z,"7km NW of The Geysers, CA",earthquake,0.72,1.11,0.111,11,reviewed,nc,nc
2023-06-19T20:34:15.170Z,37.6103333,-122.4611667,7.41,1.1,md,18,104,0.02892,0.07,nc,nc73903001,2023-06-20T02:04:12.699Z,"2km E of Pacifica, CA",earthquake,0.36,0.43,0.219,13,reviewed,nc,nc
2023-06-19T20:32:27.600Z,33.8218333,-117.004,13.91,1.17,ml,39,71,0.03307,0.19,ci,ci40489232,2023-06-20T21:28:52.469Z,"6km NW of San Jacinto, CA",earthquake,0.22,0.65,0.204,24,reviewed,ci,ci
2023-06-19T20:32:11.109Z,59.2059,-153.5272,107.4,2.3,ml,,,,0.58,ak,ak0237thgjq3,2023-06-26T17:51:37.040Z,"67 km SE of Pope-Vannoy Landing, Alaska",earthquake,,0.3,,,reviewed,ak,ak
2023-06-19T20:30:24.760Z,33.8425,-117.4933333,-0.51,1.53,ml,52,53,0.04737,0.27,ci,ci40489224,2023-06-20T21:19:43.424Z,"5km SSE of Home Gardens, CA",quarry blast,0.38,31.61,0.221,35,reviewed,ci,ci
2023-06-19T20:24:19.630Z,58.173,-155.3141,2.1,1.6,ml,,,,0.25,ak,ak0237theuqm,2023-06-23T23:50:16.489Z,"84 km NW of Karluk, Alaska",earthquake,,0.6,,,reviewed,ak,ak
2023-06-19T20:24:13.872Z,58.1919,-155.2644,2.4,1.5,ml,,,,0.31,ak,ak0237theuaj,2023-06-23T23:50:12.784Z,"84 km NW of Karluk, Alaska",earthquake,,0.3,,,reviewed,ak,ak
2023-06-19T20:22:56.523Z,59.6918,-152.1008,81.3,1.7,ml,,,,0.5,ak,ak0237thei50,2023-06-23T23:50:12.502Z,"17 km WSW of Anchor Point, Alaska",earthquake,,0.4,,,reviewed,ak,ak
2023-06-19T20:18:50.630Z,58.1939,-155.2374,5.2,1.1,ml,,,,0.52,ak,ak0237thdmv5,2023-06-23T23:50:12.299Z,"83 km NW of Karluk, Alaska",earthquake,,0.2,,,reviewed,ak,ak
2023-06-19T20:13:34.963Z,58.1894,-155.2367,6,1.5,ml,,,,0.42,ak,ak0237thcj18,2023-06-23T23:50:12.100Z,"83 km NW of Karluk, Alaska",earthquake,,0.1,,,reviewed,ak,ak
2023-06-19T20:09:44.060Z,19.2679996490479,-155.38916015625,29.4200000762939,2.07,ml,43,127,,0.109999999,hv,hv73455617,2023-06-19T20:15:14.740Z,"11 km NE of Pāhala, Hawaii",earthquake,0.57,0.610000014,0.27,3,automatic,hv,hv
2023-06-19T19:55:05.351Z,59.1025,-152.1722,77.9,1.6,ml,,,,0.62,ak,ak0237th018p,2023-06-23T23:50:16.266Z,"31 km SSW of Nanwalek, Alaska",earthquake,,0.5,,,reviewed,ak,ak
2023-06-19T19:54:14.619Z,40.6344,-119.3406,15.3,1.3,ml,5,230.8,0.552,0.2076,nn,nn00861432,2023-06-19T21:11:23.258Z,"2 km SSE of Gerlach, Nevada",earthquake,,1.9,0.31,4,reviewed,nn,nn
2023-06-19T19:44:33.707Z,51.1917,-174.9688,35,3.7,mb,24,235,0.995,0.89,us,us7000ka82,2023-06-26T17:46:25.040Z,"123 km SSW of Atka, Alaska",earthquake,2.76,2.016,0.177,8,reviewed,us,us
2023-06-19T19:41:03.350Z,37.073,-117.4433333,4.49,0.11,ml,2,337,0.3407,0.01,ci,ci40489184,2023-06-21T22:41:57.930Z,"58km NNW of Stovepipe Wells, CA",earthquake,0.68,31.61,0.592,2,reviewed,ci,ci
2023-06-19T19:36:01.696Z,51.2056,-174.9942,16,2.1,ml,,,,0.45,ak,ak0237tgvycr,2023-06-23T23:50:16.078Z,"123 km SSW of Atka, Alaska",earthquake,,1.9,,,reviewed,ak,ak
2023-06-19T19:17:58.139Z,39.6715,-119.4624,12.4,1.5,ml,8,133.78,0.071,0.2193,nn,nn00861431,2023-06-19T21:05:10.050Z,"15 km WNW of Wadsworth, Nevada",earthquake,,2.6,0.14,7,reviewed,nn,nn
2023-06-19T19:04:03.950Z,46.898666666666664,-121.986,10.12,0.42,ml,24,135,0.02887,0.09,uw,uw61934471,2023-06-19T19:53:59.480Z,"15 km NNE of Ashford, Washington",earthquake,0.44,0.31,0.13022418843211664,13,reviewed,uw,uw
2023-06-19T18:57:28.820Z,33.6343333,-116.6933333,16.67,0.72,ml,27,61,0.03813,0.09,ci,ci40489128,2023-06-20T21:04:17.818Z,"9km NNW of Anza, CA",earthquake,0.2,0.29,0.153,20,reviewed,ci,ci
2023-06-19T18:55:52.305Z,60.7212,-152.0176,87.5,1.4,ml,,,,0.71,ak,ak0237tgep90,2023-06-23T23:50:15.852Z,"39 km W of Nikiski, Alaska",earthquake,,0.5,,,reviewed,ak,ak
2023-06-19T18:54:25.220Z,36.7661666666667,-89.4788333333333,11.31,2.06,md,30,69,0.03187,0.06,nm,nm60530241,2023-06-20T12:53:24.165Z,"8 km W of East Prairie, Missouri",earthquake,0.24,0.41,0.114758111747771,20,reviewed,nm,nm
2023-06-19T18:46:20.380Z,37.6256667,-122.4861667,7.75,2.44,md,100,82,0.01461,0.06,nc,nc73902991,2023-06-21T06:04:01.133Z,"1km N of Pacifica, CA",earthquake,0.11,0.15,0.131,79,reviewed,nc,nc
2023-06-19T18:34:41.360Z,58.2548333333333,-155.118333333333,4.75,0.03,ml,9,90,,0.28,av,av91930746,2023-06-20T22:46:14.690Z,"85 km NNW of Karluk, Alaska",earthquake,0.57,0.9,0.202344358171939,9,reviewed,av,av
2023-06-19T18:33:24.157Z,69.5554,-144.2691,3.7,1.8,ml,,,,0.6,ak,ak0237tg9xda,2023-06-21T22:43:02.774Z,"68 km SSW of Kaktovik, Alaska",earthquake,,0.6,,,reviewed,ak,ak
2023-06-19T18:32:27.080Z,45.4995,-111.650833333333,3.18,1.24,ml,5,219,0.09861,0.06,mb,mb90019008,2023-06-19T20:42:24.360Z,"17 km NNE of Ennis, Montana",earthquake,1.55,1.35,0.386763811846621,2,reviewed,mb,mb
2023-06-19T18:31:31.312Z,37.9341,36.5667,10,4.4,mb,79,39,0.395,0.87,us,us7000k9nd,2023-06-26T17:38:02.040Z,"",earthquake,4.88,1.871,0.072,55,reviewed,us,us
2023-06-19T18:31:12.767Z,63.5286,-150.8166,5.9,1,ml,,,,0.89,ak,ak0237tg9gyx,2023-06-23T23:50:11.681Z,"45 km E of Denali National Park, Alaska",earthquake,,0.2,,,reviewed,ak,ak
2023-06-19T18:30:28.720Z,58.1856666666667,-155.3325,1.68,0.01,ml,7,200,,0.09,av,av91930736,2023-06-20T22:43:16.300Z,"86 km NW of Karluk, Alaska",earthquake,0.4,0.73,0.276745815396473,7,reviewed,av,av
2023-06-19T18:29:40.320Z,37.2838333,-121.6551667,5.4,0.98,md,15,69,0.02864,0.07,nc,nc73902986,2023-06-22T23:27:15.938Z,"16km E of Seven Trees, CA",earthquake,0.23,0.48,0.084,14,reviewed,nc,nc
2023-06-19T18:24:49.349Z,62.2843,-149.1992,43.6,1,ml,,,,0.59,ak,ak0237tg81tr,2023-06-23T23:50:15.649Z,"36 km ENE of Susitna North, Alaska",earthquake,,0.8,,,reviewed,ak,ak
2023-06-19T18:24:28.200Z,37.0548333,-121.4966667,6.79,1.31,md,29,42,0.03087,0.13,nc,nc73902981,2023-06-23T01:06:14.615Z,"8km NE of Gilroy, CA",earthquake,0.28,0.7,0.18,23,reviewed,nc,nc
2023-06-19T18:23:07.280Z,46.224,-119.60083333333333,6.8,0.61,ml,10,209,0.06079,0.05,uw,uw61934456,2023-06-20T18:34:03.900Z,"9 km WSW of Benton City, Washington",earthquake,0.48,0.21,0.07177871065069408,7,reviewed,uw,uw
2023-06-19T18:16:07.250Z,35.1735,-119.083,25.19,1.93,ml,43,50,0.1146,0.24,ci,ci40489048,2023-06-20T20:57:43.720Z,"18km WSW of Lamont, CA",earthquake,0.25,0.75,0.152,27,reviewed,ci,ci
2023-06-19T18:15:04.920Z,38.8355,-122.7943333,2.34,0.35,md,15,54,0.00426,0.02,nc,nc73902976,2023-06-19T23:43:59.421Z,"6km WNW of Cobb, CA",earthquake,0.27,0.45,0.116,13,reviewed,nc,nc
2023-06-19T18:04:36.010Z,45.3048333333333,-112.023333333333,-2,1.05,ml,6,180,0.07252,0.15,mb,mb90019003,2023-06-19T20:37:49.050Z,"6 km WNW of Virginia City, Montana",quarry blast,1.39,31.61,0.177534126619622,3,reviewed,mb,mb
2023-06-19T18:03:14.961Z,32.28607178,-101.7805593,7.996704102,2.1,ml,20,49,0.02310800142,0.1,tx,tx2023lydt,2023-06-23T15:16:47.418Z,"17 km N of Stanton, Texas",earthquake,0.9593458148000001,0.8092256103999999,0.1,24,reviewed,tx,tx
2023-06-19T18:02:17.630Z,46.79483333333334,-121.98033333333333,6.01,0.27,ml,14,233,0.04532,0.09,uw,uw61934451,2023-06-20T05:24:18.610Z,"5 km NE of Ashford, Washington",earthquake,0.39,0.57,0.05300063842413616,4,reviewed,uw,uw
2023-06-19T17:59:00.890Z,33.7391667,-116.8601667,10.68,1.53,ml,53,31,0.07426,0.18,ci,ci40489032,2023-06-20T00:24:40.710Z,"3km ESE of Valle Vista, CA",earthquake,0.21,0.32,0.183,25,reviewed,ci,ci
2023-06-19T17:49:26.080Z,31.67315405,-104.1954427,6.388647461,2.8,ml,32,58,0.0592327243,0.2,tx,tx2023lydg,2023-06-26T17:14:24.040Z,"55 km NW of Toyah, Texas",earthquake,0.857117077,1.086137963,0.1,17,reviewed,tx,tx
2023-06-19T17:48:41.260Z,19.2374992370605,-155.401840209961,31.3500003814697,1.82000005,md,33,153,,0.100000001,hv,hv73455552,2023-06-19T17:50:24.260Z,"8 km ENE of Pāhala, Hawaii",earthquake,0.64,0.730000019,0.910000026,3,automatic,hv,hv
2023-06-19T17:45:45.369Z,46.2188,153.0898,22.43,4.9,mb,136,135,7.157,0.58,us,us7000k9n3,2023-06-19T18:18:36.040Z,"",earthquake,7.75,5.506,0.038,218,reviewed,us,us
2023-06-19T17:43:15.590Z,33.0601667,-115.0033333,-0.2,1.44,ml,16,63,0.09023,0.25,ci,ci40489016,2023-06-20T20:48:22.985Z,"45km NE of Holtville, CA",quarry blast,0.51,31.61,0.081,6,reviewed,ci,ci
2023-06-19T17:41:25.250Z,40.3783333,-124.3725,28.45,2.32,md,22,210,0.08782,0.12,nc,nc73902961,2023-06-19T23:36:14.764Z,"10km NW of Petrolia, CA",earthquake,0.62,0.48,0.466,29,reviewed,nc,nc
2023-06-19T17:39:46.967Z,58.1876,-155.3711,3.5,1.1,ml,,,,0.53,ak,ak0237tfpttk,2023-06-21T22:43:02.346Z,"87 km NW of Karluk, Alaska",earthquake,,0.3,,,reviewed,ak,ak
2023-06-19T17:38:44.867Z,58.3683,-133.5605,0,1.6,ml,,,,0.77,ak,ak0237tfplwm,2023-06-21T22:43:06.978Z,"Southeastern Alaska",ice quake,,0,,,reviewed,ak,ak
2023-06-19T17:36:04.123Z,62.9819,-151.0082,114.7,1.6,ml,,,,0.64,ak,ak0237tfp3sw,2023-06-23T23:50:11.392Z,"55 km NNW of Petersville, Alaska",earthquake,,0.4,,,reviewed,ak,ak
2023-06-19T17:34:20.020Z,38.821,-122.8021667,2.87,0.46,md,19,75,0.006624,0.03,nc,nc73902951,2023-06-23T03:34:16.443Z,"6km NW of The Geysers, CA",earthquake,0.3,0.59,0.162,18,reviewed,nc,nc
2023-06-19T17:29:01.660Z,38.9788333,-111.371,-1.64,1.6,ml,5,189,0.02089,0.04,uu,uu60542771,2023-06-20T18:20:31.780Z,"12 km WNW of Emery, Utah",earthquake,1.17,1.02,0.484,3,reviewed,uu,uu
2023-06-19T17:26:08.360Z,17.9566666666667,-66.7506666666667,10.07,2.29,md,8,221,0.07403,0.12,pr,pr71414018,2023-06-19T17:56:57.580Z,"",earthquake,1.09,0.97,0.196528128206095,6,reviewed,pr,pr
2023-06-19T17:22:21.614Z,59.8819,-151.8495,56.3,1.4,ml,,,,0.61,ak,ak0237tflz8q,2023-06-23T23:50:11.169Z,"9 km SW of Happy Valley, Alaska",earthquake,,0.3,,,reviewed,ak,ak
2023-06-19T17:17:47.343Z,62.5881,-148.9023,54.8,1.5,ml,,,,0.76,ak,ak0237tfl43b,2023-06-23T23:50:10.907Z,"63 km ENE of Chase, Alaska",earthquake,,0.3,,,reviewed,ak,ak
2023-06-19T17:11:41.584Z,61.2213,-150.3059,50.8,1,ml,,,,0.61,ak,ak0237tfjt9f,2023-06-23T23:50:10.708Z,"21 km W of Anchorage, Alaska",earthquake,,0.6,,,reviewed,ak,ak
2023-06-19T17:09:29.166Z,60.6736,-150.3856,48.7,1.1,ml,,,,0.55,ak,ak0237tfjc3h,2023-06-23T23:50:10.510Z,"25 km NE of Sterling, Alaska",earthquake,,0.1,,,reviewed,ak,ak
2023-06-19T17:04:42.430Z,37.5651667,-118.931,8.22,0.62,md,9,257,0.0485,0.01,nc,nc73902946,2023-06-19T20:32:16.627Z,"9km SSE of Mammoth Lakes, CA",earthquake,1.7,1.99,0.034,7,reviewed,nc,nc
2023-06-19T16:55:54.766Z,58.3596,-153.5358,70.6,1.7,ml,,,,0.52,ak,ak0237tf7u8b,2023-06-23T23:50:10.284Z,"49 km NW of Aleneva, Alaska",earthquake,,0.6,,,reviewed,ak,ak
2023-06-19T16:51:18.350Z,38.434,-122.2305,6.3,1.44,md,20,62,0.01829,0.15,nc,nc73902941,2023-06-20T00:31:14.127Z,"12km ENE of Yountville, CA",earthquake,0.35,0.45,0.152,16,reviewed,nc,nc
2023-06-19T16:45:49.431Z,-4.4758,144.762,10.358,4.7,mb,27,105,4.495,0.57,us,us7000k9ms,2023-06-19T17:55:44.040Z,"89 km ESE of Angoram, Papua New Guinea",earthquake,7.12,4.681,0.108,26,reviewed,us,us
2023-06-19T16:43:01.070Z,33.174,-116.5278333,15.83,0.82,ml,41,91,0.1032,0.18,ci,ci40488976,2023-06-20T20:46:05.493Z,"13km NNE of Julian, CA",earthquake,0.24,0.5,0.14,16,reviewed,ci,ci
2023-06-19T16:38:51.742Z,58.3861,-133.6266,0,1.7,ml,,,,0.98,ak,ak0237tf46vy,2023-06-23T23:50:15.467Z,"47 km E of Juneau, Alaska",ice quake,,0,,,reviewed,ak,ak
2023-06-19T16:34:33.550Z,19.3985004425049,-155.253997802734,1.03999996185303,1.87,md,15,56,,0.189999998,hv,hv73455527,2023-06-19T16:41:12.100Z,"5 km SSW of Volcano, Hawaii",earthquake,0.27,0.310000002,1.05999994,11,automatic,hv,hv
2023-06-19T16:28:36.370Z,35.976,-117.8963333,4.89,0.66,ml,9,131,0.03204,0.06,ci,ci40488960,2023-06-21T22:07:11.671Z,"4km NNE of Little Lake, CA",earthquake,0.22,0.44,0.189,4,reviewed,ci,ci
2023-06-19T16:28:25.469Z,60.9336,-150.1624,55.4,1.7,ml,,,,0.5,ak,ak0237tf1zl8,2023-06-23T23:50:10.022Z,"28 km W of Hope, Alaska",earthquake,,0.5,,,reviewed,ak,ak
2023-06-19T16:26:36.337Z,59.5226,-151.875,69.2,1.3,ml,,,,0.34,ak,ak0237tf1l1u,2023-06-23T23:50:15.276Z,"13 km NW of Seldovia, Alaska",earthquake,,0.5,,,reviewed,ak,ak
2023-06-19T16:21:20.170Z,34.5913333,-118.9033333,1.68,1.53,ml,36,56,0.1123,0.18,ci,ci40488952,2023-06-20T20:38:29.410Z,"21km N of Fillmore, CA",earthquake,0.18,0.35,0.15,19,reviewed,ci,ci
2023-06-19T16:19:56.220Z,58.2526666666667,-154.940166666667,0.46,0.41,ml,12,149,,0.19,av,av91930636,2023-06-23T23:49:32.393Z,"81 km NNW of Karluk, Alaska",earthquake,0.46,1.21,0.343050431053259,12,reviewed,av,av
2023-06-19T16:17:50.415Z,5.4187,126.9618,11.36,4.6,mb,41,108,2.14,0.62,us,us7000k9mm,2023-06-21T14:26:35.040Z,"Mindanao, Philippines",earthquake,7.29,4.36,0.098,34,reviewed,us,us
2023-06-19T16:17:39.530Z,58.2491666666667,-155.087833333333,7.87,-0.34,ml,7,98,,0.23,av,av91930626,2023-06-20T20:23:51.430Z,"84 km NNW of Karluk, Alaska",earthquake,0.58,1.13,0.374356050890757,7,reviewed,av,av
2023-06-19T16:17:29.650Z,19.1700000762939,-155.491333007812,33.439998626709,2.42000008,md,48,143,,0.119999997,hv,hv73455502,2023-06-19T16:23:01.010Z,"3 km SSW of Pāhala, Hawaii",earthquake,0.52,0.660000026,0.899999976,32,automatic,hv,hv
2023-06-19T16:17:15.933Z,60.0575,-152.7972,89.2,1.2,ml,,,,0.45,ak,ak0237tezl5x,2023-06-23T23:50:09.834Z,"60 km W of Happy Valley, Alaska",earthquake,,0.5,,,reviewed,ak,ak
2023-06-19T16:14:11.813Z,-4.4593,144.7314,11.257,4.7,mb,57,122,4.461,0.54,us,us7000k9mj,2023-06-21T14:28:30.040Z,"85 km ESE of Angoram, Papua New Guinea",earthquake,10.05,4.374,0.063,83,reviewed,us,us
2023-06-19T16:12:31.590Z,19.2488327026367,-155.400329589844,31.1200008392334,1.99000001,md,39,149,,0.109999999,hv,hv73455497,2023-06-19T16:15:51.060Z,"9 km ENE of Pāhala, Hawaii",earthquake,0.58,0.660000026,0.810000002,15,automatic,hv,hv
2023-06-19T16:11:26.910Z,53.4153333333333,-168.2235,-1,0.29,ml,4,268,,0.15,av,av91930621,2023-06-20T20:20:39.460Z,"Fox Islands, Aleutian Islands, Alaska",earthquake,0.62,0.67,0.638069183744983,4,reviewed,av,av
2023-06-19T16:02:38.650Z,58.1683333333333,-155.3965,2.02,0.42,ml,8,222,,0.1,av,av91930616,2023-06-23T23:49:24.730Z,"87 km NW of Karluk, Alaska",earthquake,0.46,0.86,0.276920946360859,8,reviewed,av,av
2023-06-19T15:57:55.135Z,61.8083,-152.0066,111.5,1.3,ml,,,,0.55,ak,ak0237temu0u,2023-06-21T20:03:30.470Z,"37 km WSW of Skwentna, Alaska",earthquake,,0.4,,,reviewed,ak,ak
2023-06-19T15:55:51.590Z,33.336,-116.3593333,7.25,0.92,ml,29,147,0.01132,0.17,ci,ci40488920,2023-06-20T20:28:11.669Z,"9km N of Borrego Springs, CA",earthquake,0.27,0.38,0.123,22,reviewed,ci,ci
2023-06-19T15:55:11.005Z,59.0997,-150.4599,21,1.3,ml,,,,0.44,ak,ak0237temaoi,2023-06-21T20:03:30.294Z,"70 km SE of Halibut Cove, Alaska",earthquake,,2.1,,,reviewed,ak,ak
2023-06-19T15:50:30.900Z,35.972,-120.5293333,6.01,0.78,md,22,54,0.01466,0.08,nc,nc73902936,2023-06-22T21:25:14.201Z,"12km NW of Parkfield, CA",earthquake,0.31,0.26,0.083,8,reviewed,nc,nc
2023-06-19T15:44:05.130Z,44.678,-114.357666666667,6.67,1.58,ml,10,107,0.3729,0.31,mb,mb90019098,2023-06-20T15:07:02.370Z,"21 km NNW of Challis, Idaho",earthquake,1.27,2.99,0.208313140334772,11,reviewed,mb,mb
2023-06-19T15:36:49.856Z,58.1848,-155.3513,3.7,0.8,ml,,,,0.54,ak,ak0237teibox,2023-06-21T20:03:30.106Z,"86 km NW of Karluk, Alaska",earthquake,,0.3,,,reviewed,ak,ak
2023-06-19T15:33:01.930Z,58.348,-133.4657,0,2.1,ml,,,,0.68,ak,ak0237tehksx,2023-06-21T20:03:33.087Z,"56 km E of Juneau, Alaska",ice quake,,0,,,reviewed,ak,ak
2023-06-19T15:10:00.556Z,61.356,-149.6669,32.1,1,ml,,,,0.59,ak,ak0237teck1v,2023-06-21T20:03:29.916Z,"6 km NW of Eagle River, Alaska",earthquake,,0.5,,,reviewed,ak,ak
2023-06-19T15:04:29.311Z,61.1513,-152.1468,102.9,1.2,ml,,,,0.78,ak,ak0237tebf5f,2023-06-21T20:03:32.896Z,"55 km W of Tyonek, Alaska",earthquake,,0.9,,,reviewed,ak,ak
2023-06-19T15:03:44.779Z,68.0258,-148.47,7.3,2.6,ml,,,,0.57,ak,ak0237teb8pn,2023-06-21T20:03:29.665Z,"northern Alaska",earthquake,,0.1,,,reviewed,ak,ak
2023-06-19T15:00:03.599Z,63.3446,-145.4743,7.7,1.3,ml,,,,0.74,ak,ak0237teaiau,2023-06-21T20:03:29.456Z,"29 km NNE of Paxson, Alaska",earthquake,,0.2,,,reviewed,ak,ak
2023-06-19T14:57:34.733Z,59.796,-152.9743,108.2,1.5,ml,,,,0.4,ak,ak0237te1cwx,2023-06-21T20:03:32.701Z,"63 km E of Pedro Bay, Alaska",earthquake,,0.6,,,reviewed,ak,ak
2023-06-19T14:57:01.816Z,63.0007,-151.1518,120.1,1.1,ml,,,,0.4,ak,ak0237te1adh,2023-06-21T20:03:32.510Z,"59 km NNW of Petersville, Alaska",earthquake,,0.6,,,reviewed,ak,ak
2023-06-19T14:43:47.100Z,-4.4877,144.6986,12.663,4.9,mb,77,65,4.444,0.78,us,us7000k9l2,2023-06-21T15:13:09.040Z,"84 km SE of Angoram, Papua New Guinea",earthquake,8.77,4.209,0.057,103,reviewed,us,us
2023-06-19T14:42:57.180Z,34.2668333,-117.0193333,2.41,1.75,ml,52,27,0.08177,0.13,ci,ci40488880,2023-06-20T20:23:29.334Z,"10km WNW of Big Bear Lake, CA",earthquake,0.12,0.31,0.18,24,reviewed,ci,ci
2023-06-19T14:41:11.740Z,18.0595,-66.8501666666667,12.63,1.93,md,4,188,0.08843,0.21,pr,pr71414003,2023-06-19T14:59:01.820Z,"2 km N of Yauco, Puerto Rico",earthquake,5.38,5.6,0.220809257001785,3,reviewed,pr,pr
2023-06-19T14:33:43.250Z,60.0076666666667,-153.118833333333,2.53,-1.06,ml,4,183,,0.31,av,av91930576,2023-06-21T19:33:53.740Z,"Southern Alaska",earthquake,1.3,3.05,0.112451842968962,4,reviewed,av,av
2023-06-19T14:30:54.769Z,65.8443,-156.3577,14.3,1.2,ml,,,,0.67,ak,ak0237tdvm4k,2023-06-21T20:03:32.331Z,"16 km N of Huslia, Alaska",earthquake,,1.2,,,reviewed,ak,ak
2023-06-19T14:19:55.720Z,46.226,-119.60416666666667,6.82,0.9,ml,12,205,0.05895,0.07,uw,uw61934446,2023-06-20T19:57:54.230Z,"9 km WSW of Benton City, Washington",earthquake,0.52,0.19,0.06680862197857851,8,reviewed,uw,uw
2023-06-19T14:19:43.075Z,60.3945,-140.3941,7.8,0.9,ml,,,,1.19,ak,ak0237tdt8d5,2023-06-21T20:03:29.260Z,"101 km NNW of Yakutat, Alaska",earthquake,,0.8,,,reviewed,ak,ak
2023-06-19T14:19:28.750Z,17.9551666666667,-66.8398333333333,11.15,2.35,md,7,207,0.04242,0.13,pr,pr71414013,2023-06-19T15:03:29.660Z,"4 km SSW of Indios, Puerto Rico",earthquake,0.52,0.7,0.029567709068135,4,reviewed,pr,pr
2023-06-19T14:19:00.770Z,52.5648,-168.8205,50.8,2.2,ml,,,,0.68,ak,ak0237tdt531,2023-06-21T20:03:32.149Z,"41 km S of Nikolski, Alaska",earthquake,,3.2,,,reviewed,ak,ak
2023-06-19T14:18:56.000Z,37.3017,-104.4473,4.887,4.3,mb,56,39,0.165,0.85,us,us7000k9kq,2023-06-21T19:31:38.329Z,"6 km WNW of Hoehne, Colorado",earthquake,2.39,3.734,0.113,22,reviewed,us,us
2023-06-19T14:18:09.390Z,46.228,153.1034,10,4.8,mb,144,135,7.165,0.57,us,us7000k9ks,2023-06-21T15:08:37.040Z,"",earthquake,9.24,1.881,0.041,180,reviewed,us,us
2023-06-19T14:17:56.093Z,60.0922,-149.7825,44.3,1,ml,,,,0.25,ak,ak0237tdstx5,2023-06-21T20:03:31.970Z,"18 km W of Seward, Alaska",earthquake,,0.8,,,reviewed,ak,ak
2023-06-19T14:16:59.820Z,35.48066667,-98.03733333,5.39,1.49,ml,26,69,0.05668887571,0.69,ok,ok2023lxwh,2023-06-22T17:05:41.944Z,"9 km SW of El Reno, Oklahoma",earthquake,,2.2,0.17,10,reviewed,ok,ok
2023-06-19T14:16:33.620Z,34.0388333,-116.8396667,20.2,0.94,ml,21,140,0.09674,0.12,ci,ci40488856,2023-06-20T19:56:27.139Z,"13km NNE of Banning, CA",earthquake,0.24,0.6,0.129,17,reviewed,ci,ci
2023-06-19T14:15:39.870Z,37.935,-118.6025,5.45,1.46,md,14,135,0.2715,0.12,nc,nc73902921,2023-06-19T17:12:12.387Z,"42km S of Qualeys Camp, NV",earthquake,0.53,9.81,0.15,12,reviewed,nc,nc
2023-06-19T14:13:07.071Z,37.2796,-104.4845,7.478,3.6,ml,51,52,0.152,0.58,us,us7000k9kp,2023-06-21T14:53:07.300Z,"6 km NNW of El Moro, Colorado",earthquake,3.04,5.77,0.048,104,reviewed,us,us
2023-06-19T14:12:34.837Z,59.937,-149.866,10.3,1.1,ml,,,,0.44,ak,ak0237tdrpq8,2023-06-21T20:03:29.076Z,"28 km WSW of Lowell Point, Alaska",earthquake,,0.3,,,reviewed,ak,ak
2023-06-19T14:05:25.440Z,38.8211667,-122.8015,2.59,1.6,md,42,31,0.007057,0.05,nc,nc73902916,2023-06-23T00:09:16.226Z,"6km NW of The Geysers, CA",earthquake,0.14,0.25,0.167,38,reviewed,nc,nc
2023-06-19T14:01:23.562Z,58.3685,-133.5753,0,2.4,ml,,,,0.81,ak,ak0237tdpbyc,2023-06-21T20:03:31.791Z,"50 km E of Juneau, Alaska",ice quake,,0,,,reviewed,ak,ak
2023-06-19T13:57:58.550Z,46.85316666666667,-121.7515,1.22,0.87,ml,13,74,0.02166,0.05,uw,uw61934441,2023-06-19T16:04:11.390Z,"23 km ENE of Ashford, Washington",earthquake,0.22,0.45,0.28058920979552193,8,reviewed,uw,uw
2023-06-19T13:57:42.512Z,31.67464362,-104.4150906,5.977319336,2.2,ml,16,65,0.01081705335,0.1,tx,tx2023lxvr,2023-06-23T10:49:49.237Z,"55 km S of Whites City, New Mexico",earthquake,0.716269311,0.7061232572,0.1,21,reviewed,tx,tx
2023-06-19T13:53:52.760Z,33.232,-116.787,10.73,0.34,ml,18,52,0.024,0.11,ci,ci40488824,2023-06-20T19:52:59.119Z,"2km WSW of Lake Henshaw, CA",earthquake,0.23,0.43,0.129,6,reviewed,ci,ci
2023-06-19T13:50:37.010Z,37.5905,-118.8411667,-0.69,0.8,md,8,221,0.00959,0.05,nc,nc73902911,2023-06-19T20:21:17.564Z,"13km ESE of Mammoth Lakes, CA",earthquake,0.71,0.38,0.32,8,reviewed,nc,nc
2023-06-19T13:47:47.700Z,38.8365,-122.7688333,2.32,0.06,md,10,132,0.006079,0.03,nc,nc73902906,2023-06-20T00:08:13.975Z,"4km WNW of Cobb, CA",earthquake,0.67,0.34,0.249,9,reviewed,nc,nc
2023-06-19T13:46:23.965Z,51.1841,-174.9395,24.7,2.9,ml,,,,0.37,ak,ak0237tddjfy,2023-06-21T20:03:28.885Z,"123 km SSW of Atka, Alaska",earthquake,,3.2,,,reviewed,ak,ak
2023-06-19T13:38:52.930Z,53.6045,-163.3254,20.1,2.6,ml,,,,0.55,ak,ak0237tdbw3x,2023-06-21T20:03:31.606Z,"139 km S of False Pass, Alaska",earthquake,,9.4,,,reviewed,ak,ak
2023-06-19T13:36:10.669Z,51.1885,-174.9415,21.3,3.4,ml,,,,0.47,ak,ak0237tdbdjo,2023-06-21T20:03:28.691Z,"123 km SSW of Atka, Alaska",earthquake,,2.6,,,reviewed,ak,ak
2023-06-19T13:32:25.776Z,57.1085,-135.704,6.6,1.5,ml,,,,0.37,ak,ak0237tdajpt,2023-06-21T20:03:31.417Z,"23 km WNW of Sitka, Alaska",earthquake,,0.4,,,reviewed,ak,ak
2023-06-19T13:31:41.804Z,62.961,-151.1867,124.8,1.2,ml,,,,0.47,ak,ak0237tdad3r,2023-06-21T20:03:28.488Z,"56 km NNW of Petersville, Alaska",earthquake,,0.7,,,reviewed,ak,ak
2023-06-19T13:22:49.020Z,33.03,-116.4363333,9.22,0.98,ml,30,66,0.06192,0.16,ci,ci40488792,2023-06-20T15:10:01.036Z,"16km ESE of Julian, CA",earthquake,0.22,0.56,0.199,7,reviewed,ci,ci
2023-06-19T13:16:06.630Z,52.0443333333333,-176.136333333333,-1.8,-0.35,ml,4,121,,0.3,av,av91108098,2023-06-20T23:45:56.790Z,"39 km ENE of Adak, Alaska",earthquake,1.17,1.83,0.27885821979978,4,reviewed,av,av
2023-06-19T13:12:09.956Z,67.6268,-162.3462,8.6,1.6,ml,,,,0.73,ak,ak0237td686b,2023-06-21T20:03:31.228Z,"27 km ENE of Noatak, Alaska",earthquake,,1.6,,,reviewed,ak,ak
2023-06-19T13:08:29.756Z,60.0326,-152.9833,106.8,1.7,ml,,,,0.56,ak,ak0237td5f09,2023-06-21T20:03:28.252Z,"68 km ENE of Pedro Bay, Alaska",earthquake,,0.4,,,reviewed,ak,ak
2023-06-19T13:06:16.660Z,52.0875,-176.129666666667,-1.75,-0.38,ml,4,215,,0.29,av,av91108093,2023-06-20T19:25:25.930Z,"42 km NE of Adak, Alaska",earthquake,1.01,1.26,0.201135148233811,4,reviewed,av,av
2023-06-19T13:05:54.629Z,61.6919,-146.9326,19.3,1,ml,,,,0.55,ak,ak0237td4tkw,2023-06-21T20:03:28.047Z,"30 km SSE of Eureka Roadhouse, Alaska",earthquake,,0.6,,,reviewed,ak,ak
2023-06-19T13:04:51.690Z,37.4246667,-118.5628333,12.17,1.58,md,13,102,0.07138,0.04,nc,nc73902901,2023-06-19T20:07:13.483Z,"3km ENE of Round Valley, CA",earthquake,0.32,0.96,0.308,15,reviewed,nc,nc
2023-06-19T13:01:31.230Z,38.8336678,-122.805336,2.19,0.69,md,11,67,0.0109,0.02,nc,nc73902896,2023-06-19T15:03:13.617Z,"7km W of Cobb, CA",earthquake,0.37,0.96,0.08,12,automatic,nc,nc
2023-06-19T12:59:44.684Z,58.1933,-155.2551,3,1.4,ml,,,,0.35,ak,ak0237tcuxvn,2023-06-21T20:03:27.856Z,"84 km NW of Karluk, Alaska",earthquake,,0.4,,,reviewed,ak,ak
2023-06-19T12:59:38.070Z,19.6428,-65.7015,71,3.71,md,9,277,1.3995,0.32,pr,pr2023170001,2023-06-23T13:04:55.040Z,"135 km N of Suárez, Puerto Rico",earthquake,4.95,12.75,0.05,4,reviewed,pr,pr
2023-06-19T12:53:29.576Z,63.755,-150.6071,11.7,0.7,ml,,,,0.73,ak,ak0237tctmha,2023-06-21T20:03:27.671Z,"60 km ENE of Denali National Park, Alaska",earthquake,,0.4,,,reviewed,ak,ak
2023-06-19T12:52:06.350Z,32.914,-116.3448333,8.98,0.79,ml,26,86,0.05343,0.14,ci,ci40488768,2023-06-20T19:47:14.570Z,"20km ENE of Pine Valley, CA",earthquake,0.24,0.49,0.129,7,reviewed,ci,ci
2023-06-19T12:36:49.450Z,37.5556667,-118.7675,6.67,0.86,md,11,165,0.01815,0.02,nc,nc73902891,2023-06-22T20:59:20.148Z,"8km W of Toms Place, CA",earthquake,0.63,0.96,0.084,8,reviewed,nc,nc
2023-06-19T12:34:23.731Z,62.691,-151.2197,88.7,1.2,ml,,,,0.63,ak,ak0237tcpjen,2023-06-21T20:03:27.460Z,"Central Alaska",earthquake,,0.5,,,reviewed,ak,ak
2023-06-19T12:31:58.020Z,38.8050003,-122.7923355,1.58,1.07,md,19,52,0.003763,0.02,nc,nc73902886,2023-06-19T14:35:14.441Z,"4km NW of The Geysers, CA",earthquake,0.2,0.39,0.16,21,automatic,nc,nc
2023-06-19T12:29:19.050Z,58.1831666666667,-155.286833333333,2.7,0.67,ml,8,233,,0.06,av,av91930501,2023-06-20T18:47:24.470Z,"84 km NW of Karluk, Alaska",earthquake,0.41,0.31,0.41302886637068,8,reviewed,av,av
2023-06-19T12:28:13.380Z,38.7936668,-122.7491684,1.7,0.99,md,11,146,0.01078,0.03,nc,nc73902881,2023-06-19T14:08:12.299Z,"2km NNE of The Geysers, CA",earthquake,0.44,0.72,0.26,10,automatic,nc,nc
2023-06-19T12:26:57.670Z,58.2523333333333,-155.095,31.94,0.13,ml,8,103,,0.12,av,av91108088,2023-06-20T18:56:07.580Z,"85 km NNW of Karluk, Alaska",earthquake,0.54,0.83,0.282016250011492,8,reviewed,av,av
2023-06-19T12:26:12.640Z,33.9868333,-117.2158333,12.64,0.55,ml,12,214,0.05319,0.22,ci,ci40488752,2023-06-20T19:43:25.812Z,"7km N of Moreno Valley, CA",earthquake,0.75,0.93,0.125,7,reviewed,ci,ci
2023-06-19T12:25:14.150Z,58.194,-155.3065,2.64,0.05,ml,5,190,,0.07,av,av91930491,2023-06-20T18:44:01.530Z,"86 km NW of Karluk, Alaska",earthquake,0.51,0.56,0.26503718856714,7,reviewed,av,av
2023-06-19T12:21:35.890Z,60.6667,-143.0523,13.9,0.9,ml,,,,0.66,ak,ak0237tcms0l,2023-06-21T20:03:31.039Z,"85 km S of McCarthy, Alaska",earthquake,,0.2,,,reviewed,ak,ak
2023-06-19T12:16:46.591Z,46.192,153.0962,10,4.4,mb,40,185,7.166,0.79,us,us7000k9k4,2023-06-19T13:42:26.040Z,"Kuril Islands",earthquake,10.88,1.947,0.1,29,reviewed,us,us
2023-06-19T12:05:54.981Z,62.9111,-149.0944,71.8,1.5,ml,,,,0.81,ak,ak0237tcje45,2023-06-21T20:03:27.199Z,"54 km S of Cantwell, Alaska",earthquake,,0.2,,,reviewed,ak,ak
2023-06-19T11:58:35.440Z,33.1563333,-116.0885,11.97,1.75,ml,76,30,0.06661,0.19,ci,ci40488728,2023-06-20T19:41:05.362Z,"4km ENE of Ocotillo Wells, CA",earthquake,0.15,0.44,0.175,33,reviewed,ci,ci
2023-06-19T11:46:02.494Z,62.6932,-149.7726,66.3,1.2,ml,,,,0.77,ak,ak0237tc6mso,2023-06-21T20:03:26.774Z,"32 km NNE of Chase, Alaska",earthquake,,0.4,,,reviewed,ak,ak
2023-06-19T11:45:03.520Z,63.1603,-150.834,130,1.3,ml,,,,0.43,ak,ak0237tc6f3h,2023-06-21T20:03:26.994Z,"61 km SE of Denali National Park, Alaska",earthquake,,0.6,,,reviewed,ak,ak
2023-06-19T11:41:30.309Z,35.1355,-97.54,6.99,1.67,ml,89,48,0.0638874631,0.34,ok,ok2023lxre,2023-06-21T14:10:58.188Z,"4 km NE of Cole, Oklahoma",earthquake,,0.5,0.21,38,reviewed,ok,ok
2023-06-19T11:41:04.497Z,61.0766,-152.3391,12.8,0.9,ml,,,,0.42,ak,ak0237tc5k94,2023-06-21T20:03:26.583Z,"64 km W of Tyonek, Alaska",earthquake,,0.1,,,reviewed,ak,ak
2023-06-19T11:39:13.360Z,38.8218346,-122.7978363,2.68,1.07,md,14,56,0.009686,0.03,nc,nc73902871,2023-06-19T13:41:17.115Z,"6km NW of The Geysers, CA",earthquake,0.34,0.72,0.14,16,automatic,nc,nc
2023-06-19T11:36:51.371Z,15.4915,96.226,10,4.8,mb,24,196,3.932,0.87,us,us7000k9jy,2023-06-19T13:55:43.040Z,"105 km SSE of Pyapon, Myanmar",earthquake,5.3,1.931,0.143,15,reviewed,us,us
2023-06-19T11:35:38.650Z,53.3875,-168.237,4,-0.09,ml,4,280,,0.22,av,av91108073,2023-06-20T18:00:47.500Z,"Fox Islands, Aleutian Islands, Alaska",earthquake,2.09,1.43,0.473788719135412,4,reviewed,av,av
2023-06-19T11:26:28.070Z,52.1145,-176.146666666667,2.4,0.03,ml,4,282,,0.23,av,av91108078,2023-06-20T18:17:29.040Z,"42 km NE of Adak, Alaska",earthquake,1.58,2.16,0.203169611773192,4,reviewed,av,av
2023-06-19T11:18:11.937Z,-4.4654,144.8717,21.184,5.9,mww,95,22,4.59,0.84,us,us7000k9jv,2023-06-20T18:15:52.040Z,"99 km ESE of Angoram, Papua New Guinea",earthquake,7.66,3.537,0.093,11,reviewed,us,us
2023-06-19T11:15:43.986Z,62.1205,-149.5041,47.9,1.9,ml,,,,0.55,ak,ak0237tc02pb,2023-06-21T20:03:26.309Z,"18 km ESE of Susitna North, Alaska",earthquake,,0.3,,,reviewed,ak,ak
2023-06-19T11:09:36.134Z,36.7641,-116.2571,8.6,0.1,ml,16,94.98,0.051,0.0942,nn,nn00861399,2023-06-19T18:36:29.808Z,"California-Nevada border region",earthquake,,1,0.29,5,reviewed,nn,nn
2023-06-19T11:07:50.660Z,36.3843333,-120.3745,8.82,1.74,md,27,87,0.05035,0.11,nc,nc73902866,2023-06-23T22:38:15.325Z,"14km SSW of Cantua Creek, CA",earthquake,0.32,0.6,0.295,21,reviewed,nc,nc
2023-06-19T11:07:22.520Z,38.7585,-122.7033333,1.61,0.98,md,27,77,0.01017,0.05,nc,nc73902861,2023-06-22T20:40:16.038Z,"2km SSW of Anderson Springs, CA",earthquake,0.23,0.25,0.208,22,reviewed,nc,nc
2023-06-19T11:05:01.820Z,38.8170013,-122.8160019,2.81,1.09,md,17,47,0.007887,0.06,nc,nc73902856,2023-06-19T12:19:12.654Z,"7km NW of The Geysers, CA",earthquake,0.32,0.81,0.15,16,automatic,nc,nc
2023-06-19T11:04:03.049Z,36.84383333,-97.7905,6.38,1.4,ml,70,74,0.05578905228,0.3,ok,ok2023lxpy,2023-06-22T16:54:11.174Z,"6 km NW of Medford, Oklahoma",earthquake,,0.7,0.23,31,reviewed,ok,ok
2023-06-19T10:58:24.300Z,38.8398333,-122.8751667,2.34,0.52,md,18,132,0.005114,0.02,nc,nc73902851,2023-06-19T22:15:14.294Z,"12km NW of The Geysers, CA",earthquake,0.24,0.42,0.187,16,reviewed,nc,nc
2023-06-19T10:56:42.660Z,36.0935,-117.8978333,5.66,0.89,ml,13,135,0.04229,0.09,ci,ci40488696,2023-06-20T19:10:28.807Z,"7km NE of Coso Junction, CA",earthquake,0.23,0.46,0.04,4,reviewed,ci,ci
2023-06-19T10:51:17.110Z,37.0531667,-121.5033333,7.54,2.44,md,84,28,0.03143,0.15,nc,nc73902846,2023-06-22T16:40:14.479Z,"8km NE of Gilroy, CA",earthquake,0.18,0.42,0.182,81,reviewed,nc,nc
2023-06-19T10:46:39.228Z,31.2029209,-103.4790905,0.4500976562,2.1,ml,17,42,0.1230066173,0.1,tx,tx2023lxpj,2023-06-22T10:49:08.700Z,"19 km SSE of Lindsay, Texas",earthquake,0.718732452,1.30501381,0.1,22,reviewed,tx,tx
2023-06-19T10:44:47.356Z,59.0079,-153.6875,10.9,1.1,ml,,,,0.53,ak,ak0237tbkvc6,2023-06-21T20:03:26.111Z,"Southern Alaska",earthquake,,0.3,,,reviewed,ak,ak
2023-06-19T10:29:00.790Z,33.57,-116.7175,15.47,0.06,ml,17,59,0.01716,0.11,ci,ci40488664,2023-06-20T19:06:08.772Z,"4km WNW of Anza, CA",earthquake,0.31,0.6,0.087,6,reviewed,ci,ci
2023-06-19T10:28:00.064Z,58.1888,-155.2798,9.7,1.2,ml,,,,0.5,ak,ak0237tbhc1y,2023-06-21T20:03:25.914Z,"84 km NW of Karluk, Alaska",earthquake,,0.1,,,reviewed,ak,ak
2023-06-19T10:21:13.860Z,38.7946667,-122.7305,1.3,1.71,md,46,45,0.01124,0.06,nc,nc73902841,2023-06-22T16:25:14.398Z,"3km NE of The Geysers, CA",earthquake,0.15,0.24,0.192,42,reviewed,nc,nc
2023-06-19T10:20:57.060Z,46.20466666666667,-122.33116666666666,10.39,1.04,ml,10,87,0.01645,0.1,uw,uw61934421,2023-06-19T15:59:25.000Z,"33 km NNE of Amboy, Washington",earthquake,0.41,0.74,0.12358314383436464,6,reviewed,uw,uw
2023-06-19T10:16:04.372Z,51.1563,-174.9434,10,2.5,ml,11,269,1.033,0.39,us,us7000ka71,2023-06-26T08:01:21.040Z,"Andreanof Islands, Aleutian Islands, Alaska",earthquake,3.48,2.02,0.128,8,reviewed,us,us
2023-06-19T10:15:40.201Z,38.6641,44.5055,10,4.2,mb,31,120,1.189,1.22,us,us7000k9jk,2023-06-19T13:32:10.040Z,"",earthquake,6.29,1.938,0.146,13,reviewed,us,us
2023-06-19T10:12:38.180Z,63.2749,-151.3215,10.3,0.9,ml,,,,0.84,ak,ak0237tbdzj0,2023-06-21T20:03:25.708Z,"35 km SE of Denali National Park, Alaska",earthquake,,0.2,,,reviewed,ak,ak
2023-06-19T10:11:50.010Z,33.1598333,-115.9731667,7.98,1.56,ml,49,59,0.01415,0.17,ci,ci40488656,2023-06-20T18:52:44.656Z,"15km E of Ocotillo Wells, CA",earthquake,0.18,0.37,0.131,24,reviewed,ci,ci
2023-06-19T10:05:56.840Z,19.1196670532227,-155.395660400391,30.1399993896484,1.83000004,md,40,185,,0.119999997,hv,hv73455287,2023-06-19T10:09:13.350Z,"12 km SE of Pāhala, Hawaii",earthquake,0.67,0.970000029,0.779999971,3,automatic,hv,hv
2023-06-19T09:58:45.730Z,17.9773333333333,-66.8388333333333,15.83,2.04,md,5,199,0.03854,0.15,pr,pr71413978,2023-06-19T10:51:17.910Z,"2 km SW of Indios, Puerto Rico",earthquake,0.88,0.89,0.066164236381854,5,reviewed,pr,pr
2023-06-19T09:54:50.338Z,63.3778,-150.2797,7.2,1,ml,,,,0.83,ak,ak0237tb1ky3,2023-06-21T20:03:25.502Z,"66 km W of Cantwell, Alaska",earthquake,,0.3,,,reviewed,ak,ak
2023-06-19T09:54:12.350Z,53.3913333333333,-168.215166666667,3.21,0.45,ml,5,262,,0.16,av,av91930396,2023-06-20T03:08:49.700Z,"66 km NE of Nikolski, Alaska",earthquake,0.86,1.55,0.425564115112931,5,reviewed,av,av
2023-06-19T09:46:05.590Z,53.3978333333333,-168.266666666667,-1,0.86,ml,5,292,,0.3,av,av91930391,2023-06-20T03:19:39.020Z,"64 km NE of Nikolski, Alaska",earthquake,0.96,2.16,0.328751733858078,5,reviewed,av,av
2023-06-19T09:41:03.680Z,35.12583333,-97.53216667,6.79,0.93,ml,40,55,0.05308958201,0.65,ok,ok2023lxne,2023-06-22T16:28:58.876Z,"4 km NE of Cole, Oklahoma",earthquake,,1.3,0.24,16,reviewed,ok,ok
2023-06-19T09:32:54.080Z,58.2495,-155.142,3.44,0.29,ml,11,100,,0.06,av,av91930386,2023-06-21T20:02:02.246Z,"86 km NNW of Karluk, Alaska",earthquake,0.21,0.38,0.257523090167939,11,reviewed,av,av
2023-06-19T09:25:39.890Z,58.2598333333333,-155.1575,4.72,-0.01,ml,8,97,,0.23,av,av91930371,2023-06-20T03:28:26.930Z,"87 km NNW of Karluk, Alaska",earthquake,0.61,0.7,0.263255392664827,9,reviewed,av,av
2023-06-19T09:21:21.056Z,61.5147,-149.8806,40.5,1.8,ml,,,,0.4,ak,ak0237taug0l,2023-06-21T20:03:25.245Z,"4 km E of Big Lake, Alaska",earthquake,,0.4,,,reviewed,ak,ak
2023-06-19T09:20:30.440Z,38.4855,-112.8435,0.07,-0.15,md,7,196,0.01015,0.06,uu,uu60542741,2023-06-20T17:50:35.950Z,"",earthquake,0.5,2.14,0.393,3,reviewed,uu,uu
2023-06-19T09:13:45.112Z,63.2623,-150.5125,117.2,1.2,ml,,,,0.51,ak,ak0237tass9y,2023-06-21T20:03:25.034Z,"68 km ESE of Denali National Park, Alaska",earthquake,,0.5,,,reviewed,ak,ak
2023-06-19T09:01:50.948Z,58.1669,-155.2985,4,0.8,ml,,,,0.17,ak,ak0237taq7lg,2023-06-21T20:03:24.847Z,"83 km NW of Karluk, Alaska",earthquake,,0.2,,,reviewed,ak,ak
2023-06-19T08:55:11.300Z,23.1208,-108.4155,10,5.2,mww,111,145,1.513,0.66,us,us7000k9ja,2023-06-20T02:23:44.986Z,"128 km E of La Playa, Mexico",earthquake,6.17,1.813,0.078,16,reviewed,us,us
2023-06-19T08:50:29.051Z,59.5985,-136.1904,11.9,1.2,ml,,,,0.5,ak,ak0237taf8u1,2023-06-21T20:03:30.673Z,"9 km NW of Mosquito Lake, Alaska",earthquake,,0.4,,,reviewed,ak,ak
2023-06-19T08:47:48.030Z,36.0346667,-120.5983333,3.16,0.06,md,13,114,0.03411,0.05,nc,nc73902826,2023-06-22T07:04:12.724Z,"21km NW of Parkfield, CA",earthquake,0.4,0.98,0.089,5,reviewed,nc,nc
2023-06-19T08:47:04.780Z,40.5791667,-124.1456667,18.97,1.72,md,25,50,0.08651,0.17,nc,nc73902831,2023-06-19T19:59:15.441Z,"2km SSE of Fortuna, CA",earthquake,0.35,0.56,0.235,18,reviewed,nc,nc
2023-06-19T08:37:36.260Z,58.2568333333333,-155.0625,4.15,0.08,ml,12,112,,0.23,av,av91930341,2023-06-20T02:53:30.050Z,"84 km NNW of Karluk, Alaska",earthquake,0.34,0.73,0.230881066139795,12,reviewed,av,av
2023-06-19T08:36:47.777Z,61.0411,-149.4534,35.3,1.4,ml,,,,0.55,ak,ak0237taca7e,2023-06-21T20:03:24.633Z,"17 km NE of Hope, Alaska",earthquake,,0.3,,,reviewed,ak,ak
2023-06-19T08:34:51.220Z,37.939,-118.622,12.18,2.23,md,34,73,0.2423,0.21,nc,nc73902821,2023-06-21T00:21:36.230Z,"42km SSW of Qualeys Camp, NV",earthquake,0.48,1.41,0.198,28,reviewed,nc,nc
2023-06-19T08:33:04.207Z,63.957,-148.8031,111.7,1.9,ml,,,,0.44,ak,ak0237tabjra,2023-06-21T20:03:24.350Z,"13 km NE of Healy, Alaska",earthquake,,0.3,,,reviewed,ak,ak
2023-06-19T08:24:58.129Z,31.67974496,-104.4754339,6.080151367,1.9,ml,18,68,0.02431350515,0.3,tx,tx2023lxkr,2023-06-26T16:51:32.645Z,"western Texas",earthquake,1.650714783,1.024679541,0.2,12,reviewed,tx,tx
2023-06-19T08:18:30.843Z,58.1938,-155.2472,6.5,1.6,ml,,,,0.54,ak,ak0237ta8e2a,2023-06-21T20:03:24.151Z,"83 km NW of Karluk, Alaska",earthquake,,0.2,,,reviewed,ak,ak
2023-06-19T08:16:06.110Z,58.1811666666667,-155.279666666667,2.88,-0.07,ml,5,232,,0.03,av,av91108058,2023-06-20T02:48:26.280Z,"83 km NW of Karluk, Alaska",earthquake,0.75,2.07,0.371992835601176,5,reviewed,av,av
2023-06-19T08:15:29.580Z,58.258,-155.078833333333,4.11,0.27,ml,12,105,,0.18,av,av91930326,2023-06-21T20:01:51.641Z,"85 km NNW of Karluk, Alaska",earthquake,0.35,0.56,0.244111421785078,13,reviewed,av,av
2023-06-19T08:03:17.885Z,-0.1732,125.1426,57.333,4.7,mb,50,78,2.414,0.51,us,us7000k9j3,2023-06-19T16:37:35.040Z,"104 km SE of Modisi, Indonesia",earthquake,8.22,8.081,0.078,49,reviewed,us,us
2023-06-19T08:01:59.280Z,46.2195,-119.59533333333333,7.15,0.44,ml,6,250,0.0639,0.04,uw,uw61934396,2023-06-19T15:45:00.970Z,"9 km WSW of Benton City, Washington",earthquake,1.28,0.39,0.11847224528767208,4,reviewed,uw,uw
2023-06-19T08:01:35.970Z,58.278,-154.937166666667,1.64,0,ml,11,146,,0.2,av,av91930316,2023-06-20T02:25:45.450Z,"83 km NNW of Karluk, Alaska",earthquake,0.4,0.78,0.236270650805491,11,reviewed,av,av
2023-06-19T07:54:37.620Z,58.257,-155.086833333333,3.96,0.27,ml,11,101,,0.1,av,av91930301,2023-06-23T17:26:10.691Z,"85 km NNW of Karluk, Alaska",earthquake,0.23,0.42,0.23134474438562,12,reviewed,av,av
2023-06-19T07:51:53.080Z,19.05,-67.7743,15,3.45,md,12,215,0.7281,0.39,pr,pr2023170000,2023-06-19T08:33:05.481Z,"84 km NE of Punta Cana, Dominican Republic",earthquake,2,4.53,0.04,6,reviewed,pr,pr
2023-06-19T07:51:17.320Z,56.181,-159.536833333333,9.5,-0.33,ml,4,208,,0.17,av,av91930296,2023-06-20T01:30:57.620Z,"31 km N of Ivanof Bay, Alaska",earthquake,0.66,0.95,0.204119301559381,4,reviewed,av,av
2023-06-19T07:48:56.740Z,46.223,-119.5975,7.04,0.96,ml,9,211,0.06289,0.06,uw,uw61934386,2023-06-19T15:41:09.790Z,"9 km WSW of Benton City, Washington",earthquake,0.66,0.25,0.10709983728793587,8,reviewed,uw,uw
2023-06-19T07:48:21.620Z,38.8221664,-122.809166,2.73,1.15,md,21,38,0.001417,0.06,nc,nc73902816,2023-06-19T10:27:15.057Z,"7km NW of The Geysers, CA",earthquake,0.25,0.67,0.17,19,automatic,nc,nc
2023-06-19T07:44:54.509Z,35.14616667,-97.7315,9.83,0.72,ml,16,130,0.08188393158,0.2,ok,ok2023lxjj,2023-06-22T16:06:13.302Z,"6 km W of Blanchard, Oklahoma",earthquake,,1.2,0.24,7,reviewed,ok,ok
2023-06-19T07:41:56.210Z,37.2403,-117.5353,10.2,0.9,ml,10,114.18,0.089,0.1445,nn,nn00861392,2023-06-19T18:33:19.602Z,"57 km S of Silver Peak, Nevada",earthquake,,1.7,0.53,7,reviewed,nn,nn
2023-06-19T07:39:59.550Z,17.9723333333333,-66.8346666666667,11.69,2.16,md,6,203,0.04253,0.1,pr,pr71413963,2023-06-19T08:04:44.910Z,"2 km SW of Indios, Puerto Rico",earthquake,0.67,0.43,0.0608908012609506,4,reviewed,pr,pr
2023-06-19T07:38:05.550Z,46.22516666666667,-119.60466666666667,7.48,1.21,ml,8,206,0.05842,0.08,uw,uw61934381,2023-06-19T15:37:54.840Z,"9 km WSW of Benton City, Washington",earthquake,0.71,0.27,0.050773688643650394,7,reviewed,uw,uw
2023-06-19T07:36:32.180Z,37.613,-122.476,8.79,1.15,md,20,132,0.02417,0.06,nc,nc73902811,2023-06-19T19:48:14.383Z,"1km E of Pacifica, CA",earthquake,0.23,0.28,0.268,12,reviewed,nc,nc
2023-06-19T07:33:03.990Z,19.3855,-155.280333333333,1.59,2.13,ml,23,66,,0.1,hv,hv73455177,2023-06-22T00:13:28.300Z,"7 km SW of Volcano, Hawaii",earthquake,0.22,0.15,0.226347862463288,11,reviewed,hv,hv
2023-06-19T07:19:54.683Z,64.4237,-163.6414,12.7,1.6,ml,,,,0.81,ak,ak0237t9n80c,2023-06-23T17:26:20.137Z,"northern Alaska",earthquake,,0.3,,,reviewed,ak,ak
2023-06-19T07:19:03.680Z,38.8316667,-122.8028333,2.23,1.44,md,43,45,0.01001,0.05,nc,nc73902806,2023-06-22T11:05:14.377Z,"7km W of Cobb, CA",earthquake,0.16,0.3,0.16,35,reviewed,nc,nc
2023-06-19T07:13:07.150Z,61.0676666666667,-152.327833333333,17.1,0.41,ml,7,302,,0.2,av,av91930291,2023-06-20T01:27:45.440Z,"64 km W of Tyonek, Alaska",earthquake,1.21,0.86,0.239322135602767,7,reviewed,av,av
2023-06-19T07:12:13.040Z,58.2408333333333,-155.1535,2.31,-0.13,ml,7,111,,0.06,av,av91930286,2023-06-20T01:24:39.100Z,"Alaska Peninsula",earthquake,0.22,0.41,0.157509525362042,8,reviewed,av,av
2023-06-19T07:08:29.108Z,58.9015,-137.3453,8.8,1.4,ml,,,,0.45,ak,ak0237t9kt2w,2023-06-23T17:26:19.959Z,"94 km SW of Covenant Life, Alaska",earthquake,,0.5,,,reviewed,ak,ak
2023-06-19T07:07:20.820Z,33.5398333,-116.7275,3.91,0.02,ml,15,129,0.02678,0.16,ci,ci40488600,2023-06-20T18:37:42.220Z,"5km WSW of Anza, CA",earthquake,0.39,0.53,0.141,6,reviewed,ci,ci
2023-06-19T07:05:43.100Z,33.706,-118.0416667,9.68,1.21,ml,30,94,0.09967,0.21,ci,ci40488608,2023-06-21T22:03:50.586Z,"4km WNW of Huntington Beach, CA",earthquake,0.42,0.87,0.137,31,reviewed,ci,ci
2023-06-19T07:01:45.580Z,38.8281667,-122.796,2.39,0.41,md,17,57,0.01114,0.02,nc,nc73902796,2023-06-22T07:22:13.850Z,"6km W of Cobb, CA",earthquake,0.27,0.62,0.2,17,reviewed,nc,nc
2023-06-19T07:01:30.875Z,59.2753,-154.7534,7.8,1,ml,,,,0.63,ak,ak0237t9jb9v,2023-06-22T20:55:11.157Z,"18 km S of Kokhanok, Alaska",earthquake,,0.2,,,reviewed,ak,ak
2023-06-19T06:59:03.960Z,46.20183333333333,-119.58183333333334,7.32,0.19,ml,6,269,0.07369,0.02,uw,uw61934376,2023-06-19T20:19:06.730Z,"",earthquake,0.99,0.36,0.0738950719972532,5,reviewed,uw,uw
2023-06-19T06:54:54.060Z,33.5475,-116.4018333,6.26,0.56,ml,21,72,0.07846,0.16,ci,ci40488584,2023-06-19T15:19:52.320Z,"15km SSW of La Quinta, CA",earthquake,0.26,0.86,0.26,12,reviewed,ci,ci
2023-06-19T06:49:28.230Z,58.1858333333333,-155.299166666667,3.09,0.06,ml,6,235,,0.15,av,av91930276,2023-06-20T00:17:44.930Z,"85 km NW of Karluk, Alaska",earthquake,1.04,2.4,0.24917157389998,6,reviewed,av,av
2023-06-19T06:49:11.580Z,35.498,-118.145,6.81,3.57,ml,61,32,0.03874,0.15,ci,ci40488576,2023-06-22T01:59:13.487Z,"32km ESE of Lake Isabella, CA",earthquake,0.12,0.38,0.159,111,reviewed,ci,ci
2023-06-19T06:49:03.718Z,59.9428,-152.3589,79.9,1.6,ml,,,,0.62,ak,ak0237t9805b,2023-06-22T20:55:10.892Z,"34 km WNW of Anchor Point, Alaska",earthquake,,0.2,,,reviewed,ak,ak
2023-06-19T06:48:09.836Z,31.60465765,-103.9733542,8.75378418,2.1,ml,17,62,0.04080400687,0.1,tx,tx2023lxhn,2023-06-22T22:52:15.466Z,"36 km NNW of Toyah, Texas",earthquake,0.7714150372,0.7461241651,0.2,12,reviewed,tx,tx
2023-06-19T06:45:46.865Z,57.0268,-157.431,102.6,1.7,ml,,,,0.48,ak,ak0237t97cf2,2023-06-22T20:55:12.763Z,"54 km S of Ugashik, Alaska",earthquake,,0.9,,,reviewed,ak,ak
2023-06-19T06:44:44.569Z,31.61112586,-103.9626238,6.902807617,2.3,ml,16,53,0.08144135433,0.1,tx,tx2023lxhj,2023-06-21T20:39:04.987Z,"35 km WSW of Mentone, Texas",earthquake,0.7122005983,1.757106815,0.2,6,reviewed,tx,tx
2023-06-19T06:36:14.206Z,31.61110897,-103.9680033,8.445288086,2.6,ml,15,55,0.04332696795,0.1,tx,tx2023lxhc,2023-06-23T14:14:56.040Z,"36 km WSW of Mentone, Texas",earthquake,0.6415540866,1.172739978,0.2,11,reviewed,tx,tx
2023-06-19T06:34:46.640Z,41.652,-111.803,-0.63,1.54,ml,16,44,0.0721,0.11,uu,uu60542726,2023-06-20T20:24:47.636Z,"3 km SE of Nibley, Utah",earthquake,0.27,2.84,0.107,4,reviewed,uu,uu
2023-06-19T06:33:27.840Z,34.2258333,-117.4151667,14.54,0.92,ml,35,75,0.04453,0.15,ci,ci40488560,2023-06-20T18:32:19.503Z,"1km WNW of Devore, CA",earthquake,0.21,0.26,0.093,19,reviewed,ci,ci
2023-06-19T06:31:09.570Z,19.2626667022705,-155.369659423828,31.6000003814697,2.25,ml,48,148,,0.129999995,hv,hv73455162,2023-06-19T06:36:46.020Z,"13 km ENE of Pāhala, Hawaii",earthquake,0.58,0.709999979,0.67,7,automatic,hv,hv
2023-06-19T06:30:42.050Z,47.4979,-70.1371,17.319,2.6,mb_lg,16,99,0.138,0.24,us,us7000kaam,2023-06-22T10:38:12.040Z,"16 km NNW of La Pocatière, Canada",earthquake,3.49,3.621,,,reviewed,us,ott
2023-06-19T06:22:43.020Z,58.2405,-155.119166666667,30.32,-0.03,ml,8,144,,0.26,av,av91108053,2023-06-20T02:37:51.890Z,"84 km NNW of Karluk, Alaska",earthquake,0.9,1.42,0.155240101411193,7,reviewed,av,av
2023-06-19T06:22:19.240Z,58.2468333333333,-155.134333333333,33.79,0,ml,11,99,,0.28,av,av91108048,2023-06-20T02:32:14.260Z,"85 km NNW of Karluk, Alaska",earthquake,0.85,1.29,0.252460512502179,10,reviewed,av,av
2023-06-19T06:20:12.598Z,37.6293,-115.1225,10,2.1,ml,19,114.05,0.23,0.2015,nn,nn00861386,2023-06-21T00:18:31.202Z,"9 km ENE of Hiko, Nevada",earthquake,,1.9,0.24,10,reviewed,nn,nn
2023-06-19T06:17:14.196Z,51.9476,177.6714,6.6,2.2,ml,,,,0.62,ak,ak0237t919tn,2023-06-23T17:26:19.780Z,"Rat Islands, Aleutian Islands, Alaska",earthquake,,1.6,,,reviewed,ak,ak
2023-06-19T06:09:02.524Z,51.8792,178.2742,118.569,3.1,ml,19,162,0.162,0.26,us,us7000kafv,2023-06-23T13:30:58.040Z,"Rat Islands, Aleutian Islands, Alaska",earthquake,12.76,5.859,0.091,16,reviewed,us,us
2023-06-19T06:07:48.469Z,62.1832,-150.0319,9.7,0.8,ml,,,,0.72,ak,ak0237t8z7at,2023-06-22T20:55:10.494Z,"9 km WNW of Susitna North, Alaska",earthquake,,0.4,,,reviewed,ak,ak
2023-06-19T06:07:18.369Z,64.937,-150.9166,15.4,0.8,ml,,,,0.82,ak,ak0237t8z50g,2023-06-22T20:55:10.095Z,"15 km WSW of Manley Hot Springs, Alaska",earthquake,,0.1,,,reviewed,ak,ak
2023-06-19T06:07:06.212Z,51.5134,-177.9017,32.6,1.9,ml,,,,0.4,ak,ak0237t8z4ht,2023-06-22T20:55:10.294Z,"96 km WSW of Adak, Alaska",earthquake,,0.7,,,reviewed,ak,ak
2023-06-19T05:58:14.473Z,64.2143,-142.1471,16.5,0.7,ml,,,,0.76,ak,ak0237t8omlg,2023-06-22T20:55:09.912Z,"18 km NNW of Chicken, Alaska",earthquake,,0.2,,,reviewed,ak,ak
2023-06-19T05:54:31.820Z,40.5928333,-124.3031667,18.71,1.93,md,22,205,0.08107,0.09,nc,nc73902776,2023-06-22T10:07:13.846Z,"4km WNW of Ferndale, CA",earthquake,0.76,0.4,0.093,12,reviewed,nc,nc
2023-06-19T05:52:08.940Z,34.0636667,-116.4651667,9.89,0.8,ml,25,101,0.06271,0.13,ci,ci40488552,2023-06-20T18:21:07.429Z,"6km SSW of Yucca Valley, CA",earthquake,0.24,0.49,0.127,18,reviewed,ci,ci
2023-06-19T05:47:11.040Z,48.23283333333333,-121.64683333333333,11.44,0.96,ml,8,83,0.03044,0.29,uw,uw61934371,2023-06-19T20:14:10.240Z,"",earthquake,0.78,1.35,0.06692928381674768,3,reviewed,uw,uw
2023-06-19T05:45:13.281Z,59.4923,-152.7776,74.4,1.7,ml,,,,0.69,ak,ak0237t8lu6g,2023-06-22T20:55:09.632Z,"50 km WNW of Nanwalek, Alaska",earthquake,,0.3,,,reviewed,ak,ak
2023-06-19T05:43:34.970Z,33.336,-116.1755,12.08,0.88,ml,39,50,0.1573,0.19,ci,ci40488544,2023-06-20T18:17:03.069Z,"16km SSW of Oasis, CA",earthquake,0.23,1.05,0.148,21,reviewed,ci,ci
2023-06-19T05:39:02.580Z,58.175,-155.323166666667,2.14,0.36,ml,9,206,,0.06,av,av91930231,2023-06-23T17:26:07.056Z,"84 km NW of Karluk, Alaska",earthquake,0.32,0.54,0.454698419082898,9,reviewed,av,av
2023-06-19T05:36:30.199Z,58.1594,-155.3434,3.2,1,ml,,,,0.62,ak,ak0237t8jy4x,2023-06-22T20:55:09.242Z,"84 km NW of Karluk, Alaska",earthquake,,0.2,,,reviewed,ak,ak
2023-06-19T05:35:03.013Z,69.6181,-145.308,8.4,1.5,ml,,,,0.45,ak,ak0237t8jo9p,2023-06-22T20:55:12.371Z,"86 km SW of Kaktovik, Alaska",earthquake,,0.7,,,reviewed,ak,ak
2023-06-19T05:33:02.000Z,48.22566666666667,-121.67316666666666,8.82,1.6,ml,18,58,0.04944,0.22,uw,uw61934366,2023-06-19T20:06:22.990Z,"6 km WSW of Darrington, Washington",earthquake,0.34,0.44,0.0827382106747594,13,reviewed,uw,uw
2023-06-19T05:32:36.730Z,37.1925,-121.5946667,4.14,0.6,md,10,60,0.03853,0.13,nc,nc73902766,2023-06-19T19:36:15.310Z,"9km NE of Morgan Hill, CA",earthquake,0.39,0.94,0.163,8,reviewed,nc,nc
2023-06-19T05:29:49.109Z,62.5913,-144.2674,3.9,1.5,ml,,,,0.79,ak,ak0237t8ihj6,2023-06-22T20:55:09.009Z,"19 km E of Chistochina, Alaska",earthquake,,0.2,,,reviewed,ak,ak
2023-06-19T05:24:18.970Z,52.0956666666667,-176.137833333333,-1.78,-0.2,ml,4,235,,0.26,av,av91108008,2023-06-19T20:08:45.830Z,"42 km NE of Adak, Alaska",earthquake,1.85,2.07,0.30756526358811,4,reviewed,av,av
2023-06-19T05:19:14.479Z,5.969,-82.7326,10,5.3,mww,62,88,3.311,1.2,us,us7000k9il,2023-06-19T05:36:11.040Z,"228 km S of Burica, Panama",earthquake,5.78,1.895,0.066,22,reviewed,us,us
2023-06-19T05:14:09.642Z,-27.8337,172.1091,10,5,mb,38,135,3.865,0.79,us,us7000k9ik,2023-06-19T06:13:52.974Z,"Norfolk Island, Australia region",earthquake,8.67,1.91,0.095,36,reviewed,us,us
2023-06-19T05:12:38.590Z,32.998,-116.3288333,10.49,1.54,ml,49,51,0.04828,0.2,ci,ci40488520,2023-06-20T13:18:04.430Z,"24km SW of Ocotillo Wells, CA",earthquake,0.24,0.52,0.165,27,reviewed,ci,ci
2023-06-19T05:07:00.630Z,33.0381667,-116.4326667,7.81,0.86,ml,22,54,0.06871,0.16,ci,ci40488512,2023-06-19T15:21:33.790Z,"16km ESE of Julian, CA",earthquake,0.24,0.9,0.265,10,reviewed,ci,ci
2023-06-19T05:02:49.100Z,35.72666667,-97.99983333,7.5,1.27,ml,77,48,0.1880630956,0.49,ok,ok2023lxea,2023-06-22T15:53:36.824Z,"2 km W of Okarche, Oklahoma",earthquake,,1.1,0.23,29,reviewed,ok,ok
2023-06-19T04:52:53.750Z,41.4388333,-111.7821667,9.38,1.05,md,16,114,0.1456,0.09,uu,uu60542706,2023-06-20T15:05:35.460Z,"10 km SSE of Avon, Utah",earthquake,0.35,0.75,0.062,10,reviewed,uu,uu
2023-06-19T04:52:11.280Z,58.2763333333333,-154.975666666667,2.08,0.97,ml,12,136,,0.1,av,av91930201,2023-06-23T17:26:03.189Z,"84 km NNW of Karluk, Alaska",earthquake,0.31,0.46,0.339738947481163,10,reviewed,av,av
2023-06-19T04:50:45.769Z,42.5016,142.8319,72.057,5,mb,96,100,0.543,0.64,us,us7000k9ic,2023-06-19T15:18:12.991Z,"Hokkaido, Japan region",earthquake,6.48,5.819,0.039,205,reviewed,us,us
2023-06-19T04:50:41.158Z,61.0993,-152.1851,96.9,1.2,ml,,,,0.51,ak,ak0237t81jcj,2023-06-22T20:55:12.153Z,"56 km W of Tyonek, Alaska",earthquake,,0.1,,,reviewed,ak,ak
2023-06-19T04:48:02.440Z,61.31,-152.2725,-2.3,-0.19,ml,5,264,,0.2,av,av91930196,2023-06-19T19:36:30.470Z,"66 km WNW of Beluga, Alaska",earthquake,1.64,4.22,0.345276449702794,5,reviewed,av,av
2023-06-19T04:46:31.950Z,38.8246667,-122.797,1.02,0.37,md,13,63,0.01029,0.02,nc,nc73902756,2023-06-19T22:03:16.226Z,"6km NNW of The Geysers, CA",earthquake,0.35,0.62,0.188,13,reviewed,nc,nc
2023-06-19T04:45:16.281Z,12.7188,-88.2273,74.809,4.3,mb,48,166,1.206,0.58,us,us7000k9ib,2023-06-19T13:34:04.370Z,"off the coast of Central America",earthquake,5.09,8.314,0.046,133,reviewed,us,us
2023-06-19T04:37:55.910Z,18.2251666666667,-66.4673333333333,45.61,2.25,md,10,112,0.1361,0.16,pr,pr71413943,2023-06-19T05:39:44.460Z,"8 km W of Orocovis, Puerto Rico",earthquake,0.83,0.97,0.0885977852048669,6,reviewed,pr,pr
2023-06-19T04:37:51.148Z,51.2434,-178.0698,48.799,3.6,mb,25,208,0.524,0.29,us,us7000kafu,2023-06-27T02:35:50.040Z,"121 km SW of Adak, Alaska",earthquake,4.36,8.241,0.189,7,reviewed,us,us
2023-06-19T04:24:57.840Z,58.1853333333333,-155.290833333333,1.94,0.12,ml,8,100,,0.12,av,av91930176,2023-06-19T19:48:00.830Z,"84 km NW of Karluk, Alaska",earthquake,0.47,0.82,0.373669715494372,7,reviewed,av,av
2023-06-19T04:19:12.026Z,64.4137,-147.4345,5.3,0.8,ml,,,,0.59,ak,ak0237t7utw8,2023-06-22T20:55:08.344Z,"28 km WSW of Salcha, Alaska",earthquake,,0.4,,,reviewed,ak,ak
2023-06-19T04:19:01.200Z,38.1689,73.5707,164.786,4.1,mb,26,144,1.903,0.48,us,us7000k9i7,2023-06-19T04:47:12.040Z,"34 km W of Murghob, Tajikistan",earthquake,7.41,6.174,0.146,13,reviewed,us,us
2023-06-19T04:18:34.768Z,31.65236115,-104.3024022,7.468383789,2.9,ml,16,68,0.03733317069,0.3,tx,tx2023lxco,2023-06-21T02:14:12.136Z,"58 km S of Whites City, New Mexico",earthquake,1.301413769,1.051227131,0.2,12,reviewed,tx,tx
2023-06-19T04:15:44.564Z,-15.6973,-74.5564,40.131,4.8,mb,61,137,4.304,0.87,us,us7000k9i2,2023-06-19T04:33:18.040Z,"23 km WNW of Atiquipa, Peru",earthquake,9.33,7.207,0.047,141,reviewed,us,us
2023-06-19T04:09:20.143Z,64.6438,-149.3415,18.1,0.6,ml,,,,0.76,ak,ak0237t7spdw,2023-06-22T20:55:08.138Z,"11 km WNW of Four Mile Road, Alaska",earthquake,,0.2,,,reviewed,ak,ak
2023-06-19T04:06:31.775Z,59.912,-152.9834,95.1,1.8,ml,,,,0.72,ak,ak0237t7s33a,2023-06-22T20:55:07.836Z,"64 km ENE of Pedro Bay, Alaska",earthquake,,0.3,,,reviewed,ak,ak
2023-06-19T04:02:09.320Z,36.218,-89.5986666666667,6.32,1.74,md,20,46,0.05428,0.06,nm,nm60530196,2023-06-20T13:03:57.280Z,"5 km ENE of Caruthersville, Missouri",earthquake,0.16,0.53,0.0463677095046883,16,reviewed,nm,nm
2023-06-19T03:58:13.387Z,62.9087,-150.8258,104.4,1.3,ml,,,,0.63,ak,ak0237t7hrbu,2023-06-22T20:55:11.944Z,"46 km N of Petersville, Alaska",earthquake,,0.4,,,reviewed,ak,ak
2023-06-19T03:54:48.390Z,33.999,-116.6428333,16.59,1.06,ml,37,68,0.03965,0.2,ci,ci40488504,2023-06-20T13:17:47.041Z,"8km SW of Morongo Valley, CA",earthquake,0.29,0.69,0.143,26,reviewed,ci,ci
2023-06-19T03:54:18.959Z,62.9691,-149.6727,13.9,1.7,ml,,,,0.64,ak,ak0237t7gwvk,2023-06-22T20:55:07.563Z,"59 km SW of Cantwell, Alaska",earthquake,,0.2,,,reviewed,ak,ak
2023-06-19T03:42:14.383Z,65.5918,-166.8386,24.4,2.3,ml,,,,0.74,ak,ak0237t7eby6,2023-06-22T20:55:11.757Z,"33 km NNW of Brevig Mission, Alaska",earthquake,,0.6,,,reviewed,ak,ak
2023-06-19T03:35:58.780Z,38.815,-122.8113333,3.11,0.52,md,11,113,0.00844,0.07,nc,nc73902751,2023-06-19T22:36:17.422Z,"6km NW of The Geysers, CA",earthquake,0.74,1.26,0.353,11,reviewed,nc,nc
2023-06-19T03:35:41.407Z,52.925,-166.9228,35,3.3,ml,13,227,0.769,0.27,us,us7000kaft,2023-06-27T02:22:25.040Z,"108 km SSW of Unalaska, Alaska",earthquake,4.19,2.011,0.115,10,reviewed,us,us
2023-06-19T03:35:15.720Z,33.6241667,-116.7818333,15.16,0.46,ml,26,85,0.03381,0.11,ci,ci40488496,2023-06-20T20:35:57.520Z,"13km NW of Anza, CA",earthquake,0.2,0.32,0.148,6,reviewed,ci,ci
2023-06-19T03:31:41.981Z,65.0111,-147.1023,0,0.8,ml,,,,0.41,ak,ak0237t7c16s,2023-06-23T17:26:19.151Z,"",explosion,,0,,,reviewed,ak,ak
2023-06-19T03:21:04.774Z,-44.3071,-81.7815,10,4.5,mb,35,156,7.069,0.58,us,us7000k9hw,2023-06-19T03:39:01.040Z,"",earthquake,7.7,1.937,0.111,24,reviewed,us,us
2023-06-19T03:07:56.247Z,63.4758,-145.9497,15,0.8,ml,,,,0.79,ak,ak0237t76x3k,2023-06-22T20:55:06.968Z,"46 km NNW of Paxson, Alaska",earthquake,,0.1,,,reviewed,ak,ak
2023-06-19T02:56:05.684Z,61.512,-149.9751,33.8,1.2,ml,,,,0.77,ak,ak0237t6vvmi,2023-06-22T20:55:06.749Z,"1 km SW of Big Lake, Alaska",earthquake,,0.8,,,reviewed,ak,ak
2023-06-19T02:44:25.698Z,31.66797732,-104.3041415,6.954223633,2,ml,23,58,0.03365054699,0.3,tx,tx2023lwzl,2023-06-26T16:16:09.719Z,"56 km S of Whites City, New Mexico",earthquake,0.9475756306,0.761391408,0.1,16,reviewed,tx,tx
2023-06-19T02:42:46.240Z,38.7799988,-122.7543335,1.26,0.88,md,9,96,0.01286,0.02,nc,nc73902736,2023-06-19T04:23:19.733Z,"0km NNE of The Geysers, CA",earthquake,0.39,0.58,0.13,11,automatic,nc,nc
2023-06-19T02:42:02.351Z,31.65465901,-104.3024205,7.10847168,2.4,ml,30,58,0.0362120999,0.2,tx,tx2023lwzi,2023-06-21T14:51:17.602Z,"58 km S of Whites City, New Mexico",earthquake,0.762679157,0.829625902,0.1,24,reviewed,tx,tx
2023-06-19T02:32:26.933Z,31.66018007,-104.301388,6.594311523,1.9,ml,17,67,0.03314498638,0.2,tx,tx2023lwzb,2023-06-21T20:57:37.943Z,"57 km S of Whites City, New Mexico",earthquake,0.8575202766,0.8766662704,0.1,7,reviewed,tx,tx
2023-06-19T02:31:33.725Z,58.5726,-137.0747,4.3,1.8,ml,,,,0.7,ak,ak0237t6qkyk,2023-06-22T20:55:11.560Z,"60 km NW of Elfin Cove, Alaska",earthquake,,0.4,,,reviewed,ak,ak
2023-06-19T02:23:39.432Z,31.65514942,-104.2970423,6.182983398,2.6,ml,20,68,0.03197709509,0.2,tx,tx2023lwyt,2023-06-21T03:24:39.163Z,"58 km S of Whites City, New Mexico",earthquake,0.8537076046,1.233858249,0.1,15,reviewed,tx,tx
2023-06-19T02:23:08.557Z,-22.6442,-68.7377,118.61,4.9,mb,33,63,0.6,0.5,us,us7000k9hk,2023-06-19T04:44:01.783Z,"28 km SE of Calama, Chile",earthquake,4.99,5.756,0.129,19,reviewed,us,us
2023-06-19T02:14:49.190Z,52.0978333333333,-176.141833333333,-1.8,0.11,ml,4,241,,0.2,av,av91930141,2023-06-19T17:55:42.850Z,"41 km NE of Adak, Alaska",earthquake,1.2,1.06,0.219258155958741,4,reviewed,av,av
2023-06-19T02:05:34.220Z,33.425,-116.9143333,8.26,0.87,ml,37,60,0.0833,0.22,ci,ci40488464,2023-06-20T13:19:08.950Z,"5km WSW of Aguanga, CA",earthquake,0.26,0.92,0.135,23,reviewed,ci,ci
2023-06-19T02:04:31.390Z,36.5965,-117.0883333,3.75,2.06,ml,13,93,0.1566,0.18,ci,ci40488472,2023-06-22T15:25:38.379Z,"5km E of Stovepipe Wells, CA",earthquake,0.29,1.16,0.153,5,reviewed,ci,ci
2023-06-19T02:01:58.674Z,58.6327,-154.0279,91.6,1.9,ml,,,,0.49,ak,ak0237t6k7da,2023-06-22T20:55:06.490Z,"91 km NW of Aleneva, Alaska",earthquake,,0.4,,,reviewed,ak,ak
2023-06-19T01:55:40.278Z,31.652799,-104.3061731,6.645727539,2.1,ml,20,58,0.03991218637,0.2,tx,tx2023lwxv,2023-06-22T10:04:15.338Z,"58 km S of Whites City, New Mexico",earthquake,1.155887379,1.257697452,0.1,24,reviewed,tx,tx
2023-06-19T01:49:57.094Z,-0.189,125.2256,53.441,4.8,mb,55,38,2.344,0.9,us,us7000k9hf,2023-06-19T13:54:13.636Z,"112 km SE of Modisi, Indonesia",earthquake,7.69,7.703,0.07,62,reviewed,us,us
2023-06-19T01:46:06.260Z,38.8193333,-122.7845,1.75,0.59,md,19,88,0.006758,0.05,nc,nc73902731,2023-06-22T04:09:13.650Z,"5km NNW of The Geysers, CA",earthquake,0.34,0.57,0.219,18,reviewed,nc,nc
2023-06-19T01:45:28.581Z,58.1751,-155.3401,5.8,1.1,ml,,,,0.56,ak,ak0237t684yd,2023-06-22T20:55:06.285Z,"85 km NW of Karluk, Alaska",earthquake,,0.3,,,reviewed,ak,ak
2023-06-19T01:40:23.195Z,15.2785,96.3165,4.52,5.6,mww,117,38,2.851,0.62,us,us7000k9he,2023-06-21T12:21:01.683Z,"",earthquake,7.26,3.561,0.078,16,reviewed,us,us
2023-06-19T01:38:23.077Z,31.66253626,-104.2911798,7.828295898,2.1,ml,20,67,0.02417468357,0.2,tx,tx2023lwxg,2023-06-22T14:44:05.212Z,"57 km S of Whites City, New Mexico",earthquake,1.03354738,0.8156255583,0.2,21,reviewed,tx,tx
2023-06-19T01:36:50.260Z,66.7498,-146.2049,19.2,2.4,ml,,,,0.72,ak,ak0237t669at,2023-06-22T20:55:06.035Z,"30 km SSE of Venetie, Alaska",earthquake,,0.1,,,reviewed,ak,ak
2023-06-19T01:31:31.960Z,38.7805,-122.7176667,1.94,0.63,md,21,89,0.01173,0.05,nc,nc73902726,2023-06-21T23:04:15.984Z,"2km WNW of Anderson Springs, CA",earthquake,0.34,0.47,0.253,17,reviewed,nc,nc
2023-06-19T01:27:04.614Z,56.7839,161.256,10.65,4.2,mb,38,96,4.058,0.99,us,us7000k9h7,2023-06-27T02:16:56.040Z,"57 km NNE of Klyuchi, Russia",earthquake,9.44,4.991,0.102,27,reviewed,us,us
2023-06-19T01:22:00.890Z,33.3166667,-116.344,11.09,0.75,ml,31,131,0.02182,0.21,ci,ci40488456,2023-06-20T20:26:50.554Z,"7km NNE of Borrego Springs, CA",earthquake,0.33,0.48,0.102,9,reviewed,ci,ci
2023-06-19T01:19:31.150Z,37.4855,-118.7436667,7.52,2.2,md,26,167,0.08423,0.04,nc,nc73902721,2023-06-19T23:20:15.671Z,"10km SSW of Toms Place, CA",earthquake,0.31,0.58,0.199,31,reviewed,nc,nc
2023-06-19T01:16:48.499Z,60.7105,-152.4237,101.6,2.4,ml,,,,0.63,ak,ak0237t61yoo,2023-06-22T20:55:05.662Z,"61 km W of Salamatof, Alaska",earthquake,,0.2,,,reviewed,ak,ak
2023-06-19T01:11:34.270Z,33.885,-116.7526667,15.42,0.73,ml,16,98,0.06335,0.13,ci,ci40488448,2023-06-20T20:19:49.256Z,"5km SE of Cabazon, CA",earthquake,0.29,0.66,0.109,13,reviewed,ci,ci
2023-06-19T01:08:54.762Z,56.6326,-156.2156,5.1,2.7,ml,,,,0.6,ak,ak0237t609du,2023-06-22T20:55:05.400Z,"121 km SE of Ugashik, Alaska",earthquake,,0.3,,,reviewed,ak,ak
2023-06-19T01:03:56.680Z,38.771,-122.7115,1.88,0.4,md,16,75,0.008504,0.03,nc,nc73902716,2023-06-19T20:50:39.925Z,"2km WSW of Anderson Springs, CA",earthquake,0.28,0.45,0.28,10,reviewed,nc,nc
2023-06-19T00:58:18.620Z,38.7804985,-122.7630005,0.62,0.78,md,8,92,0.009996,0.02,nc,nc73902711,2023-06-19T02:31:14.028Z,"1km WNW of The Geysers, CA",earthquake,0.35,0.9,0.22,7,automatic,nc,nc
2023-06-19T00:57:45.180Z,38.4653333,-112.8038333,3.4,0.11,md,6,194,0.02761,0.02,uu,uu60542701,2023-06-20T16:49:17.030Z,"Utah",earthquake,0.39,0.99,0.324,3,reviewed,uu,uu
2023-06-19T00:43:41.292Z,62.6778,-151.3584,98.5,1.4,ml,,,,0.67,ak,ak0237t5mayo,2023-06-22T20:55:05.185Z,"36 km WNW of Petersville, Alaska",earthquake,,0.7,,,reviewed,ak,ak
2023-06-19T00:43:37.320Z,33.9776667,-116.8958333,18.18,1.16,ml,47,67,0.09008,0.15,ci,ci40488440,2023-06-20T20:16:34.201Z,"6km NNW of Banning, CA",earthquake,0.18,0.34,0.15,23,reviewed,ci,ci
2023-06-19T00:39:33.340Z,43.8413333333333,-115.036833333333,10.49,2.61,ml,12,163,0.5309,0.27,mb,mb90018918,2023-06-19T15:53:52.770Z,"42 km S of Stanley, Idaho",earthquake,0.94,1.39,0.269818643746472,17,reviewed,mb,mb
2023-06-19T00:30:19.695Z,38.124,38.0127,16.186,4.2,mb,64,60,0.936,0.51,us,us7000k9gw,2023-06-20T02:29:28.040Z,"13 km ENE of Doğanşehir, Turkey",earthquake,4.78,5.581,0.099,28,reviewed,us,us
2023-06-19T00:29:00.105Z,57.3296,-155.3249,71.8,2.3,ml,,,,0.64,ak,ak0237t5j4lp,2023-06-22T20:55:04.919Z,"58 km WSW of Karluk, Alaska",earthquake,,0.2,,,reviewed,ak,ak
2023-06-19T00:28:25.160Z,37.1448333,-121.158,9.41,1.63,md,27,138,0.08634,0.14,nc,nc73902701,2023-06-20T00:57:15.288Z,"19km SW of Gustine, CA",earthquake,0.31,0.54,0.14,35,reviewed,nc,nc
2023-06-19T00:27:46.250Z,46.669333333333334,-121.87933333333334,6.02,0.59,ml,28,122,0.0628,0.11,uw,uw61934321,2023-06-19T04:54:44.470Z,"15 km SE of Ashford, Washington",earthquake,0.29,0.56,0.12590183236535862,16,reviewed,uw,uw
2023-06-19T00:26:30.614Z,66.0453,-151.5043,10.5,0.9,ml,,,,0.83,ak,ak0237t5im1g,2023-06-22T20:55:04.736Z,"75 km SE of New Allakaket, Alaska",earthquake,,0.2,,,reviewed,ak,ak
2023-06-19T00:18:01.380Z,41.2873333,-111.7963333,13.29,1.47,ml,28,106,0.1083,0.15,uu,uu60542696,2023-06-20T14:54:15.790Z,"1 km SE of Eden, Utah",earthquake,0.32,0.37,0.099,3,reviewed,uu,uu
2023-06-19T00:09:05.480Z,35.0336667,-117.6816667,-0.82,1.72,ml,25,45,0.09977,0.15,ci,ci40488424,2023-06-20T20:01:25.409Z,"5km NW of Boron, CA",quarry blast,0.34,31.61,0.236,13,reviewed,ci,ci
2023-06-18T23:55:09.640Z,38.7811661,-122.7655029,1.2,1.16,md,18,79,0.01043,0.05,nc,nc73902691,2023-06-19T01:39:14.744Z,"1km WNW of The Geysers, CA",earthquake,0.26,0.45,0.14,16,automatic,nc,nc
2023-06-18T23:53:14.890Z,35.664,-117.4825,6.74,2.96,ml,38,43,0.04789,0.15,ci,ci40488416,2023-06-22T03:33:06.969Z,"14km SSW of Searles Valley, CA",earthquake,0.16,0.47,0.134,193,reviewed,ci,ci
2023-06-18T23:53:01.950Z,33.035,-116.4306667,7.99,1.1,ml,51,67,0.04266,0.18,ci,ci40488408,2023-06-20T18:56:12.520Z,"17km ESE of Julian, CA",earthquake,0.18,0.5,0.133,20,reviewed,ci,ci
2023-06-18T23:49:45.688Z,31.67088516,-104.1895059,6.131567383,2.3,ml,20,64,0.06427810076,0.2,tx,tx2023lwtr,2023-06-22T09:45:31.999Z,"54 km NW of Toyah, Texas",earthquake,0.6372624521,1.2465793190000003,0.1,23,reviewed,tx,tx
2023-06-18T23:47:49.790Z,51.8623333333333,-177.875333333333,8.27,0.9,ml,5,165,,0.06,av,av91930071,2023-06-21T08:25:29.930Z,"85 km W of Adak, Alaska",earthquake,0.53,0.57,0.270230109826278,5,reviewed,av,av
2023-06-18T23:37:34.742Z,62.9515,-149.5713,76.9,1.3,ml,,,,0.45,ak,ak0237rvqmln,2023-06-21T21:50:57.598Z,"58 km SSW of Cantwell, Alaska",earthquake,,0.6,,,reviewed,ak,ak
2023-06-18T23:33:26.220Z,38.4913333,-112.84,1.44,1.29,ml,9,109,0.01185,0.16,uu,uu60542686,2023-06-20T16:28:37.800Z,"Utah",earthquake,0.67,3.08,0.096,2,reviewed,uu,uu
2023-06-18T23:31:30.179Z,59.9052,-148.9053,3.9,1.4,ml,,,,0.54,ak,ak0237rvpbvs,2023-06-21T21:50:57.413Z,"35 km ESE of Lowell Point, Alaska",earthquake,,1.1,,,reviewed,ak,ak
2023-06-18T23:28:15.640Z,58.1668333333333,-155.374166666667,1.87,0.62,ml,10,219,,0.07,av,av91930066,2023-06-21T08:22:01.570Z,"86 km NW of Karluk, Alaska",earthquake,0.31,0.53,0.314602146141478,12,reviewed,av,av
2023-06-18T23:25:31.345Z,54.0042,-163.6873,35,3.8,ml,37,205,0.773,0.39,us,us7000k9gp,2023-06-22T00:36:45.064Z,"96 km S of False Pass, Alaska",earthquake,4.59,2.012,0.105,12,reviewed,us,us
2023-06-18T23:25:21.886Z,60.7097,-151.6774,76.3,1.3,ml,,,,0.49,ak,ak0237rvo0y1,2023-06-21T21:50:57.203Z,"21 km W of Nikiski, Alaska",earthquake,,0.6,,,reviewed,ak,ak
2023-06-18T23:22:49.353Z,31.65927635,-104.2986896,7.416967772999999,1.9,ml,20,86,0.03134151901,0.2,tx,tx2023lwsu,2023-06-22T18:03:15.637Z,"57 km S of Whites City, New Mexico",earthquake,0.9801171547,0.9111684117,0.1,28,reviewed,tx,tx
2023-06-18T23:20:11.580Z,51.8363333333333,-178.038166666667,-1.8,1.68,ml,5,106,,0.24,av,av91930051,2023-06-19T04:31:59.220Z,"96 km W of Adak, Alaska",earthquake,0.57,0.95,0.258325814023311,5,reviewed,av,av
2023-06-18T23:07:46.030Z,58.2528333333333,-155.07,9.29,-0.48,ml,10,107,,0.17,av,av91930046,2023-06-21T08:14:43.660Z,"Alaska Peninsula",earthquake,0.51,0.54,0.190924018670566,10,reviewed,av,av
2023-06-18T23:03:45.430Z,38.8271675,-122.8516693,1.51,0.67,md,11,83,0.004082,0.03,nc,nc73902676,2023-06-19T00:58:13.520Z,"10km NW of The Geysers, CA",earthquake,0.29,0.8,0.1,11,automatic,nc,nc
2023-06-18T22:59:00.587Z,62.6633,-149.2404,62.3,1.1,ml,,,,0.53,ak,ak0237rv9u2u,2023-06-21T21:50:56.750Z,"50 km ENE of Chase, Alaska",earthquake,,0.5,,,reviewed,ak,ak
2023-06-18T22:55:29.080Z,37.7398333,-113.257,9.16,1.44,ml,9,125,0.153,0.15,uu,uu60542676,2023-06-20T16:39:29.460Z,"",earthquake,0.51,1.69,0.318,4,reviewed,uu,uu
2023-06-18T22:52:05.100Z,58.253,-155.122833333333,31.52,0.08,ml,11,95,,0.21,av,av91108038,2023-06-20T01:54:21.120Z,"",earthquake,0.72,0.99,0.324648851352207,10,reviewed,av,av
2023-06-18T22:51:50.130Z,58.254,-155.102333333333,30.84,-0.34,ml,6,129,,0.08,av,av91108033,2023-06-20T01:49:12.910Z,"Alaska Peninsula",earthquake,0.54,0.71,0.259572366425789,6,reviewed,av,av
2023-06-18T22:51:06.640Z,58.2428333333333,-155.134666666667,31.4,-0.05,ml,10,102,,0.25,av,av91108028,2023-06-20T01:39:02.970Z,"85 km NNW of Karluk, Alaska",earthquake,0.78,1.15,0.249988065245416,9,reviewed,av,av
2023-06-18T22:51:00.570Z,37.5663333,-122.4371667,11.05,2.08,md,70,116,0.02091,0.05,nc,nc73902666,2023-06-19T23:05:19.580Z,"5km W of Hillsborough, CA",earthquake,0.13,0.23,0.159,58,reviewed,nc,nc
2023-06-18T22:50:44.281Z,62.1574,-152.0869,103.9,2.3,ml,,,,0.62,ak,ak0237rv7zx6,2023-06-21T21:50:56.432Z,"40 km WNW of Skwentna, Alaska",earthquake,,0.3,,,reviewed,ak,ak
2023-06-18T22:46:40.210Z,58.1806666666667,-155.341833333333,2.61,0.21,ml,7,205,,0.07,av,av91930031,2023-06-21T21:50:11.531Z,"",earthquake,0.44,0.54,0.332346188325594,7,reviewed,av,av
2023-06-18T22:45:34.150Z,58.1846666666667,-155.367166666667,2.05,0.27,ml,7,208,,0.12,av,av91930026,2023-06-21T21:50:13.688Z,"Alaska Peninsula",earthquake,0.37,0.6,0.284504019423371,8,reviewed,av,av
2023-06-18T22:41:45.355Z,62.9381,-151.3243,109,1.5,ml,,,,0.53,ak,ak0237rv62nd,2023-06-21T21:50:56.215Z,"56 km NNW of Petersville, Alaska",earthquake,,0.6,,,reviewed,ak,ak
2023-06-18T22:36:31.506Z,31.76085195,-103.823718,7.982543944999999,2.2,ml,26,61,0.01057006222,0.2,tx,tx2023lwrh,2023-06-23T16:36:07.685Z,"22 km WNW of Mentone, Texas",earthquake,0.8716493014,1.058621171,0.1,31,reviewed,tx,tx
2023-06-18T22:35:11.962Z,62.4679,-151.2874,82.9,1.4,ml,,,,0.57,ak,ak0237rv4pt4,2023-06-21T21:50:55.987Z,"27 km W of Petersville, Alaska",earthquake,,0.5,,,reviewed,ak,ak
2023-06-18T22:33:48.650Z,46.908833333333334,-121.91566666666667,13.01,1.73,ml,13,99,0.02052,0.18,uw,uw61934266,2023-06-18T22:42:25.700Z,"18 km NNE of Ashford, Washington",earthquake,0.57,0.97,0.11150491287077324,9,reviewed,uw,uw
2023-06-18T22:29:19.560Z,43.8878333333333,-115.003833333333,6.05,2.11,ml,8,154,0.5374,0.19,mb,mb90018888,2023-06-19T15:31:26.690Z,"southern Idaho",earthquake,0.53,1.98,0.222998636094585,13,reviewed,mb,mb
2023-06-18T22:28:55.690Z,38.8199997,-122.819664,2.32,0.68,md,7,100,0.008223,0.02,nc,nc73902656,2023-06-19T00:14:13.272Z,"7km NW of The Geysers, CA",earthquake,0.64,1.24,0.08,8,automatic,nc,nc
2023-06-18T22:19:54.050Z,33.4256667,-116.363,11.68,0.99,ml,19,107,0.07734,0.16,ci,ci40488392,2023-06-20T18:45:34.234Z,"19km N of Borrego Springs, CA",earthquake,0.34,1.03,0.118,5,reviewed,ci,ci
2023-06-18T22:17:33.978Z,37.5504,72.2504,187.616,4,mb,27,69,1.956,0.36,us,us7000k9g3,2023-06-19T22:26:35.040Z,"Tajikistan",earthquake,3.58,11.365,0.183,8,reviewed,us,us
2023-06-18T22:16:01.050Z,19.2733333333333,-67.957,26.71,3.42,md,11,303,0.9933,0.19,pr,pr71413928,2023-06-19T00:33:33.490Z,"89 km NNE of Punta Cana, Dominican Republic",earthquake,1.84,31.61,0.0295782818399033,5,reviewed,pr,pr
2023-06-18T22:13:01.702Z,62.3058,-154.1842,8.3,1.4,ml,,,,0.64,ak,ak0237ruzz6z,2023-06-21T21:50:55.782Z,"79 km S of Nikolai, Alaska",earthquake,,0.3,,,reviewed,ak,ak
2023-06-18T22:11:40.920Z,58.2576666666667,-155.097,4.34,0.1,ml,11,95,,0.2,av,av91929996,2023-06-21T07:46:53.220Z,"85 km NNW of Karluk, Alaska",earthquake,0.42,0.65,0.124079957289384,11,reviewed,av,av
2023-06-18T22:05:00.690Z,38.7886658,-122.7555008,2.27,0.74,md,8,128,0.01239,0.02,nc,nc73902646,2023-06-18T23:50:15.146Z,"1km N of The Geysers, CA",earthquake,0.65,1.6,0.14,8,automatic,nc,nc
2023-06-18T21:59:17.405Z,-48.6704,31.1865,10,6,mww,163,26,18.054,0.44,us,us7000k9fi,2023-06-20T18:21:07.040Z,"south of Africa",earthquake,6.18,1.833,0.089,12,reviewed,us,us
2023-06-18T21:39:32.690Z,38.8188324,-122.8166656,2.84,0.76,md,15,69,0.006875,0.06,nc,nc73902636,2023-06-18T23:22:16.004Z,"7km NW of The Geysers, CA",earthquake,0.31,0.93,0.22,14,automatic,nc,nc
2023-06-18T21:35:21.420Z,36.5528333,-121.0923333,5.57,1.86,md,36,57,0.04712,0.21,nc,nc73902631,2023-06-22T00:56:14.606Z,"5km ENE of Pinnacles, CA",earthquake,0.4,1.07,0.176,34,reviewed,nc,nc
2023-06-18T21:20:16.003Z,59.3759,-153.5077,99.4,1.5,ml,,,,0.25,ak,ak0237rug2ps,2023-06-21T21:50:58.954Z,"56 km SE of Pedro Bay, Alaska",earthquake,,0.7,,,reviewed,ak,ak
2023-06-18T21:17:12.430Z,60.045,-153.050166666667,1.35,-0.89,ml,4,179,,0.16,av,av91929961,2023-06-20T20:15:27.700Z,"65 km ENE of Pedro Bay, Alaska",earthquake,2.19,1.15,0.311894451459012,4,reviewed,av,av
2023-06-18T21:14:52.799Z,36.45833333,-98.75833333,8.83,1.05,ml,28,92,0.03509311353,0.23,ok,ok2023lwoo,2023-06-21T14:53:33.990Z,"17 km SE of Waynoka, Oklahoma",earthquake,,0.7,0.15,10,reviewed,ok,ok
2023-06-18T21:08:14.260Z,49.41116666666667,-120.50583333333333,-0.37,2.08,ml,6,189,0.5824,0.22,uw,uw61934236,2023-06-18T21:50:26.800Z,"5 km S of Princeton, Canada",explosion,0.87,31.61,0.08209670551813752,5,reviewed,uw,uw
2023-06-18T20:57:39.280Z,35.47383333,-98.019,5.5,2.02,ml,95,66,0.05039011174,0.4,ok,ok2023lwoa,2023-06-21T12:47:14.647Z,"8 km SW of El Reno, Oklahoma",earthquake,,0.7,0.24,46,reviewed,ok,ok
2023-06-18T20:53:18.056Z,58.1782,-155.3542,5,1.2,ml,,,,0.3,ak,ak0237ru1pvv,2023-06-21T21:50:55.583Z,"86 km NW of Karluk, Alaska",earthquake,,0.4,,,reviewed,ak,ak
2023-06-18T20:52:53.870Z,19.1668338775635,-155.484497070312,31.1100006103516,2.52999997,md,39,159,,0.119999997,hv,hv73454867,2023-06-18T20:58:25.370Z,"4 km S of Pāhala, Hawaii",earthquake,0.56,0.699999988,0.579999983,23,automatic,hv,hv
2023-06-18T20:47:33.770Z,45.0148333333333,-112.529166666667,5.02,1.93,ml,11,122,0.2943,0.17,mb,mb90018998,2023-06-19T20:27:46.330Z,"23 km SSE of Dillon, Montana",earthquake,0.69,10.12,0.461178530546392,3,reviewed,mb,mb
2023-06-18T20:37:00.612Z,31.0326,131.5587,35,4.5,mb,31,137,1.06,0.96,us,us7000k9f3,2023-06-25T21:52:38.040Z,"58 km SSE of Kushima, Japan",earthquake,5.2,1.954,0.125,19,reviewed,us,us
2023-06-18T20:34:27.540Z,38.8325005,-122.8021698,2.37,0.79,md,12,60,0.01096,0.01,nc,nc73902616,2023-06-18T22:16:13.603Z,"7km W of Cobb, CA",earthquake,0.35,1,0.16,14,automatic,nc,nc
2023-06-18T20:30:22.673Z,23.2074,-108.6696,10,6.4,mww,69,163,4.606,0.88,us,us7000k9f0,2023-06-25T22:00:51.353Z,"102 km ESE of La Rivera, Mexico",earthquake,8.81,1.852,0.033,88,reviewed,us,us
2023-06-18T20:29:27.370Z,37.8868333,-122.2706667,3.99,1.03,md,20,73,0.01534,0.07,nc,nc73902611,2023-06-21T22:09:16.603Z,"2km NNE of Berkeley, CA",earthquake,0.2,0.26,0.128,14,reviewed,nc,nc
2023-06-18T20:21:06.513Z,67.388,-163.774,10.8,2.6,ml,,,,0.52,ak,ak0237rtuu3f,2023-06-25T21:43:52.040Z,"40 km WSW of Noatak, Alaska",earthquake,,0.6,,,reviewed,ak,ak
2023-06-18T20:10:08.660Z,38.8325005,-122.8183365,1.38,0.77,md,14,56,0.01115,0.02,nc,nc73902601,2023-06-18T21:22:16.321Z,"8km NW of The Geysers, CA",earthquake,0.26,0.65,0.15,14,automatic,nc,nc
2023-06-18T20:04:58.370Z,36.1158333,-117.905,5.3,1.57,ml,15,192,0.04064,0.17,ci,ci40488368,2023-06-20T18:39:46.957Z,"9km NNE of Coso Junction, CA",earthquake,0.55,0.69,0.189,5,reviewed,ci,ci
2023-06-18T20:04:24.200Z,58.245,-155.134,31.72,0.14,ml,12,100,,0.25,av,av91108013,2023-06-19T22:44:25.860Z,"85 km NNW of Karluk, Alaska",earthquake,0.68,1.1,0.26637112379164,11,reviewed,av,av
2023-06-18T20:03:15.720Z,58.2573333333333,-155.123833333333,33.36,0.17,ml,9,95,,0.23,av,av91108003,2023-06-19T20:01:47.890Z,"86 km NNW of Karluk, Alaska",earthquake,0.92,1.15,0.244962708548866,8,reviewed,av,av
2023-06-18T20:02:56.380Z,58.2573333333333,-155.112166666667,32.13,0.3,ml,10,129,,0.15,av,av91107998,2023-06-19T19:54:58.080Z,"85 km NNW of Karluk, Alaska",earthquake,0.6,0.85,0.18381604523489,9,reviewed,av,av
2023-06-18T20:01:31.480Z,58.2556666666667,-155.126166666667,30.09,0.3,ml,12,90,,0.32,av,av91929916,2023-06-19T19:21:48.910Z,"86 km NNW of Karluk, Alaska",earthquake,0.88,1.3,0.329385267811344,9,reviewed,av,av
2023-06-18T20:00:41.780Z,58.2563333333333,-155.1195,31.68,-0.07,ml,9,132,,0.17,av,av91107993,2023-06-19T19:27:22.450Z,"Alaska Peninsula",earthquake,0.77,1.29,0.286568302998115,8,reviewed,av,av
2023-06-18T19:59:47.780Z,38.7906685,-122.7580032,2.26,0.71,md,5,171,0.01003,0.06,nc,nc73902596,2023-06-18T20:56:14.179Z,"2km N of The Geysers, CA",earthquake,1.02,1.58,0.19,7,automatic,nc,nc
2023-06-18T19:50:51.270Z,61.0993333333333,-152.346166666667,3.32,-0.06,ml,6,295,,0.15,av,av91929911,2023-06-20T16:10:06.010Z,"",earthquake,0.93,0.47,0.158777592080326,6,reviewed,av,av
2023-06-18T19:38:14.670Z,58.213,-155.099166666667,-0.77,-0.06,ml,6,129,,0.07,av,av91929896,2023-06-20T16:06:33.860Z,"81 km NNW of Karluk, Alaska",earthquake,0.26,1.69,0.322233289362742,7,reviewed,av,av
2023-06-18T19:32:16.549Z,59.9632,-139.3015,0,1.6,ml,,,,0.63,ak,ak0237rtbsfd,2023-06-22T00:36:45.327Z,"52 km NNE of Yakutat, Alaska",ice quake,,0,,,reviewed,ak,ak
2023-06-18T19:18:37.430Z,36.0773333,-120.6468333,2.86,2.48,md,52,66,0.04191,0.12,nc,nc73902581,2023-06-22T00:02:18.300Z,"24km ENE of San Ardo, CA",earthquake,0.24,0.53,0.165,51,reviewed,nc,nc
2023-06-18T19:15:17.249Z,63.4412,-149.3719,93,1.3,ml,,,,0.41,ak,ak0237rt856p,2023-06-21T21:50:55.379Z,"21 km WNW of Cantwell, Alaska",earthquake,,0.6,,,reviewed,ak,ak
2023-06-18T19:13:51.470Z,58.2655,-155.082333333333,5.37,-0.1,ml,8,104,,0.26,av,av91929886,2023-06-20T16:02:06.260Z,"86 km NNW of Karluk, Alaska",earthquake,0.66,1.04,0.208224536702125,9,reviewed,av,av
2023-06-18T19:08:33.250Z,58.1868333333333,-155.324166666667,3.06,0,ml,7,199,,0.1,av,av91929876,2023-06-20T15:55:07.630Z,"85 km NW of Karluk, Alaska",earthquake,0.48,1.47,0.234317111045453,8,reviewed,av,av
2023-06-18T19:00:44.990Z,58.1886666666667,-155.331666666667,3.79,0.43,ml,8,199,,0.09,av,av91929871,2023-06-20T15:51:37.470Z,"86 km NW of Karluk, Alaska",earthquake,0.33,0.73,0.269348936741785,9,reviewed,av,av
2023-06-18T18:38:28.099Z,60.2376,-152.8557,105.2,1.7,ml,,,,0.65,ak,ak0237rsrnog,2023-06-21T21:50:55.122Z,"69 km WNW of Ninilchik, Alaska",earthquake,,0.4,,,reviewed,ak,ak
2023-06-18T18:33:50.662Z,63.2539,-152.748,8.4,0.9,ml,,,,0.69,ak,ak0237rsqmvq,2023-06-21T21:50:54.935Z,"60 km WSW of Denali National Park, Alaska",earthquake,,0.5,,,reviewed,ak,ak
2023-06-18T18:31:59.990Z,18.0833333333333,-66.9823333333333,13.47,2.57,md,5,161,0.1432,0.08,pr,pr71413918,2023-06-18T18:40:26.880Z,"2 km WNW of Sabana Grande, Puerto Rico",earthquake,1.17,1.55,0.0591360781098258,3,reviewed,pr,pr
2023-06-18T18:30:17.550Z,58.1895,-155.281833333333,3.79,0.37,ml,8,186,,0.03,av,av91929861,2023-06-20T15:47:35.180Z,"84 km NW of Karluk, Alaska",earthquake,0.35,0.58,0.33098222845752,8,reviewed,av,av
2023-06-18T18:20:31.760Z,46.8798333333333,-112.862833333333,15.72,0.81,ml,13,59,0.1607,0.18,mb,mb90018838,2023-06-19T15:25:59.320Z,"16 km WSW of Lincoln, Montana",earthquake,0.56,0.95,0.164576682071963,5,reviewed,mb,mb
2023-06-18T18:20:10.310Z,38.7891655,-122.767334,2.02,0.75,md,11,76,0.0129,0.03,nc,nc73902576,2023-06-18T19:17:19.629Z,"2km NW of The Geysers, CA",earthquake,0.33,0.59,0.08,12,automatic,nc,nc
2023-06-18T18:19:50.000Z,35.133,-97.52566667,6.72,1.01,ml,30,46,0.0602881694,0.41,ok,ok2023lwiu,2023-06-22T15:33:25.531Z,"4 km WSW of Goldsby, Oklahoma",earthquake,,0.9,0.22,13,reviewed,ok,ok
2023-06-18T18:16:00.450Z,58.2563333333333,-155.083166666667,4.03,0.02,ml,10,106,,0.14,av,av91929836,2023-06-20T15:36:40.920Z,"85 km NNW of Karluk, Alaska",earthquake,0.33,0.6,0.162437546654305,10,reviewed,av,av
2023-06-18T18:00:33.310Z,38.8098333,-122.8146667,3.31,-0.09,md,18,55,0.01138,0.06,nc,nc73902571,2023-06-19T21:57:46.857Z,"6km NW of The Geysers, CA",earthquake,0.45,0.53,0.102,17,reviewed,nc,nc
2023-06-18T17:59:58.202Z,59.943,-152.8988,91.7,1.4,ml,,,,0.38,ak,ak0237rsash8,2023-06-21T21:50:58.368Z,"62 km WNW of Anchor Point, Alaska",earthquake,,0.4,,,reviewed,ak,ak
2023-06-18T17:57:44.328Z,-7.5301,127.6668,143.917,4.4,mb,45,56,3.726,0.42,us,us7000k9eg,2023-06-18T18:23:42.040Z,"132 km NE of Lospalos, Timor Leste",earthquake,7.96,8.629,0.102,28,reviewed,us,us
2023-06-18T17:57:41.416Z,51.3606,179.812,17.1,2,ml,,,,0.47,ak,ak0237rsabr1,2023-06-21T21:50:58.179Z,"Rat Islands, Aleutian Islands, Alaska",earthquake,,0.6,,,reviewed,ak,ak
2023-06-18T17:54:45.020Z,35.9633333,-119.8713333,4.66,1.77,md,24,130,0.3131,0.17,nc,nc73902566,2023-06-19T22:48:17.492Z,"10km ESE of Kettleman City, CA",earthquake,0.52,1.6,0.321,18,reviewed,nc,nc
2023-06-18T17:51:02.335Z,62.9031,-148.3251,10.3,1.2,ml,,,,0.93,ak,ak0237rs8yf6,2023-06-21T21:50:54.723Z,"62 km SSE of Cantwell, Alaska",earthquake,,0.2,,,reviewed,ak,ak
2023-06-18T17:50:28.880Z,38.7876667,-122.7473333,1.95,0.52,md,18,84,0.009397,0.03,nc,nc73902561,2023-06-19T20:47:09.283Z,"1km NE of The Geysers, CA",earthquake,0.2,0.33,0.226,14,reviewed,nc,nc
2023-06-18T17:47:03.182Z,54.734,-159.9549,35,3.4,ml,14,244,0.686,0.49,us,us7000ka7t,2023-06-25T21:27:41.040Z,"75 km SSE of Sand Point, Alaska",earthquake,2.93,2.012,0.097,14,reviewed,us,us
2023-06-18T17:42:23.656Z,54.9568,-156.3399,12.2,2.6,ml,,,,0.38,ak,ak0237rs73ll,2023-06-25T21:42:08.040Z,"197 km SE of Chignik, Alaska",earthquake,,2.3,,,reviewed,ak,ak
2023-06-18T17:35:24.700Z,58.2491666666667,-155.137666666667,32.75,0.37,ml,11,99,,0.27,av,av91107958,2023-06-21T21:49:37.193Z,"85 km NNW of Karluk, Alaska",earthquake,0.75,1.18,0.258711872150616,10,reviewed,av,av
2023-06-18T17:34:01.456Z,10.2293,126.1917,52.632,5.3,mb,142,34,3.197,0.49,us,us7000k9eb,2023-06-25T21:32:25.040Z,"28 km NE of Santa Monica, Philippines",earthquake,8.31,4.915,0.035,274,reviewed,us,us
2023-06-18T17:16:28.836Z,-23.7928,-175.7421,11.658,5.2,mww,69,115,2.658,0.5,us,us7000k9e9,2023-06-25T21:58:51.040Z,"Tonga region",earthquake,10.45,3.877,0.098,10,reviewed,us,us
2023-06-18T17:08:05.470Z,39.375,-122.9061667,4.2,1.64,md,23,76,0.1719,0.12,nc,nc73902546,2023-06-19T21:40:15.069Z,"6km SE of Lake Pillsbury, CA",earthquake,0.23,1.53,0.219,22,reviewed,nc,nc
2023-06-18T17:04:11.140Z,49.404333333333334,-120.536,-0.37,1.83,ml,10,188,0.5781,0.54,uw,uw61934126,2023-06-18T17:19:19.200Z,"6 km SSW of Princeton, Canada",explosion,2.39,31.61,0.15841521598605368,6,reviewed,uw,uw
2023-06-18T16:58:43.686Z,31.1228,131.5626,35,4.8,mb,34,114,1.025,0.97,us,us7000k9e7,2023-06-19T12:09:50.461Z,"50 km SE of Kushima, Japan",earthquake,7.24,1.937,0.083,44,reviewed,us,us
2023-06-18T16:53:09.080Z,43.2648333333333,-110.712666666667,13.09,1.25,ml,6,235,0.1973,0.04,mb,mb90018823,2023-06-19T15:19:57.460Z,"6 km ESE of Hoback, Wyoming",earthquake,0.97,1.35,0.293601972797057,6,reviewed,mb,mb
2023-06-18T16:49:50.670Z,33.9916667,-117.2651667,16.69,1.26,ml,63,35,0.05436,0.17,ci,ci40488272,2023-06-20T18:38:21.580Z,"6km S of Loma Linda, CA",earthquake,0.18,0.31,0.137,31,reviewed,ci,ci
2023-06-18T16:49:34.288Z,31.69549418,-104.1358279,6.645727539,2.4,ml,15,82,0.06233321162,0.2,tx,tx2023lwfv,2023-06-21T18:42:31.050Z,"50 km W of Mentone, Texas",earthquake,0.715219648,0.9209169634,0.3,13,reviewed,tx,tx
2023-06-18T16:38:09.923Z,38.5657,-119.5218,5.8,1.1,ml,5,160.71,0.02,0.0769,nn,nn00861428,2023-06-19T20:49:40.236Z,"1 km W of Coleville, California",earthquake,,1.6,0.01,2,reviewed,nn,nn
2023-06-18T16:34:26.630Z,14.7242,144.2863,10,4.9,mb,45,100,1.54,0.7,us,us7000k9e4,2023-06-18T16:50:03.040Z,"146 km W of San Jose Village, Northern Mariana Islands",earthquake,10.06,1.894,0.081,49,reviewed,us,us
2023-06-18T16:32:27.480Z,58.2688333333333,-155.075333333333,32.01,0.29,ml,8,112,,0.14,av,av91107948,2023-06-19T05:13:51.550Z,"86 km NNW of Karluk, Alaska",earthquake,0.75,0.6,0.255368298533946,8,reviewed,av,av
2023-06-18T16:31:45.940Z,58.2575,-155.148833333333,32.23,0.43,ml,9,97,,0.05,av,av91107943,2023-06-19T05:03:47.380Z,"87 km NNW of Karluk, Alaska",earthquake,0.34,0.67,0.318792799481695,10,reviewed,av,av
2023-06-18T16:31:32.640Z,58.2663333333333,-155.118,31.86,0.31,ml,10,96,,0.14,av,av91929766,2023-06-19T04:51:57.620Z,"Alaska Peninsula",earthquake,0.51,0.75,0.27325892374474,9,reviewed,av,av
2023-06-18T16:30:21.873Z,64.7869,-147.4539,11.5,0.9,ml,,,,0.7,ak,ak0237rrj29p,2023-06-21T21:51:37.559Z,"4 km ESE of Badger, Alaska",earthquake,,0.2,,,reviewed,ak,ak
2023-06-18T16:29:46.620Z,51.8615,-177.898833333333,7.43,0.86,ml,4,157,,0.06,av,av91929761,2023-06-20T15:21:10.380Z,"Andreanof Islands, Aleutian Islands, Alaska",earthquake,0.66,0.9,0.376602435995558,5,reviewed,av,av
2023-06-18T16:26:47.540Z,33.1226667,-115.6288333,10.59,1.35,ml,33,81,0.04087,0.23,ci,ci40488248,2023-06-20T18:25:09.243Z,"10km N of Westmorland, CA",earthquake,0.3,0.58,0.252,14,reviewed,ci,ci
2023-06-18T16:26:34.430Z,-29.8767,-72.122,10,4.2,mb,19,184,0.768,0.84,us,us7000k9e1,2023-06-18T17:05:11.040Z,"76 km W of Coquimbo, Chile",earthquake,5.22,1.943,0.305,3,reviewed,us,us
2023-06-18T16:25:19.311Z,38.5647,-119.5242,5.9,0.8,ml,5,161.44,0.022,0.0788,nn,nn00861429,2023-06-19T20:55:50.919Z,"California-Nevada border region",earthquake,,1.7,0,1,reviewed,nn,nn
2023-06-18T16:23:01.544Z,60.5246,-152.084,84.5,1.3,ml,,,,0.51,ak,ak0237rrhiq2,2023-06-21T21:50:57.979Z,"43 km WSW of Salamatof, Alaska",earthquake,,0.8,,,reviewed,ak,ak
2023-06-18T16:22:00.920Z,46.21366666666667,-119.5905,6.89,1.31,ml,11,224,0.06689,0.14,uw,uw61934101,2023-06-18T17:24:15.620Z,"",earthquake,0.75,0.29,0.05939575432254918,9,reviewed,uw,uw
2023-06-18T16:15:18.642Z,59.4784,-151.9049,53.7,1.8,ml,,,,0.52,ak,ak0237rrfuac,2023-06-21T21:50:53.856Z,"11 km WNW of Seldovia, Alaska",earthquake,,0.4,,,reviewed,ak,ak
2023-06-18T16:13:02.215Z,52.0644,-174.9573,13.2,2.1,ml,,,,0.67,ak,ak0237rrfdm5,2023-06-21T21:50:57.798Z,"53 km WSW of Atka, Alaska",earthquake,,1,,,reviewed,ak,ak
2023-06-18T15:54:34.269Z,62.2252,-151.0123,71.3,1.1,ml,,,,0.32,ak,ak0237rr2sre,2023-06-21T19:35:54.924Z,"32 km SSW of Petersville, Alaska",earthquake,,0.6,,,reviewed,ak,ak
2023-06-18T15:53:56.046Z,-23.7135,-175.7205,10,4.6,mb,23,115,2.576,0.85,us,us7000k9dw,2023-06-18T16:17:32.040Z,"274 km SSW of ‘Ohonua, Tonga",earthquake,10.69,1.911,0.107,26,reviewed,us,us
2023-06-18T15:46:47.198Z,57.8349,-156.2178,127.2,1.7,ml,,,,0.35,ak,ak0237rr143z,2023-06-21T19:35:56.421Z,"78 km ENE of Ugashik, Alaska",earthquake,,0.5,,,reviewed,ak,ak
2023-06-18T15:36:29.521Z,38.1274,38.6026,10,4.5,mb,55,63,0.707,0.94,us,us7000k9dr,2023-06-18T16:24:14.040Z,"10 km N of Sincik, Turkey",earthquake,2.55,1.847,0.075,52,reviewed,us,us
2023-06-18T15:35:53.363Z,51.5369,-177.8044,60.1,2.4,ml,,,,0.4,ak,ak0237rqyrpk,2023-06-21T19:35:56.220Z,"89 km WSW of Adak, Alaska",earthquake,,1.1,,,reviewed,ak,ak
2023-06-18T15:33:10.730Z,18.0741666666667,-67.0051666666667,22.51,2.38,md,15,107,0.03071,0.19,pr,pr71413898,2023-06-18T15:54:47.370Z,"4 km E of San Germán, Puerto Rico",earthquake,0.48,0.71,0.0652223328386961,8,reviewed,pr,pr
2023-06-18T15:31:04.770Z,41.803333333333335,-118.47433333333333,-1.22,2.37,ml,6,275,0.6416,0.41,uw,uw61934081,2023-06-18T17:12:57.340Z,"24 km SSE of Denio, Nevada",earthquake,11.07,13.56,0.006428317590866595,3,reviewed,uw,uw
2023-06-18T15:24:49.021Z,63.3658,-144.9741,8.4,0.9,ml,,,,0.91,ak,ak0237rqwehq,2023-06-21T19:35:54.736Z,"Central Alaska",earthquake,,0.3,,,reviewed,ak,ak
2023-06-18T15:15:38.020Z,44.2665,-115.175666666667,13.63,2.54,ml,13,117,0.8244,0.17,mb,mb90018788,2023-06-19T15:16:59.610Z,"19 km WNW of Stanley, Idaho",earthquake,0.51,1.95,0.227342838977198,22,reviewed,mb,mb
2023-06-18T15:04:49.691Z,-23.7728,-175.7382,10,5.8,mww,39,121,2.638,0.94,us,us7000k9dk,2023-06-19T15:11:53.286Z,"",earthquake,9.5,1.862,0.093,11,reviewed,us,us
2023-06-18T15:04:13.739Z,64.9872,-147.3775,0,1.6,ml,,,,0.53,ak,ak0237rqs1gb,2023-06-21T21:11:53.603Z,"11 km ENE of Fox, Alaska",explosion,,0,,,reviewed,ak,ak
2023-06-18T15:04:04.460Z,58.2665,-155.101166666667,-2.15,0.07,ml,11,100,,0.19,av,av91929696,2023-06-21T17:19:28.410Z,"86 km NNW of Karluk, Alaska",earthquake,0.43,1.98,0.229704412820171,11,reviewed,av,av
2023-06-18T14:57:42.416Z,59.7171,-152.7548,92.2,1.8,ml,,,,0.6,ak,ak0237rqi100,2023-06-21T19:35:54.270Z,"52 km W of Anchor Point, Alaska",earthquake,,0.3,,,reviewed,ak,ak
2023-06-18T14:56:47.070Z,35.36483333,-98.089,7.22,1.11,ml,53,47,0.07648499104,0.32,ok,ok2023lwcc,2023-06-22T15:17:54.703Z,"13 km WSW of Union City, Oklahoma",earthquake,,0.6,0.23,24,reviewed,ok,ok
2023-06-18T14:55:54.301Z,67.3317,-163.5437,13.3,2.4,ml,,,,0.72,ak,ak0237rqhmjf,2023-06-21T21:11:54.001Z,"36 km SW of Noatak, Alaska",earthquake,,0.9,,,reviewed,ak,ak
2023-06-18T14:54:44.360Z,35.6796667,-117.5466667,9.54,1.19,ml,24,108,0.09866,0.15,ci,ci40488224,2023-06-20T18:18:49.674Z,"13km ENE of Ridgecrest, CA",earthquake,0.22,0.69,0.106,10,reviewed,ci,ci
2023-06-18T14:51:01.820Z,58.1728333333333,-155.345,1.96,0.29,ml,7,211,,0.06,av,av91929681,2023-06-21T18:18:46.600Z,"85 km NW of Karluk, Alaska",earthquake,0.29,0.47,0.337893564116389,7,reviewed,av,av
2023-06-18T14:33:38.769Z,37.2902,-117.5855,0,0.7,ml,6,174.66,0.075,0.1485,nn,nn00861359,2023-06-19T20:27:54.328Z,"51 km S of Silver Peak, Nevada",earthquake,,0,0.97,6,reviewed,nn,nn
2023-06-18T14:29:39.184Z,-23.9721,-175.7954,28.456,5.7,mww,49,78,2.842,0.54,us,us7000k9d8,2023-06-19T14:34:56.715Z,"Tonga region",earthquake,10.07,4.774,0.071,19,reviewed,us,us
2023-06-18T14:28:45.429Z,-23.7584,-175.9331,10,5.1,mb,21,133,2.663,0.99,us,us7000k9d9,2023-06-18T14:47:10.040Z,"285 km SSW of ‘Ohonua, Tonga",earthquake,12.99,1.906,0.042,181,reviewed,us,us
2023-06-18T14:25:38.915Z,-23.8868,-175.9281,10,5.1,mb,21,164,2.786,1.01,us,us7000k9d7,2023-06-18T14:43:13.040Z,"299 km SSW of ‘Ohonua, Tonga",earthquake,10.43,1.893,0.061,86,reviewed,us,us
2023-06-18T14:17:27.100Z,45.6736666666667,-112.144166666667,5,0.71,ml,7,79,0.2301,0.03,mb,mb90018993,2023-06-19T20:14:16.660Z,"19 km W of Pony, Montana",earthquake,0.26,5.91,0.427989092455234,4,reviewed,mb,mb
2023-06-18T14:07:45.550Z,45.664,-122.75333333333333,18.92,1.47,ml,12,115,0.05727,0.13,uw,uw61934036,2023-06-18T17:05:18.090Z,"5 km WSW of Lake Shore, Washington",earthquake,0.5,0.62,0.04948468811501261,7,reviewed,uw,uw
2023-06-18T14:05:19.630Z,58.2538333333333,-155.095666666667,3.68,0.19,ml,10,96,,0.06,av,av91929641,2023-06-21T18:09:45.040Z,"85 km NNW of Karluk, Alaska",earthquake,0.24,0.39,0.19338356302723,11,reviewed,av,av
2023-06-18T14:00:39.161Z,58.1636,-155.3367,2.6,0.9,ml,,,,0.36,ak,ak0237rq5sg5,2023-06-21T19:35:54.086Z,"84 km NW of Karluk, Alaska",earthquake,,0.5,,,reviewed,ak,ak
2023-06-18T13:54:29.600Z,33.4785,-116.5096667,14.09,0.13,ml,14,158,0.079,0.12,ci,ci40488200,2023-06-18T20:04:08.854Z,"17km ESE of Anza, CA",earthquake,0.36,0.67,0.147,7,reviewed,ci,ci
2023-06-18T13:52:43.694Z,60.0677,-152.9225,108.8,1.8,ml,,,,0.6,ak,ak0237rpvhdf,2023-06-21T19:35:53.854Z,"67 km W of Happy Valley, Alaska",earthquake,,0.4,,,reviewed,ak,ak
2023-06-18T13:50:10.020Z,39.646,-119.4674,10.1,0.7,ml,6,146.15,0.09,0.1825,nn,nn00861427,2023-06-19T20:49:38.669Z,"15 km W of Wadsworth, Nevada",earthquake,,5.5,0.41,5,reviewed,nn,nn
2023-06-18T13:46:10.785Z,62.1619,-152.1269,103.4,1.3,ml,,,,0.36,ak,ak0237rpu66h,2023-06-21T19:35:53.618Z,"Central Alaska",earthquake,,0.6,,,reviewed,ak,ak
2023-06-18T13:45:06.360Z,19.371,-65.6555,54.12,3.37,md,14,274,1.115,0.42,pr,pr71413888,2023-06-18T14:11:06.820Z,"106 km NNE of Suárez, Puerto Rico",earthquake,3.43,11.37,0.135325271444437,11,reviewed,pr,pr
2023-06-18T13:36:35.189Z,35.476,-98.001,5.17,1.4,ml,68,59,0.05668887571,0.5,ok,ok2023lvzl,2023-06-21T13:51:54.592Z,"7 km SSW of El Reno, Oklahoma",earthquake,,1.1,0.27,32,reviewed,ok,ok
2023-06-18T13:33:18.690Z,48.9428333333333,-113.503833333333,18.42,1.92,ml,13,182,0.4281,0.08,mb,mb90018763,2023-06-19T18:55:25.550Z,"10 km NNW of Babb, Montana",earthquake,0.64,1.01,0.511274106930361,7,reviewed,mb,mb
2023-06-18T13:22:52.480Z,60.0043333333333,-153.0795,0.15,-0.56,ml,4,131,,0.04,av,av91929611,2023-06-21T18:01:57.220Z,"62 km ENE of Pedro Bay, Alaska",earthquake,0.26,1.37,0.208227222612179,4,reviewed,av,av
2023-06-18T13:22:30.710Z,43.865,-115.025,10.62,2.68,ml,8,159,0.5365,0.29,mb,mb90018753,2023-06-19T15:06:50.940Z,"39 km S of Stanley, Idaho",earthquake,1.04,1.71,0.224675220424951,28,reviewed,mb,mb
2023-06-18T13:22:19.570Z,-23.8263,-175.5809,10,4.9,mb,32,115,2.667,0.8,us,us7000k9cz,2023-06-18T13:44:27.040Z,"282 km SSW of ‘Ohonua, Tonga",earthquake,11,1.844,0.058,94,reviewed,us,us
2023-06-18T13:21:49.248Z,55.9598,-158.4238,57.5,1.8,ml,,,,0.75,ak,ak0237rpowgp,2023-06-21T19:35:53.438Z,"37 km S of Chignik, Alaska",earthquake,,1.6,,,reviewed,ak,ak
2023-06-18T13:17:10.065Z,60.4232,-150.6955,49.7,2.2,ml,,,,0.75,ak,ak0237rpny8m,2023-06-21T19:35:53.151Z,"",earthquake,,0.5,,,reviewed,ak,ak
2023-06-18T13:14:20.971Z,61.6903,-151.6373,80.1,2.3,ml,,,,0.72,ak,ak0237rpnbxt,2023-06-21T19:35:52.847Z,"35 km SSW of Skwentna, Alaska",earthquake,,0.3,,,reviewed,ak,ak
2023-06-18T13:12:12.213Z,43.0238,-110.8351,5,2.7,ml,21,88,0.324,0.52,us,us7000k9cv,2023-06-18T16:58:48.445Z,"11 km ENE of Star Valley Ranch, Wyoming",earthquake,2.6,1.951,0.057,40,reviewed,us,us
2023-06-18T13:11:32.870Z,46.876,-121.76,-1.11,0.27,ml,14,100,0.01969,0.16,uw,uw61934016,2023-06-19T05:14:04.630Z,"",earthquake,0.29,1.19,0.25370379160569767,8,reviewed,uw,uw
2023-06-18T13:02:35.078Z,59.8992,-152.6171,82.8,1.5,ml,,,,0.43,ak,ak0237rpkseo,2023-06-21T19:35:52.606Z,"46 km WNW of Anchor Point, Alaska",earthquake,,0.4,,,reviewed,ak,ak
2023-06-18T12:56:15.620Z,59.8229,-152.7157,85.2,1.5,ml,,,,0.58,ak,ak0237rpavx5,2023-06-21T19:35:52.362Z,"49 km W of Anchor Point, Alaska",earthquake,,0.4,,,reviewed,ak,ak
2023-06-18T12:51:19.361Z,61.1372,-151.785,108.7,1.9,ml,,,,0.58,ak,ak0237rp9tca,2023-06-21T19:35:52.104Z,"35 km WNW of Tyonek, Alaska",earthquake,,0.5,,,reviewed,ak,ak
2023-06-18T12:47:18.620Z,34.0445,-118.7478333,10.38,2.18,ml,75,75,0.02375,0.23,ci,ci40488152,2023-06-20T18:09:16.967Z,"6km WNW of Malibu Beach, CA",earthquake,0.24,0.38,0.145,64,reviewed,ci,ci
2023-06-18T12:43:23.840Z,34.4596667,-117.9606667,8.28,1.38,ml,45,30,0.01155,0.21,ci,ci40488144,2023-06-18T13:23:36.910Z,"7km SW of Pearblossom, CA",earthquake,0.23,0.54,0.155,27,reviewed,ci,ci
2023-06-18T12:43:21.820Z,34.4586667,-117.9623333,9.03,0.74,ml,21,41,0.01126,0.11,ci,ci40488136,2023-06-20T17:31:43.901Z,"7km SSE of Littlerock, CA",earthquake,0.23,0.36,0.134,3,reviewed,ci,ci
2023-06-18T12:41:39.530Z,58.228,-155.061,10.65,-0.36,ml,7,169,,0.14,av,av91929546,2023-06-21T17:48:20.130Z,"81 km NNW of Karluk, Alaska",earthquake,0.6,1.09,0.116041345502704,7,reviewed,av,av
2023-06-18T12:37:26.260Z,35.1225,-97.61333333,7.13,0.81,ml,22,63,0.08998234239,0.27,ok,ok2023lvxn,2023-06-22T14:17:51.387Z,"",earthquake,,0.9,0.15,10,reviewed,ok,ok
2023-06-18T12:37:00.920Z,34.0971667,-117.315,14.88,0.7,ml,18,172,0.1149,0.1,ci,ci40488128,2023-06-21T23:14:15.447Z,"3km N of Colton, CA",earthquake,0.32,0.4,0.149,9,reviewed,ci,ci
2023-06-18T12:36:38.090Z,58.2493333333333,-155.0675,8.23,-0.33,ml,5,155,,0.07,av,av91929541,2023-06-21T17:43:30.710Z,"84 km NNW of Karluk, Alaska",earthquake,0.47,0.62,0.187985928320026,5,reviewed,av,av
2023-06-18T12:36:29.890Z,38.7991676,-122.7956696,1.09,1.04,md,11,75,0.0183,0.05,nc,nc73902521,2023-06-18T14:18:15.893Z,"4km NW of The Geysers, CA",earthquake,0.31,0.79,0.1,12,automatic,nc,nc
2023-06-18T12:35:49.730Z,58.2458333333333,-155.070166666667,8.54,-0.25,ml,11,109,,0.16,av,av91929536,2023-06-21T17:35:43.230Z,"83 km NNW of Karluk, Alaska",earthquake,0.51,0.7,0.202420102637544,10,reviewed,av,av
2023-06-18T12:33:38.580Z,33.2741667,-116.4345,3.18,1.29,ml,41,67,0.0157,0.22,ci,ci40488120,2023-06-18T13:24:44.460Z,"6km WNW of Borrego Springs, CA",earthquake,0.3,0.51,0.148,26,reviewed,ci,ci
2023-06-18T12:33:03.160Z,18.0125,-66.7403333333333,14.09,2.21,md,10,175,0.1311,0.12,pr,pr71413873,2023-06-18T12:44:40.210Z,"3 km E of Magas Arriba, Puerto Rico",earthquake,0.44,1.06,0.0301108289201308,5,reviewed,pr,pr
2023-06-18T12:30:42.198Z,61.1528,-146.1545,2.6,1.1,ml,,,,0.46,ak,ak0237rp5df3,2023-06-21T21:11:53.388Z,"10 km ENE of Valdez, Alaska",earthquake,,0.4,,,reviewed,ak,ak
2023-06-18T12:28:53.747Z,64.611,-149.2516,16.4,0.6,ml,,,,0.79,ak,ak0237rp4yxn,2023-06-21T19:35:51.708Z,"6 km W of Four Mile Road, Alaska",earthquake,,0.2,,,reviewed,ak,ak
2023-06-18T12:27:38.920Z,38.8348351,-122.793663,1.78,0.36,md,9,83,0.004411,0.01,nc,nc73902516,2023-06-18T13:52:12.732Z,"6km WNW of Cobb, CA",earthquake,0.41,1.15,0.25,10,automatic,nc,nc
2023-06-18T12:17:03.610Z,48.22983333333333,-121.32683333333334,13.25,0.9400000000000001,md,5,162,0.1689,0.1,uw,uw61933996,2023-06-19T20:40:28.710Z,"20 km E of Darrington, Washington",earthquake,0.57,1.27,0.20143848825214095,5,reviewed,uw,uw
2023-06-18T12:00:21.590Z,58.2206666666667,-155.060833333333,48.9,-0.05,ml,8,100,,0.29,av,av91929526,2023-06-21T17:29:36.260Z,"80 km NNW of Karluk, Alaska",earthquake,2.29,2.02,0.107011393367807,9,reviewed,av,av
2023-06-18T11:44:09.428Z,44.2802,-115.087,10,2.4,ml,28,104,0.759,0.62,us,us7000k9cl,2023-06-26T05:31:00.040Z,"13 km WNW of Stanley, Idaho",earthquake,2.36,1.994,0.059,38,reviewed,us,us
2023-06-18T11:42:58.770Z,38.8373337,-122.829834,2.26,0.73,md,10,93,0.004589,0.02,nc,nc73902511,2023-06-18T12:21:14.225Z,"9km NW of The Geysers, CA",earthquake,0.34,0.86,0.24,11,automatic,nc,nc
2023-06-18T11:35:23.880Z,38.8398333,-122.83,2.1,1.01,md,29,105,0.004462,0.06,nc,nc73902501,2023-06-22T02:54:14.236Z,"9km NW of The Geysers, CA",earthquake,0.17,0.4,0.175,26,reviewed,nc,nc
2023-06-18T11:28:06.495Z,60.5753,-152.7137,111.1,1.5,ml,,,,0.58,ak,ak0237rojfsu,2023-06-21T19:35:51.521Z,"",earthquake,,1.2,,,reviewed,ak,ak
2023-06-18T11:19:20.041Z,60.0951,-152.6121,94.2,1.6,ml,,,,0.52,ak,ak0237rohj8i,2023-06-21T19:35:51.288Z,"51 km WNW of Happy Valley, Alaska",earthquake,,0.5,,,reviewed,ak,ak
2023-06-18T11:17:19.900Z,38.838665,-122.8310013,2.03,0.72,md,13,107,0.003504,0.01,nc,nc73902496,2023-06-18T11:50:11.060Z,"9km NW of The Geysers, CA",earthquake,0.3,0.71,0.14,13,automatic,nc,nc
2023-06-18T11:16:40.340Z,58.1863333333333,-155.334333333333,3.47,0.25,ml,7,200,,0.12,av,av91929496,2023-06-21T17:10:07.830Z,"86 km NW of Karluk, Alaska",earthquake,0.45,1.34,0.179409591671396,7,reviewed,av,av
2023-06-18T11:15:10.560Z,38.7958333,-122.7823333,4.01,0.48,md,6,112,0.01786,0.03,nc,nc73902491,2023-06-19T21:29:18.985Z,"3km NW of The Geysers, CA",earthquake,0.53,0.68,0.026,5,reviewed,nc,nc
2023-06-18T11:07:52.650Z,38.8248329,-122.8218307,2.86,0.43,md,9,135,0.009295,0.07,nc,nc73902486,2023-06-18T11:29:15.938Z,"8km NW of The Geysers, CA",earthquake,0.85,1.81,0.21,10,automatic,nc,nc
2023-06-18T10:58:58.720Z,38.8376667,-122.8293333,2.18,1.72,md,52,48,0.004893,0.05,nc,nc73902481,2023-06-21T23:47:20.223Z,"9km NW of The Geysers, CA",earthquake,0.12,0.19,0.197,45,reviewed,nc,nc
2023-06-18T10:53:41.984Z,61.9157,-150.7939,67.5,1,ml,,,,0.47,ak,ak0237ro3fp2,2023-06-21T19:35:55.846Z,"32 km ESE of Skwentna, Alaska",earthquake,,1.2,,,reviewed,ak,ak
2023-06-18T10:51:50.540Z,38.8205,-122.823,2.3,0.42,md,18,49,0.0105,0.06,nc,nc73902476,2023-06-21T18:10:14.179Z,"8km NW of The Geysers, CA",earthquake,0.25,0.47,0.284,18,reviewed,nc,nc
2023-06-18T10:49:29.350Z,35.13233333,-97.53583333,7.19,1.68,ml,87,42,0.0602881694,0.38,ok,ok2023lvty,2023-06-21T13:39:32.670Z,"4 km NE of Cole, Oklahoma",earthquake,,0.6,0.21,34,reviewed,ok,ok
2023-06-18T10:43:51.780Z,33.4795,-116.4641667,14.36,0.83,ml,28,132,0.05432,0.1,ci,ci40488112,2023-06-21T23:18:29.470Z,"21km ESE of Anza, CA",earthquake,0.23,0.39,0.166,22,reviewed,ci,ci
2023-06-18T10:39:56.180Z,18.0851666666667,-67.0106666666667,22.5,2.14,md,4,172,0.1195,0.05,pr,pr71413913,2023-06-18T18:28:59.000Z,"Mona Passage",earthquake,1.14,1.47,0.0552024681484515,4,reviewed,pr,pr
2023-06-18T10:35:25.310Z,38.8308334,-122.8183365,1.58,1.04,md,16,51,0.00984,0.02,nc,nc73902471,2023-06-18T12:33:14.287Z,"8km NW of The Geysers, CA",earthquake,0.23,0.6,0.3,14,automatic,nc,nc
2023-06-18T10:22:46.760Z,38.3236667,-122.5825,9.31,1.13,md,35,43,0.02533,0.1,nc,nc73902466,2023-06-19T21:14:13.887Z,"6km SW of Glen Ellen, CA",earthquake,0.22,0.45,0.23,27,reviewed,nc,nc
2023-06-18T10:17:46.190Z,39.769,-124.0036667,3.6,2.02,md,34,174,0.1488,0.24,nc,nc73902461,2023-06-20T03:00:17.045Z,"16km WNW of Cape Vizcaino, CA",earthquake,0.62,1.33,0.164,22,reviewed,nc,nc
2023-06-18T10:13:36.689Z,59.9739,-152.9036,108.7,1.7,ml,,,,0.56,ak,ak0237rnuuuj,2023-06-21T19:35:51.075Z,"63 km WNW of Anchor Point, Alaska",earthquake,,0.5,,,reviewed,ak,ak
2023-06-18T09:59:54.300Z,17.9281666666667,-66.8761666666667,9.56,2.28,md,5,224,0.04672,0.1,pr,pr71413868,2023-06-18T10:17:07.440Z,"5 km SSE of Maria Antonia, Puerto Rico",earthquake,1.52,0.51,0.140667037420997,2,reviewed,pr,pr
2023-06-18T09:59:29.019Z,-15.3843,167.5109,122.521,5.3,mww,88,26,5.985,0.6,us,us7000k9ce,2023-06-21T07:11:22.040Z,"40 km ENE of Luganville, Vanuatu",earthquake,8.98,5.863,0.073,18,reviewed,us,us
2023-06-18T09:58:24.979Z,68.0685,-148.4508,3.9,1.3,ml,,,,0.69,ak,ak0237rnj1fq,2023-06-21T21:11:53.199Z,"101 km NE of Wiseman, Alaska",earthquake,,0.1,,,reviewed,ak,ak
2023-06-18T09:58:24.740Z,51.3914,179.7566,4.8,1.8,ml,,,,0.59,ak,ak0237rnj1ca,2023-06-21T19:35:55.665Z,"255 km WSW of Adak, Alaska",earthquake,,1,,,reviewed,ak,ak
2023-06-18T09:57:44.320Z,33.6725,-116.7416667,13.57,0.51,ml,21,64,0.04487,0.12,ci,ci40488104,2023-06-18T13:23:40.405Z,"8km SSW of Idyllwild, CA",earthquake,0.24,0.44,0.135,11,reviewed,ci,ci
2023-06-18T09:57:36.920Z,38.8323333,-122.8171667,1.58,0.39,md,16,54,0.0105,0.02,nc,nc73902456,2023-06-21T19:53:18.928Z,"8km NW of The Geysers, CA",earthquake,0.23,0.59,0.151,16,reviewed,nc,nc
2023-06-18T09:54:51.985Z,16.0901,-95.8448,35.496,4.4,mb,50,190,2.99,0.55,us,us7000k9cd,2023-06-18T13:45:33.427Z,"4 km S of Santa María Zapotitlán, Mexico",earthquake,10.74,13.528,0.042,160,reviewed,us,us
2023-06-18T09:49:14.210Z,37.4461667,-118.6793333,3.52,1.46,md,15,150,0.1363,0.08,nc,nc73902451,2023-06-19T07:01:18.648Z,"8km WNW of Round Valley, CA",earthquake,0.47,2.53,0.274,14,reviewed,nc,nc
2023-06-18T09:48:57.990Z,38.4866667,-112.8441667,0.43,0.98,ml,11,118,0.009191,0.11,uu,uu60542586,2023-06-20T16:29:41.990Z,"17 km NE of Milford, Utah",earthquake,0.36,1.05,0.311,3,reviewed,uu,uu
2023-06-18T09:46:54.634Z,34.4987,143.0695,10,4.4,mb,36,146,3.042,0.41,us,us7000k9cc,2023-06-18T10:03:20.040Z,"245 km SE of Hasaki, Japan",earthquake,6.25,1.9,0.092,34,reviewed,us,us
2023-06-18T09:44:57.780Z,33.1645,-115.6461667,3.41,1.41,ml,23,75,0.02715,0.23,ci,ci40488096,2023-06-22T15:29:14.211Z,"13km WNW of Calipatria, CA",earthquake,0.37,0.41,0.212,10,reviewed,ci,ci
2023-06-18T09:41:33.100Z,44.0816667,-110.3918333,3.89,0.61,md,9,186,0.3195,0.13,uu,uu60542576,2023-06-20T18:01:25.750Z,"54 km NNE of Kelly, Wyoming",earthquake,0.64,6.41,0.163,4,reviewed,uu,uu
2023-06-18T09:32:07.730Z,33.68,-116.7433333,14.21,0.44,ml,17,101,0.03947,0.12,ci,ci40488088,2023-06-18T13:23:44.407Z,"7km SSW of Idyllwild, CA",earthquake,0.32,0.47,0.107,10,reviewed,ci,ci
2023-06-18T09:30:58.637Z,62.3076,-150.9869,68,1.4,ml,,,,0.5,ak,ak0237rnd3ur,2023-06-21T19:35:50.657Z,"23 km SSW of Petersville, Alaska",earthquake,,0.4,,,reviewed,ak,ak
2023-06-18T09:28:37.148Z,51.3981,-176.1446,25.6,1.8,ml,,,,0.35,ak,ak0237rncmte,2023-06-21T19:35:55.296Z,"62 km SSE of Adak, Alaska",earthquake,,4.2,,,reviewed,ak,ak
2023-06-18T09:27:59.380Z,19.2391662597656,-155.411331176758,34.810001373291,1.95,ml,47,141,,0.119999997,hv,hv73454572,2023-06-18T09:33:29.780Z,"8 km ENE of Pāhala, Hawaii",earthquake,0.47,0.660000026,3.66,10,automatic,hv,hv
2023-06-18T09:26:26.255Z,59.1031,-136.8065,3.5,1.5,ml,,,,0.68,ak,ak0237rnc6kb,2023-06-21T21:11:53.814Z,"Southeastern Alaska",earthquake,,0.8,,,reviewed,ak,ak
2023-06-18T09:15:01.140Z,33.5216667,-116.5221667,12.12,0.43,ml,26,101,0.07207,0.11,ci,ci40488072,2023-06-20T17:24:20.860Z,"14km ESE of Anza, CA",earthquake,0.2,0.4,0.258,5,reviewed,ci,ci
2023-06-18T09:14:31.656Z,58.1016,-154.6028,84.2,5,mww,,,,0.78,ak,ak0237rn9mb0,2023-06-27T09:24:36.077Z,"59 km N of Karluk, Alaska",earthquake,,0.4,,,reviewed,ak,ak
2023-06-18T09:13:46.010Z,18.8166675567627,-155.281494140625,9.42000007629395,1.82000005,md,29,266,,0.150000006,hv,hv73454557,2023-06-18T09:16:56.130Z,"41 km SE of Naalehu, Hawaii",earthquake,1.72,1.13999999,1.82000005,4,automatic,hv,hv
2023-06-18T09:11:11.700Z,33.6698333,-116.7266667,13.52,0.34,ml,14,94,0.04252,0.08,ci,ci40488064,2023-06-20T13:31:51.240Z,"8km S of Idyllwild, CA",earthquake,0.25,0.49,0.183,5,reviewed,ci,ci
2023-06-18T09:10:28.952Z,-0.6701,-77.5812,25.791,5,mww,75,132,6.373,0.52,us,us7000k9bu,2023-06-24T14:20:20.682Z,"36 km NE of Archidona, Ecuador",earthquake,8.92,5.331,0.089,12,reviewed,us,us
2023-06-18T09:05:59.360Z,38.7876663,-122.7606659,1.28,1.09,md,12,109,0.01296,0.05,nc,nc73902441,2023-06-18T11:25:11.915Z,"1km NNW of The Geysers, CA",earthquake,0.32,0.57,0.05,11,automatic,nc,nc
2023-06-18T09:05:05.790Z,38.7893333,-122.7686667,2.14,0.44,md,21,95,0.01327,0.06,nc,nc73902436,2023-06-19T21:17:19.909Z,"2km NW of The Geysers, CA",earthquake,0.2,0.28,0.265,19,reviewed,nc,nc
2023-06-18T09:03:21.340Z,18.7455005645752,-155.246002197266,9.21000003814697,2.69,ml,37,278,,0.109999999,hv,hv73454547,2023-06-18T09:10:39.040Z,"50 km SE of Naalehu, Hawaii",earthquake,1.35,1.38999999,3.35,13,automatic,hv,hv
2023-06-18T09:01:04.503Z,63.4821,-151.1878,7.5,1,ml,,,,0.56,ak,ak0237rn6ryq,2023-06-21T19:35:55.115Z,"27 km ESE of Denali National Park, Alaska",earthquake,,0.5,,,reviewed,ak,ak
2023-06-18T08:59:48.047Z,63.4954,-151.2192,3.1,1.4,ml,,,,1.05,ak,ak0237rmxv86,2023-06-21T19:35:50.023Z,"25 km ESE of Denali National Park, Alaska",earthquake,,0.4,,,reviewed,ak,ak
2023-06-18T08:58:35.240Z,54.5615,-164.711833333333,18.69,0.34,ml,5,133,,0.19,av,av91107908,2023-06-19T01:27:56.820Z,"83 km NE of Akutan, Alaska",earthquake,1.38,1.13,0.226949992775439,5,reviewed,av,av
2023-06-18T08:53:36.630Z,47.708,-120.0425,3.8,1.19,ml,12,107,0.06593,0.1,uw,uw61933976,2023-06-18T16:44:27.070Z,"7 km NNE of Waterville, Washington",earthquake,0.3,1,0.2171026518942485,9,reviewed,uw,uw
2023-06-18T08:42:15.000Z,58.245,-155.119666666667,31.33,-0.17,ml,8,141,,0.27,av,av91107883,2023-06-19T00:41:55.530Z,"Alaska Peninsula",earthquake,1.36,1.49,0.284972974768126,8,reviewed,av,av
2023-06-18T08:40:39.020Z,19.4745006561279,-155.492340087891,-3.01999998092651,1.91,ml,30,43,,0.370000005,hv,hv73454537,2023-06-18T08:46:10.120Z,"27 km W of Volcano, Hawaii",earthquake,0.61,0.330000013,0.33,5,automatic,hv,hv
2023-06-18T08:38:57.080Z,46.071,-122.39733333333334,17.71,0.43,ml,9,103,0.1292,0.09,uw,uw61933971,2023-06-18T16:39:30.660Z,"18 km NNE of Amboy, Washington",earthquake,0.38,0.76,0.07741663766715778,5,reviewed,uw,uw
2023-06-18T08:37:02.240Z,46.844166666666666,-121.75983333333333,0.49,0.59,ml,13,108,0.02031,0.07,uw,uw61933966,2023-06-18T16:35:59.650Z,"22 km ENE of Ashford, Washington",earthquake,0.29,0.54,0.21285672663645724,8,reviewed,uw,uw
2023-06-18T08:36:18.730Z,58.2595,-155.132166666667,31.4,-0.02,ml,10,131,,0.18,av,av91929421,2023-06-21T12:34:05.280Z,"86 km NNW of Karluk, Alaska",earthquake,0.63,1.01,0.274228479451274,10,reviewed,av,av
2023-06-18T08:35:35.050Z,58.2583333333333,-155.1425,35.88,0.03,ml,12,95,,0.33,av,av91107878,2023-06-19T00:34:52.640Z,"86 km NNW of Karluk, Alaska",earthquake,1.33,1.34,0.267998788244494,11,reviewed,av,av
2023-06-18T08:33:25.970Z,58.2526666666667,-155.136666666667,32.41,0.1,ml,12,96,,0.24,av,av91107873,2023-06-19T00:24:22.930Z,"86 km NNW of Karluk, Alaska",earthquake,0.79,1,0.303366118251024,11,reviewed,av,av
2023-06-18T08:31:11.300Z,58.2635,-155.0775,31.57,0.3,ml,8,107,,0.09,av,av91107868,2023-06-19T00:14:04.740Z,"Alaska Peninsula",earthquake,0.52,0.8,0.153653643097266,6,reviewed,av,av
2023-06-18T08:29:19.870Z,58.2525,-155.124833333333,32.25,0.49,ml,12,92,,0.26,av,av91929411,2023-06-18T23:57:29.190Z,"85 km NNW of Karluk, Alaska",earthquake,0.74,1.24,0.254560586041694,11,reviewed,av,av
2023-06-18T08:25:49.460Z,34.0358333,-119.1343333,2.39,1.68,ml,33,175,0.139,0.29,ci,ci40488048,2023-06-20T17:10:37.125Z,"14km SSE of Port Hueneme, CA",earthquake,0.58,0.59,0.27,25,reviewed,ci,ci
2023-06-18T08:22:48.720Z,46.76433333333333,-121.86516666666667,10.31,1.24,ml,32,55,0.02084,0.2,uw,uw61933956,2023-06-22T20:41:30.950Z,"12 km E of Ashford, Washington",earthquake,0.3,0.4,0.16806811391394727,19,reviewed,uw,uw
2023-06-18T08:22:13.150Z,36.0385,-120.6036667,3.16,0.84,md,21,84,0.03084,0.08,nc,nc73902431,2023-06-21T16:14:13.520Z,"22km NW of Parkfield, CA",earthquake,0.31,0.51,0.241,10,reviewed,nc,nc
2023-06-18T08:13:42.380Z,35.734,-98.01183333,11.66,1.31,ml,42,60,0.1808645082,0.28,ok,ok2023lvou,2023-06-22T14:04:00.605Z,"3 km WNW of Okarche, Oklahoma",earthquake,,2.5,0.21,25,reviewed,ok,ok
2023-06-18T08:08:28.620Z,33.2808333,-116.841,14.04,0.19,ml,25,73,0.07481,0.15,ci,ci40488040,2023-06-18T14:30:00.559Z,"8km WNW of Lake Henshaw, CA",earthquake,0.24,0.58,0.153,10,reviewed,ci,ci
2023-06-18T08:05:07.728Z,60.4391,-147.6158,1.3,1.3,ml,,,,0.57,ak,ak0237rmm7i5,2023-06-21T19:35:49.816Z,"",earthquake,,0.4,,,reviewed,ak,ak
2023-06-18T07:58:21.250Z,38.8155,-122.8191667,2.94,0.44,md,12,70,0.01025,0.03,nc,nc73902426,2023-06-18T10:04:12.441Z,"7km NW of The Geysers, CA",earthquake,0.33,0.39,0.437,12,reviewed,nc,nc
2023-06-18T07:55:27.442Z,60.291,-140.5454,15,1.3,ml,,,,0.48,ak,ak0237rmbjsp,2023-06-22T21:24:10.535Z,"94 km NNW of Yakutat, Alaska",earthquake,,1.2,,,reviewed,ak,ak
2023-06-18T07:40:10.420Z,47.163333333333334,-121.77816666666666,17.69,1.58,ml,8,164,0.1458,0.07,uw,uw61933951,2023-06-18T16:28:48.470Z,"9 km W of Greenwater, Washington",earthquake,0.4,0.93,0.11169520782377607,6,reviewed,uw,uw
2023-06-18T07:38:00.063Z,53.4664,-165.6381,24.8,1.7,ml,,,,0.23,ak,ak0237rm7twm,2023-06-22T21:24:13.436Z,"Fox Islands, Aleutian Islands, Alaska",earthquake,,3.8,,,reviewed,ak,ak
2023-06-18T07:34:33.020Z,56.1948333333333,-159.449166666667,24.75,-0.14,ml,6,119,,0.26,av,av91107928,2023-06-19T04:37:20.780Z,"32 km N of Ivanof Bay, Alaska",earthquake,1.05,1.6,0.312335612263114,6,reviewed,av,av
2023-06-18T07:33:42.073Z,62.5703,-150.7782,77.5,1,ml,,,,0.53,ak,ak0237rm6ujh,2023-06-22T21:24:10.344Z,"8 km N of Petersville, Alaska",earthquake,,0.6,,,reviewed,ak,ak
2023-06-18T07:25:54.288Z,62.9889,-149.8368,84.1,1.1,ml,,,,0.53,ak,ak0237rm55qz,2023-06-22T21:24:10.146Z,"61 km NNE of Chase, Alaska",earthquake,,0.2,,,reviewed,ak,ak
2023-06-18T07:24:25.816Z,64.6592,-146.8971,6.7,0.6,ml,,,,0.45,ak,ak0237rm4vtl,2023-06-22T21:24:09.954Z,"7 km E of Eielson Air Force Base, Alaska",earthquake,,0.1,,,reviewed,ak,ak
2023-06-18T07:16:32.119Z,35.74383333,-98.017,16.56,1.29,ml,69,63,0.1808645082,0.6,ok,ok2023lvmx,2023-06-22T13:47:53.480Z,"4 km WNW of Okarche, Oklahoma",earthquake,,2.1,0.19,28,reviewed,ok,ok
2023-06-18T07:16:04.881Z,31.73331056,-104.3687653,5.514575195,2.3,ml,26,82,0.04943087313,0.2,tx,tx2023lvmx,2023-06-23T17:24:10.830Z,"",earthquake,0.717428055,1.348566155,0.2,21,reviewed,tx,tx
2023-06-18T07:14:53.350Z,34.0363333,-116.847,19.5,1.55,ml,72,45,0.03259,0.16,ci,ci40488032,2023-06-20T16:43:10.840Z,"13km NNE of Banning, CA",earthquake,0.14,0.34,0.148,57,reviewed,ci,ci
2023-06-18T07:12:05.489Z,59.2634,-151.7908,17.9,1.4,ml,,,,0.43,ak,ak0237rm25d2,2023-06-22T21:24:09.760Z,"10 km SSE of Port Graham, Alaska",earthquake,,0.2,,,reviewed,ak,ak
2023-06-18T07:09:04.723Z,64.3026,-163.5878,13.6,1.8,ml,,,,0.74,ak,ak0237rm1mi0,2023-06-22T21:24:13.252Z,"37 km SW of Golovin, Alaska",earthquake,,0.5,,,reviewed,ak,ak
2023-06-18T07:00:37.870Z,33.6546667,-116.7155,15.58,0.21,ml,26,65,0.03757,0.11,ci,ci40488024,2023-06-20T16:28:08.794Z,"10km S of Idyllwild, CA",earthquake,0.2,0.32,0.013,6,reviewed,ci,ci
2023-06-18T06:56:16.197Z,-33.057,-179.2136,57.51,4.8,mb,30,77,3.942,0.97,us,us7000k9be,2023-06-18T07:17:29.040Z,"",earthquake,10.4,8.4,0.09,39,reviewed,us,us
2023-06-18T06:50:15.059Z,61.0477,-152.3242,12.4,0.9,ml,,,,0.6,ak,ak0237rlozu2,2023-06-22T21:24:09.563Z,"64 km W of Tyonek, Alaska",earthquake,,0.1,,,reviewed,ak,ak
2023-06-18T06:45:59.788Z,58.7698,-152.7431,57.8,1.7,ml,,,,0.52,ak,ak0237rlo0wr,2023-06-22T21:24:09.138Z,"79 km N of Aleneva, Alaska",earthquake,,0.1,,,reviewed,ak,ak
2023-06-18T06:45:41.707Z,63.2693,-151.4517,10.5,1.2,ml,,,,0.69,ak,ak0237rlnzjd,2023-06-22T21:24:09.365Z,"33 km SSE of Denali National Park, Alaska",earthquake,,0.2,,,reviewed,ak,ak
2023-06-18T06:33:13.010Z,37.4431667,-118.7011667,2.69,1.22,md,9,249,0.1327,0.05,nc,nc73902416,2023-06-19T06:35:20.514Z,"10km WNW of Round Valley, CA",earthquake,2.24,4.57,0.084,6,reviewed,nc,nc
2023-06-18T06:30:02.380Z,19.1876659393311,-155.486328125,35.5499992370605,1.91999996,md,35,83,,0.150000006,hv,hv73454457,2023-06-18T06:33:26.850Z,"1 km SSW of Pāhala, Hawaii",earthquake,0.8,1.08000004,0.600000024,9,automatic,hv,hv
2023-06-18T06:23:28.660Z,34.225,-117.4601667,13,1.35,ml,54,26,0.0205,0.13,ci,ci40488016,2023-06-20T16:22:22.757Z,"5km SE of Lytle Creek, CA",earthquake,0.14,0.24,0.177,29,reviewed,ci,ci
2023-06-18T06:22:29.370Z,38.8206673,-122.7994995,2.44,0.78,md,15,50,0.008698,0.06,nc,nc73902406,2023-06-18T06:45:14.309Z,"6km NW of The Geysers, CA",earthquake,0.35,0.91,0.15,16,automatic,nc,nc
2023-06-18T06:18:21.750Z,38.7858315,-122.7258301,3.23,0.86,md,11,167,0.02421,0.06,nc,nc73902401,2023-06-18T06:35:18.258Z,"3km ENE of The Geysers, CA",earthquake,0.56,1.32,0.15,10,automatic,nc,nc
2023-06-18T06:14:21.110Z,33.4778333,-116.4621667,14.36,0.59,ml,36,81,0.05472,0.14,ci,ci40488008,2023-06-20T16:12:03.721Z,"21km ESE of Anza, CA",earthquake,0.22,0.38,0.135,12,reviewed,ci,ci
2023-06-18T06:06:55.237Z,61.5181,-149.965,44.3,1.5,ml,,,,0.42,ak,ak0237rlfnli,2023-06-22T21:24:08.896Z,"0 km WSW of Big Lake, Alaska",earthquake,,0.1,,,reviewed,ak,ak
2023-06-18T06:01:59.101Z,54.8057,-156.8885,4.1,2.9,ml,,,,0.51,ak,ak0237rleld2,2023-06-22T21:24:13.038Z,"188 km SE of Perryville, Alaska",earthquake,,1.6,,,reviewed,ak,ak
2023-06-18T05:58:55.381Z,40.1065,-119.7119,16.3,0.1,ml,3,221.76,0.066,0.0083,nn,nn00861426,2023-06-19T20:43:26.499Z,"19 km NNW of Sutcliffe, Nevada",earthquake,,3.8,0,1,reviewed,nn,nn
2023-06-18T05:55:40.070Z,38.8346667,-122.8013333,2.27,0.4,md,16,57,0.009361,0.03,nc,nc73902396,2023-06-21T16:05:15.472Z,"7km WNW of Cobb, CA",earthquake,0.24,0.58,0.144,16,reviewed,nc,nc
2023-06-18T05:43:12.173Z,53.9505,-163.6723,13.2,2,ml,,,,0.43,ak,ak0237rl227l,2023-06-22T21:24:12.854Z,"102 km S of False Pass, Alaska",earthquake,,1.2,,,reviewed,ak,ak
2023-06-18T05:34:31.090Z,58.176,-155.338833333333,1.88,0.44,ml,8,208,,0.09,av,av91929336,2023-06-21T12:14:56.960Z,"85 km NW of Karluk, Alaska",earthquake,0.36,0.55,0.369570567811567,8,reviewed,av,av
2023-06-18T05:25:44.879Z,60.1823,-152.8688,105.7,1.6,ml,,,,0.37,ak,ak0237rkya21,2023-06-22T21:24:08.696Z,"68 km WNW of Ninilchik, Alaska",earthquake,,0.2,,,reviewed,ak,ak
2023-06-18T05:21:58.144Z,38.1724,-115.9472,8.8,2.2,ml,11,83.12,0.551,0.1612,nn,nn00861355,2023-06-19T20:21:43.190Z,"61 km NNW of Rachel, Nevada",earthquake,,1.5,0.2,8,reviewed,nn,nn
2023-06-18T05:20:59.336Z,51.7548,-179.9011,13.5,1.8,ml,,,,0.56,ak,ak0237rkx8dp,2023-06-22T21:24:12.655Z,"225 km W of Adak, Alaska",earthquake,,0.6,,,reviewed,ak,ak
2023-06-18T05:20:26.252Z,60.2862,-140.6632,5.9,1.3,ml,,,,0.59,ak,ak0237rkx5tt,2023-06-22T21:24:12.456Z,"97 km NNW of Yakutat, Alaska",earthquake,,0.4,,,reviewed,ak,ak
2023-06-18T05:03:15.787Z,49.8055,-176.3597,6.9,3.4,ml,,,,0.75,ak,ak0237rkti6m,2023-06-22T21:24:08.465Z,"230 km S of Adak, Alaska",earthquake,,1.9,,,reviewed,ak,ak
2023-06-18T05:02:29.590Z,36.3163333333333,-89.5065,8.04,1.6,md,23,41,0.04013,0.08,nm,nm60529946,2023-06-20T14:06:59.870Z,"6 km NNW of Ridgely, Tennessee",earthquake,0.23,0.47,0.0690824591892252,17,reviewed,nm,nm
2023-06-18T05:00:12.460Z,35.4945,-97.991,7.22,1.56,ml,49,57,0.07648499104,0.49,ok,ok2023lvik,2023-06-22T13:13:19.615Z,"5 km SW of El Reno, Oklahoma",earthquake,,1.1,0.27,27,reviewed,ok,ok
2023-06-18T04:55:01.697Z,63.3195,-150.9748,5.7,0.9,ml,,,,0.55,ak,ak0237rkj6ef,2023-06-22T21:24:08.259Z,"44 km SE of Denali National Park, Alaska",earthquake,,0.2,,,reviewed,ak,ak
2023-06-18T04:51:16.570Z,38.7405,-123.0095,4.25,1.53,md,54,52,0.02903,0.08,nc,nc73902381,2023-06-19T20:45:14.707Z,"7km S of Cloverdale, CA",earthquake,0.18,0.32,0.158,52,reviewed,nc,nc
2023-06-18T04:50:07.990Z,60.0211666666667,-153.075833333333,0.62,-0.73,ml,4,147,,0.06,av,av91929301,2023-06-21T12:07:04.410Z,"Southern Alaska",earthquake,0.3,1.19,0.138475365930067,3,reviewed,av,av
2023-06-18T04:48:00.134Z,51.4784,-178.1384,23.6,1.9,ml,,,,0.54,ak,ak0237rkhl3g,2023-06-22T21:24:08.055Z,"112 km WSW of Adak, Alaska",earthquake,,0.2,,,reviewed,ak,ak
2023-06-18T04:43:10.150Z,33.908,-117.7833333,10.16,1.73,ml,73,36,0.0259,0.2,ci,ci40488000,2023-06-18T21:03:14.042Z,"4km NE of Yorba Linda, CA",earthquake,0.17,0.35,0.162,55,reviewed,ci,ci
2023-06-18T04:42:29.092Z,58.1703,-155.3554,4.2,0.9,ml,,,,0.36,ak,ak0237rkgg60,2023-06-22T21:24:07.870Z,"85 km NW of Karluk, Alaska",earthquake,,0.3,,,reviewed,ak,ak
2023-06-18T04:36:29.251Z,60.0898,-141.3638,1.2,1.2,ml,,,,0.54,ak,ak0237rkf5hc,2023-06-22T21:24:07.687Z,"109 km WNW of Yakutat, Alaska",earthquake,,0.5,,,reviewed,ak,ak
2023-06-18T04:33:42.890Z,37.453,-118.6503333,1.73,2.53,md,24,76,0.142,0.07,nc,nc73902376,2023-06-19T05:35:18.176Z,"6km NW of Round Valley, CA",earthquake,0.25,1.29,0.101,39,reviewed,nc,nc
2023-06-18T04:31:18.380Z,19.2024993896484,-155.386001586914,30.0300006866455,1.79999995,md,28,180,,0.129999995,hv,hv73454347,2023-06-18T04:34:40.010Z,"9 km E of Pāhala, Hawaii",earthquake,0.63,1.00999999,0.889999986,3,automatic,hv,hv
2023-06-18T04:19:31.226Z,62.6767,-150.3956,70.3,1.1,ml,,,,0.7,ak,ak0237rkbiwq,2023-06-22T21:24:07.487Z,"27 km NE of Petersville, Alaska",earthquake,,0.4,,,reviewed,ak,ak
2023-06-18T04:12:22.770Z,46.85216666666667,-121.73366666666666,14.32,0.46,ml,11,95,0.01654,0.34,uw,uw61933926,2023-06-18T16:25:56.580Z,"24 km ENE of Ashford, Washington",earthquake,1.72,1.01,0.15030727804823557,7,reviewed,uw,uw
2023-06-18T04:12:15.630Z,38.8116684,-122.8238297,1.97,0.75,md,6,137,0.005028,0.01,nc,nc73902371,2023-06-18T04:58:15.848Z,"7km WNW of The Geysers, CA",earthquake,0.57,1.07,0.14,7,automatic,nc,nc
2023-06-18T04:10:36.900Z,38.7876663,-122.7661667,2.31,1.1,md,20,76,0.01389,0.05,nc,nc73902366,2023-06-18T07:20:13.535Z,"1km NW of The Geysers, CA",earthquake,0.26,0.51,0.14,18,automatic,nc,nc
2023-06-18T04:08:43.520Z,58.1861666666667,-155.275,3.89,0.62,ml,7,185,,0.07,av,av91929271,2023-06-21T11:56:54.830Z,"84 km NW of Karluk, Alaska",earthquake,0.45,0.89,0.479432281951765,7,reviewed,av,av
2023-06-18T04:03:14.397Z,61.0545,-150.3308,16.5,1.2,ml,,,,0.66,ak,ak0237rk8225,2023-06-22T21:24:07.283Z,"24 km NE of Point Possession, Alaska",earthquake,,0.2,,,reviewed,ak,ak
2023-06-18T03:58:39.266Z,-23.1515,-66.3282,226.463,4.5,mwr,64,43,1.716,0.91,us,us7000k9al,2023-06-18T04:16:20.040Z,"66 km W of El Aguilar, Argentina",earthquake,7.9,7.235,,,reviewed,us,guc
2023-06-18T03:57:57.690Z,38.82,-122.82,2.6,1.38,md,44,45,0.008462,0.06,nc,nc73902361,2023-06-21T01:08:12.118Z,"7km NW of The Geysers, CA",earthquake,0.13,0.27,0.174,36,reviewed,nc,nc
2023-06-18T03:57:11.650Z,38.4833333,-112.8453333,0.32,1.67,ml,15,105,0.01019,0.11,uu,uu60542566,2023-06-20T13:36:20.580Z,"17 km ENE of Milford, Utah",earthquake,0.3,1.11,0.498,2,reviewed,uu,uu
2023-06-18T03:53:35.940Z,44.5258333333333,-115.234,12.55,2.23,ml,10,93,0.6371,0.07,mb,mb90018718,2023-06-18T14:30:15.700Z,"southern Idaho",earthquake,0.38,1,0.203968825780424,21,reviewed,mb,mb
2023-06-18T03:51:03.843Z,62.9186,-149.3815,75.6,1,ml,,,,0.53,ak,ak0237rjww34,2023-06-22T21:24:12.266Z,"57 km SSW of Cantwell, Alaska",earthquake,,0.2,,,reviewed,ak,ak
2023-06-18T03:44:59.090Z,39.0893333,-123.0895,10.52,4.35,mw,92,64,0.04182,0.11,nc,nc73902356,2023-06-24T17:59:32.612Z,"8km SE of Talmage, CA",earthquake,0.13,0.35,,4,reviewed,nc,nc
2023-06-18T03:43:55.280Z,38.8355,-122.795,2.02,0.35,md,13,57,0.004654,0.01,nc,nc73902351,2023-06-19T21:07:15.837Z,"6km WNW of Cobb, CA",earthquake,0.38,1.15,0.143,12,reviewed,nc,nc
2023-06-18T03:34:44.460Z,38.8358345,-122.7945023,2.21,0.76,md,13,58,0.004142,0.01,nc,nc73902346,2023-06-18T05:17:18.838Z,"6km WNW of Cobb, CA",earthquake,0.32,0.87,0.14,13,automatic,nc,nc
2023-06-18T03:33:46.365Z,62.2252,-151.133,72.1,1.7,ml,,,,0.4,ak,ak0237rjt4ft,2023-06-22T21:24:07.048Z,"29 km NNE of Skwentna, Alaska",earthquake,,0.2,,,reviewed,ak,ak
2023-06-18T03:26:12.513Z,61.589,-151.629,81,1.2,ml,,,,0.48,ak,ak0237rjrjur,2023-06-22T21:24:12.076Z,"46 km SSW of Skwentna, Alaska",earthquake,,0.3,,,reviewed,ak,ak
2023-06-18T03:24:56.450Z,19.1611671447754,-155.50666809082,34.3499984741211,1.87,md,32,211,,0.140000001,hv,hv73454317,2023-06-18T03:28:04.130Z,"5 km SSW of Pāhala, Hawaii",earthquake,0.94,0.819999993,1.66999996,10,automatic,hv,hv
2023-06-18T03:21:08.080Z,58.2305,-155.125666666667,4.27,-0.45,ml,4,166,,0.04,av,av91929221,2023-06-21T11:52:27.540Z,"",earthquake,0.31,1.28,0.279971105939458,5,reviewed,av,av
2023-06-18T03:20:01.040Z,38.7503319,-122.6988297,0,1.18,md,8,231,0.01782,0.04,nc,nc73902336,2023-06-18T04:51:15.683Z,"3km SSW of Anderson Springs, CA",earthquake,1.07,0.67,0.25,5,automatic,nc,nc
2023-06-18T03:19:47.150Z,38.7593346,-122.7061691,-0.06,1.13,md,8,188,0.01479,0.05,nc,nc73902331,2023-06-18T04:22:15.637Z,"2km SW of Anderson Springs, CA",earthquake,0.51,0.92,0.11,5,automatic,nc,nc
2023-06-18T03:13:59.826Z,53.1903,-166.6594,27.2,2.1,ml,,,,0.31,ak,ak0237rjoyfh,2023-06-22T21:24:06.843Z,"76 km S of Unalaska, Alaska",earthquake,,12,,,reviewed,ak,ak
2023-06-18T03:12:38.757Z,62.4784,-151.1871,80.1,1,ml,,,,0.26,ak,ak0237rjoltw,2023-06-22T21:24:06.658Z,"21 km W of Petersville, Alaska",earthquake,,0.3,,,reviewed,ak,ak
2023-06-18T03:06:13.482Z,54.3292,-161.1399,27.557,2.8,ml,13,245,1.092,0.25,us,us7000kagb,2023-06-23T04:29:42.040Z,"111 km SE of King Cove, Alaska",earthquake,4.36,13.275,0.148,6,reviewed,us,us
2023-06-18T03:05:51.439Z,35.478,-98,4.61,1.33,ml,35,59,0.05848852256,0.35,ok,ok2023lveq,2023-06-21T15:05:54.323Z,"7 km SW of El Reno, Oklahoma",earthquake,,1,0.26,19,reviewed,ok,ok
2023-06-18T03:04:04.930Z,58.6973,-153.1744,64.4,1.5,ml,,,,0.32,ak,ak0237rjmtil,2023-06-22T21:24:11.878Z,"72 km NNW of Aleneva, Alaska",earthquake,,0.3,,,reviewed,ak,ak
2023-06-18T02:59:32.039Z,35.13583333,-97.5285,6.7,1.54,ml,70,73,0.06298763968,0.33,ok,ok2023lvel,2023-06-21T13:27:30.869Z,"4 km W of Goldsby, Oklahoma",earthquake,,0.6,0.23,28,reviewed,ok,ok
2023-06-18T02:58:22.828Z,35.6501,79.8224,10,4.5,mb,24,121,5.758,1.35,us,us7000k9ab,2023-06-18T03:24:35.040Z,"73 km S of Kashitashi, China",earthquake,6.24,1.939,0.095,32,reviewed,us,us
2023-06-18T02:56:46.090Z,38.4836667,-112.8443333,0.13,1.19,ml,12,104,0.01058,0.07,uu,uu60542561,2023-06-20T13:51:18.630Z,"Utah",earthquake,0.26,2.06,0.01,2,reviewed,uu,uu
2023-06-18T02:56:12.655Z,38.6348,-119.813,6.3,1.1,ml,6,225.57,0.234,0.1292,nn,nn00861425,2023-06-19T20:43:24.932Z,"7 km SSW of Markleeville, California",earthquake,,6.7,0.07,2,reviewed,nn,nn
2023-06-18T02:56:02.170Z,17.9863333333333,-66.8111666666667,13.87,2.51,md,10,188,0.06577,0.11,pr,pr71413833,2023-06-18T03:19:45.440Z,"1 km SE of Indios, Puerto Rico",earthquake,0.67,0.37,0.218578233495027,6,reviewed,pr,pr
2023-06-18T02:55:28.820Z,38.4846667,-112.843,-0.45,0.38,md,8,104,0.0252,0.06,uu,uu60033469,2023-06-20T13:56:29.080Z,"17 km ENE of Milford, Utah",earthquake,0.32,0.13,0.184,5,reviewed,uu,uu
2023-06-18T02:55:21.930Z,38.4858333,-112.8425,0.05,0.1,md,10,104,0.02511,0.07,uu,uu60542556,2023-06-20T14:07:51.890Z,"17 km NE of Milford, Utah",earthquake,0.5,7.63,0.317,4,reviewed,uu,uu
2023-06-18T02:52:01.058Z,38.6357,-119.8167,3,1.4,ml,7,225.74,0.237,0.0899,nn,nn00861424,2023-06-21T21:27:01.120Z,"7 km SSW of Markleeville, California",earthquake,,17.3,0.38,3,reviewed,nn,nn
2023-06-18T02:41:23.930Z,44.5151666666667,-115.225,8.52,2.27,ml,15,94,0.6441,0.19,mb,mb90018713,2023-06-19T14:08:59.540Z,"40 km NW of Stanley, Idaho",earthquake,0.51,0.91,0.209513079809902,20,reviewed,mb,mb
2023-06-18T02:35:24.294Z,43.8142,-115.0312,10,2.2,ml,17,136,0.514,0.9,us,us7000k9a8,2023-06-21T22:11:01.040Z,"45 km S of Stanley, Idaho",earthquake,1.85,2.012,0.091,16,reviewed,us,us
2023-06-18T02:27:03.600Z,33.033,-116.4315,7.84,1.08,ml,38,56,0.04454,0.17,ci,ci40487984,2023-06-18T18:52:06.623Z,"17km ESE of Julian, CA",earthquake,0.21,0.5,0.169,8,reviewed,ci,ci
2023-06-18T02:10:01.720Z,36.879,-121.3003333,6.85,1.83,md,45,94,0.02339,0.09,nc,nc73902326,2023-06-21T02:48:16.731Z,"9km ENE of Hollister, CA",earthquake,0.22,0.37,0.177,44,reviewed,nc,nc
2023-06-18T02:03:02.480Z,38.819,-122.8241667,2.73,-0.14,md,17,54,0.01085,0.05,nc,nc73902321,2023-06-20T22:01:16.042Z,"8km NW of The Geysers, CA",earthquake,0.3,0.44,0.216,15,reviewed,nc,nc
2023-06-18T01:54:43.390Z,36.773,-121.307,9.11,1.31,md,28,96,0.07271,0.1,nc,nc73902311,2023-06-21T01:39:15.317Z,"2km SSE of Tres Pinos, CA",earthquake,0.32,0.55,0.234,19,reviewed,nc,nc
2023-06-18T01:46:16.180Z,58.192,-155.3345,0.76,0.35,ml,8,198,,0.09,av,av91929151,2023-06-20T00:38:55.590Z,"",earthquake,0.41,0.6,0.228001886465865,9,reviewed,av,av
2023-06-18T01:39:18.880Z,58.293,-154.972166666667,2.93,0.31,ml,12,134,,0.19,av,av91929146,2023-06-20T00:35:23.500Z,"86 km NNW of Karluk, Alaska",earthquake,0.44,0.97,0.270863951445774,13,reviewed,av,av
2023-06-18T01:34:27.952Z,52.0961,-177.383,120.5,1.9,ml,,,,0.39,ak,ak0237rimfkb,2023-06-22T21:24:11.483Z,"57 km WNW of Adak, Alaska",earthquake,,2.2,,,reviewed,ak,ak
2023-06-18T01:31:07.020Z,38.7933333,-122.7813333,3.47,1.39,md,41,78,0.005148,0.04,nc,nc73902306,2023-06-21T01:13:13.148Z,"3km NW of The Geysers, CA",earthquake,0.17,0.27,0.168,32,reviewed,nc,nc
2023-06-18T01:27:41.490Z,19.7718,-65.682,39,3.72,md,13,287,1.5177,0.44,pr,pr2023169001,2023-06-18T02:23:07.040Z,"149 km N of Suárez, Puerto Rico",earthquake,3.74,26.48,0.07,5,reviewed,pr,pr
2023-06-18T01:24:34.350Z,51.7183,177.8591,81.751,2.6,ml,13,307,0.466,0.19,us,us7000kaga,2023-06-23T04:26:52.040Z,"Rat Islands, Aleutian Islands, Alaska",earthquake,8.56,12.409,0.148,6,reviewed,us,us
2023-06-18T01:16:29.940Z,60.0198333333333,-153.1005,1.27,-0.79,ml,4,176,,0.05,av,av91929121,2023-06-20T00:26:50.270Z,"61 km ENE of Pedro Bay, Alaska",earthquake,0.3,0.28,0.195140096290201,4,reviewed,av,av
2023-06-18T01:09:08.862Z,51.8333,-178.212,97.2,2,ml,,,,0.31,ak,ak0237rih1tx,2023-06-22T21:24:06.462Z,"108 km W of Adak, Alaska",earthquake,,0.5,,,reviewed,ak,ak
2023-06-18T01:05:30.257Z,18.7301,-69.0751,121.795,2.9,ml,14,140,0.296,0.84,us,us7000k9a5,2023-06-18T01:45:47.040Z,"5 km SW of Santa Cruz de El Seibo, Dominican Republic",earthquake,6.34,6.546,0.081,20,reviewed,us,us
2023-06-18T01:02:49.780Z,58.2561666666667,-155.092666666667,3.63,0.09,ml,11,97,,0.1,av,av91929101,2023-06-20T00:06:29.020Z,"85 km NNW of Karluk, Alaska",earthquake,0.26,0.46,0.226724381438506,11,reviewed,av,av
2023-06-18T00:59:56.294Z,61.5651,-149.7405,52.6,1.4,ml,,,,0.34,ak,ak0237ri6f0k,2023-06-22T21:24:06.258Z,"8 km SSE of Houston, Alaska",earthquake,,0.3,,,reviewed,ak,ak
2023-06-18T00:57:48.790Z,58.8869,-139.0995,17.1,2.5,ml,,,,0.83,ak,ak0237ri5zst,2023-06-22T21:24:06.049Z,"81 km SSE of Yakutat, Alaska",earthquake,,1.3,,,reviewed,ak,ak
2023-06-18T00:56:00.110Z,38.7943344,-122.8078308,3.43,0.36,md,12,83,0.00706,0.02,nc,nc73902296,2023-06-18T02:11:19.685Z,"5km WNW of The Geysers, CA",earthquake,0.44,1.13,0.26,12,automatic,nc,nc
2023-06-18T00:54:22.560Z,58.2556666666667,-155.089833333333,3.68,-0.27,ml,6,131,,0.07,av,av91929096,2023-06-20T00:14:53.640Z,"Alaska Peninsula",earthquake,0.31,0.56,0.145931831401435,6,reviewed,av,av
2023-06-18T00:54:12.660Z,38.4778333,-112.8596667,-2.96,-0.1,md,7,163,0.01905,0.19,uu,uu60542546,2023-06-20T14:12:31.470Z,"",earthquake,0.74,1.66,0.56,3,reviewed,uu,uu
2023-06-18T00:53:12.990Z,38.484,-112.844,0.58,-0.3,md,8,105,0.01059,0.07,uu,uu60033474,2023-06-20T18:09:42.690Z,"17 km ENE of Milford, Utah",earthquake,0.54,1,0.294,4,reviewed,uu,uu
2023-06-18T00:53:05.450Z,38.4833333,-112.8473333,0.91,-0.28,md,8,102,0.009076,0.09,uu,uu60542551,2023-06-20T18:06:35.390Z,"17 km NE of Milford, Utah",earthquake,0.28,0.95,0.274,4,reviewed,uu,uu
2023-06-18T00:46:57.045Z,61.4322,-140.285,4,0.9,ml,,,,0.69,ak,ak0237ri3mso,2023-06-22T21:24:10.926Z,"140 km E of McCarthy, Alaska",earthquake,,0.2,,,reviewed,ak,ak
2023-06-18T00:45:03.110Z,53.9396666666667,-166.564,11.34,0.1,ml,7,167,,0.2,av,av91929081,2023-06-20T00:21:11.810Z,"5 km NNW of Dutch Harbor, Alaska",earthquake,1.41,1.25,0.163182484706758,8,reviewed,av,av
2023-06-18T00:44:13.807Z,63.1782,-150.6259,110.7,1.2,ml,,,,0.36,ak,ak0237ri3410,2023-06-22T21:24:11.109Z,"68 km SE of Denali National Park, Alaska",earthquake,,0.5,,,reviewed,ak,ak
2023-06-18T00:40:29.700Z,58.2555,-155.088166666667,3.95,-0.24,ml,10,100,,0.09,av,av91929071,2023-06-20T00:10:46.280Z,"85 km NNW of Karluk, Alaska",earthquake,0.24,0.45,0.173795865741285,9,reviewed,av,av
2023-06-18T00:38:26.440Z,58.2628333333333,-155.0805,4.23,0.33,ml,12,105,,0.19,av,av91929066,2023-06-20T00:01:06.900Z,"85 km NNW of Karluk, Alaska",earthquake,0.32,0.61,0.213322313262554,12,reviewed,av,av
2023-06-18T00:32:12.830Z,58.2573333333333,-155.088333333333,4.15,-0.32,ml,6,129,,0.04,av,av91929056,2023-06-19T23:57:03.860Z,"85 km NNW of Karluk, Alaska",earthquake,0.29,0.55,0.100605272157769,6,reviewed,av,av
2023-06-18T00:29:09.520Z,58.2573333333333,-155.079833333333,3.7,0.11,ml,10,107,,0.18,av,av91929041,2023-06-19T23:54:29.090Z,"85 km NNW of Karluk, Alaska",earthquake,0.51,0.62,0.24618442482028,10,reviewed,av,av
2023-06-18T00:27:57.760Z,58.2568333333333,-155.0925,3.52,-0.02,ml,10,103,,0.08,av,av91929036,2023-06-19T23:47:00.920Z,"Alaska Peninsula",earthquake,0.25,0.43,0.238562206366885,10,reviewed,av,av
2023-06-18T00:27:38.568Z,29.52575684,-96.91337316,8.363525391,2.3,ml,11,157,0.1571768781,0.3,tx,tx2023luzl,2023-06-23T15:36:19.012Z,"6 km SSW of Hackberry, Texas",earthquake,4.807483402,4.361079947,0.2,10,reviewed,tx,tx
2023-06-18T00:27:19.960Z,35.7425,-97.998,17.73,1.5,ml,86,41,0.1943618596,0.52,ok,ok2023luzk,2023-06-22T12:56:36.532Z,"2 km NW of Okarche, Oklahoma",earthquake,,1.8,0.22,40,reviewed,ok,ok
2023-06-18T00:26:06.520Z,38.483,-112.8468333,-0.18,-0.27,md,7,189,0.009586,0.08,uu,uu60542541,2023-06-20T18:20:52.420Z,"Utah",earthquake,0.5,0.12,0.428,3,reviewed,uu,uu
2023-06-18T00:25:39.250Z,58.2591666666667,-155.072166666667,4.19,-0.01,ml,8,118,,0.1,av,av91929031,2023-06-18T20:13:33.620Z,"85 km NNW of Karluk, Alaska",earthquake,0.28,0.49,0.225785246017252,9,reviewed,av,av
2023-06-18T00:23:46.480Z,58.2585,-155.0835,3.98,0.03,ml,10,106,,0.16,av,av91929026,2023-06-18T20:21:28.480Z,"85 km NNW of Karluk, Alaska",earthquake,0.32,0.6,0.212908568740665,10,reviewed,av,av
2023-06-18T00:18:50.280Z,60.546,-150.8591,12.3,1.2,ml,,,,0.72,ak,ak0237rhxm84,2023-06-22T21:24:10.723Z,"5 km W of Sterling, Alaska",earthquake,,0.3,,,reviewed,ak,ak
2023-06-18T00:17:05.580Z,58.2576666666667,-155.076,4.12,0.51,ml,8,109,,0.18,av,av91929021,2023-06-18T12:32:14.430Z,"85 km NNW of Karluk, Alaska",earthquake,0.36,0.83,0.235963558457593,8,reviewed,av,av
2023-06-18T00:15:45.740Z,19.2399997711182,-155.397338867188,31.0799999237061,1.99,ml,26,155,,0.170000002,hv,hv73454222,2023-06-18T00:21:23.130Z,"9 km ENE of Pāhala, Hawaii",earthquake,0.7,1.01999998,0.23,4,automatic,hv,hv
2023-06-18T00:15:10.670Z,62.879,-149.4106,66.9,1.3,ml,,,,0.57,ak,ak0237rhww0o,2023-06-22T21:24:05.840Z,"59 km NE of Chase, Alaska",earthquake,,0.2,,,reviewed,ak,ak
2023-06-18T00:07:49.330Z,38.7793333,-122.7133333,2.47,0.26,md,13,101,0.009083,0.04,nc,nc73902286,2023-06-21T23:54:17.269Z,"2km WNW of Anderson Springs, CA",earthquake,0.63,0.9,0.212,6,reviewed,nc,nc
2023-06-18T00:07:41.720Z,58.26,-155.0845,3.94,0.31,ml,9,102,,0.17,av,av91929011,2023-06-18T12:27:56.100Z,"85 km NNW of Karluk, Alaska",earthquake,0.35,0.68,0.178501635888482,9,reviewed,av,av
2023-06-18T00:04:43.698Z,60.6676,-141.5846,13.9,1.4,ml,,,,0.88,ak,ak0237rhulpi,2023-06-22T21:24:05.628Z,"Southern Alaska",earthquake,,0.1,,,reviewed,ak,ak
2023-06-17T23:54:40.450Z,47.775333333333336,-122.35666666666667,25.96,1.34,ml,15,115,0.09667,0.27,uw,uw61933881,2023-06-18T00:22:51.400Z,"1 km S of Esperance, Washington",earthquake,0.75,1,0.12702172309741688,6,reviewed,uw,uw
2023-06-17T23:45:42.822Z,61.3557,-141.1548,1.4,0.7,ml,,,,0.36,ak,ak0237q890p4,2023-06-21T01:09:10.035Z,"94 km E of McCarthy, Alaska",earthquake,,7.6,,,reviewed,ak,ak
2023-06-17T23:40:06.737Z,-22.961,-177.0474,152.596,4.4,mb,27,121,2.47,0.64,us,us7000kamb,2023-06-26T22:58:36.040Z,"267 km SW of Houma, Tonga",earthquake,9.7,6.705,0.139,15,reviewed,us,us
2023-06-17T23:36:52.706Z,63.1311,-152.2795,5.5,1.6,ml,,,,0.81,ak,ak0237q873q4,2023-06-20T23:53:51.787Z,"53 km SSW of Denali National Park, Alaska",earthquake,,0.3,,,reviewed,ak,ak
2023-06-17T23:29:57.970Z,38.4873333,-112.8403333,0.26,1.22,ml,8,203,0.01186,0.06,uu,uu60542531,2023-06-20T14:17:42.000Z,"Utah",earthquake,0.52,1.25,0.118,2,reviewed,uu,uu
2023-06-17T23:28:36.900Z,38.4855,-112.8391667,0.15,1.24,ml,11,205,0.01327,0.09,uu,uu60542526,2023-06-20T13:57:02.840Z,"17 km ENE of Milford, Utah",earthquake,0.49,1.85,0.002,2,reviewed,uu,uu
2023-06-17T23:27:10.960Z,38.4831667,-112.8486667,0.11,-0.05,md,5,240,0.02199,0.05,uu,uu60033464,2023-06-20T13:39:58.780Z,"Utah",earthquake,0.79,31.61,0.076,2,reviewed,uu,uu
2023-06-17T23:25:35.880Z,39.1545,-111.898,14.59,2.87,ml,33,50,0.1837,0.19,uu,uu60542516,2023-06-24T20:35:02.040Z,"6 km W of Gunnison, Utah",earthquake,0.34,0.64,0.09,31,reviewed,uu,uu
2023-06-17T23:25:09.820Z,37.129,-121.5005,10.89,0.71,md,10,81,0.0535,0.07,nc,nc73902281,2023-06-19T18:40:12.043Z,"11km ENE of San Martin, CA",earthquake,0.4,0.73,0.257,10,reviewed,nc,nc
2023-06-17T23:23:21.960Z,33.1798333,-116.024,5.22,0.96,ml,23,44,0.03931,0.17,ci,ci40487944,2023-06-18T18:45:50.584Z,"11km ENE of Ocotillo Wells, CA",earthquake,0.23,0.55,0.091,12,reviewed,ci,ci
2023-06-17T23:22:49.800Z,38.4845,-112.8408333,0.32,1.17,ml,12,107,0.01247,0.08,uu,uu60542511,2023-06-20T16:05:21.880Z,"17 km ENE of Milford, Utah",earthquake,0.37,1.77,0.073,2,reviewed,uu,uu
2023-06-17T23:21:33.547Z,-23.9904,-176.1331,10,4.6,mb,28,69,2.936,0.62,us,us7000kama,2023-06-24T20:50:12.040Z,"",earthquake,7.2,1.712,0.126,19,reviewed,us,us
2023-06-17T23:20:22.440Z,44.7793333,-110.7015,2.27,0.18,md,4,251,0.06578,0.16,uu,uu60542506,2023-06-20T18:26:46.490Z,"21 km S of Mammoth, Wyoming",earthquake,2.14,10.96,0.495,3,reviewed,uu,uu
2023-06-17T23:16:21.479Z,-23.8866,-175.6426,10.047,5.4,mww,90,89,2.734,0.57,us,us7000k99n,2023-06-27T05:13:15.624Z,"Tonga region",earthquake,8.81,3.521,0.071,19,reviewed,us,us
2023-06-17T23:14:40.320Z,34.0706667,-117.2906667,11.44,1.38,ml,66,21,0.03524,0.17,ci,ci40487928,2023-06-18T14:22:21.635Z,"2km E of Colton, CA",earthquake,0.15,0.27,0.119,49,reviewed,ci,ci
2023-06-17T23:14:16.740Z,58.2305,-155.135666666667,5.67,0.06,ml,6,108,,0.05,av,av91928976,2023-06-18T12:23:29.560Z,"84 km NNW of Karluk, Alaska",earthquake,0.35,0.81,0.261965823168815,6,reviewed,av,av
2023-06-17T23:14:02.461Z,-23.7875,-175.473,10,5.1,mb,45,52,2.617,0.44,us,us7000k99p,2023-06-27T04:47:03.040Z,"",earthquake,5.34,1.717,0.119,23,reviewed,us,us
2023-06-17T23:11:28.583Z,2.6182,126.1509,55.789,4.6,mb,74,82,2.2,0.51,us,us7000k99m,2023-06-25T02:23:15.040Z,"172 km NE of Bitung, Indonesia",earthquake,7.44,2.52,0.071,60,reviewed,us,us
2023-06-17T23:06:05.270Z,19.653,-65.7285,80,3.79,md,10,286,1.4175,0.51,pr,pr2023168001,2023-06-25T02:32:00.040Z,"135 km N of Suárez, Puerto Rico",earthquake,7.05,15.15,0.03,6,reviewed,pr,pr
2023-06-17T23:04:20.560Z,38.8310013,-122.814003,1.47,0.76,md,11,69,0.008192,0.01,nc,nc73902271,2023-06-18T00:52:13.192Z,"8km NW of The Geysers, CA",earthquake,0.28,0.87,0.33,14,automatic,nc,nc
2023-06-17T23:04:20.226Z,61.3778,-151.8445,87.2,2.3,ml,,,,0.61,ak,ak0237q8068w,2023-06-25T02:33:50.040Z,"Southern Alaska",earthquake,,0.3,,,reviewed,ak,ak
2023-06-17T22:59:52.485Z,61.0012,-148.5949,7.3,1.7,ml,,,,0.88,ak,ak0237q7qlj9,2023-06-20T23:53:51.231Z,"25 km N of Whittier, Alaska",earthquake,,0.2,,,reviewed,ak,ak
2023-06-17T22:56:45.880Z,52.0768333333333,-176.145666666667,-1.8,-0.3,ml,4,173,,0.26,av,av91928961,2023-06-18T12:19:02.510Z,"",earthquake,0.89,1.79,0.202025966859217,4,reviewed,av,av
2023-06-17T22:52:37.117Z,-20.54,-70.6485,35,3.6,mb,7,212,0.555,1.03,us,us7000k99h,2023-06-25T02:49:20.040Z,"61 km WSW of La Tirana, Chile",earthquake,3.66,2.001,0.353,2,reviewed,us,us
2023-06-17T22:51:33.870Z,56.848,-158.305666666667,3.59,1.11,ml,4,201,,0.22,av,av91107818,2023-06-18T04:14:27.460Z,"61 km NNE of Chignik Lagoon, Alaska",earthquake,1.65,3.48,0.24714548977865,4,reviewed,av,av
2023-06-17T22:51:02.420Z,63.8215,-147.7209,3.5,0.9,ml,,,,0.75,ak,ak0237q7orzz,2023-06-20T23:53:51.028Z,"Central Alaska",earthquake,,0.5,,,reviewed,ak,ak
2023-06-17T22:45:27.073Z,59.2031,-152.2145,64,1.5,ml,,,,0.22,ak,ak0237q7njna,2023-06-20T23:53:50.823Z,"23 km SW of Nanwalek, Alaska",earthquake,,0.9,,,reviewed,ak,ak
2023-06-17T22:44:23.660Z,37.76,-122.5656667,11.51,1.05,md,14,188,0.08004,0.04,nc,nc73902266,2023-06-19T18:30:12.843Z,"6km WNW of San Francisco Zoo, CA",earthquake,0.63,1.15,0.165,11,reviewed,nc,nc
2023-06-17T22:31:37.479Z,-34.8682,-70.9831,105.16,4.8,mwr,179,55,0.483,0.54,us,us7000k99e,2023-06-27T05:06:02.031Z,"Chile-Argentina border region",earthquake,4.88,3.912,0.045,48,reviewed,us,us
2023-06-17T22:24:48.860Z,47.9595,-122.477,35.83,1.08,md,13,83,0.0703,0.17,uw,uw61933851,2023-06-17T23:26:52.550Z,"Puget Sound region, Washington",earthquake,0.96,0.64,0.18975655125435775,11,reviewed,uw,uw
2023-06-17T22:23:50.560Z,35.0688333,-118.3296667,1.97,1.6,ml,35,33,0.07866,0.18,ci,ci40487912,2023-06-18T18:28:19.488Z,"13km ESE of Tehachapi, CA",earthquake,0.19,0.32,0.135,19,reviewed,ci,ci
2023-06-17T22:22:32.787Z,61.7992,-150.9103,72.5,1.7,ml,,,,0.51,ak,ak0237q7imi5,2023-06-20T23:53:50.576Z,"Southern Alaska",earthquake,,0.4,,,reviewed,ak,ak
2023-06-17T22:20:24.254Z,33.0208,75.9599,10,4.3,mb,58,99,2.339,0.44,us,us7000k99b,2023-06-26T00:37:52.040Z,"23 km ENE of Bhadarwāh, India",earthquake,7.97,1.877,0.096,31,reviewed,us,us
2023-06-17T22:18:11.250Z,44.6971667,-110.6766667,6.24,1.15,md,10,83,0.01569,0.07,uu,uu60542501,2023-06-20T15:45:13.430Z,"31 km S of Mammoth, Wyoming",earthquake,0.5,0.46,0.624,4,reviewed,uu,uu
2023-06-17T22:10:07.460Z,38.8348333,-122.8003333,2.07,0.39,md,11,97,0.00858,0.01,nc,nc73902251,2023-06-19T18:20:11.785Z,"7km WNW of Cobb, CA",earthquake,0.42,0.98,0.227,11,reviewed,nc,nc
2023-06-17T22:07:42.090Z,33.3231667,-116.3296667,11.66,0.53,ml,21,130,0.03158,0.15,ci,ci40487904,2023-06-18T18:21:29.035Z,"9km NNE of Borrego Springs, CA",earthquake,0.32,0.59,0.202,5,reviewed,ci,ci
2023-06-17T22:06:59.690Z,69.2515,-144.5779,16.7,1.8,ml,,,,0.39,ak,ak0237q7f945,2023-06-21T01:09:09.839Z,"northern Alaska",earthquake,,1.3,,,reviewed,ak,ak
2023-06-17T22:03:22.910Z,38.7975,-122.7363333,2.15,0.56,md,16,150,0.01425,0.03,nc,nc73902246,2023-06-19T20:57:16.779Z,"3km NE of The Geysers, CA",earthquake,0.35,0.84,0.161,13,reviewed,nc,nc
2023-06-17T22:02:56.211Z,37.6319,37.4027,10,4.3,mb,55,85,0.418,0.74,us,us7000k999,2023-06-17T22:38:57.040Z,"16 km SE of Çağlayancerit, Turkey",earthquake,2.65,1.864,0.09,35,reviewed,us,us
2023-06-17T22:01:16.105Z,36.6492,-116.2736,6.9,-0.5,ml,4,202.86,0.053,0.0174,nn,nn00861441,2023-06-19T22:03:55.383Z,"52 km ESE of Beatty, Nevada",earthquake,,4.4,0,1,reviewed,nn,nn
2023-06-17T21:59:18.700Z,38.810833,-122.821167,2.67,0.76,md,14,59,0.006559,0.06,nc,nc73902241,2023-06-18T00:25:15.033Z,"7km WNW of The Geysers, CA",earthquake,0.34,0.78,0.33,14,automatic,nc,nc
2023-06-17T21:58:08.075Z,55.6719,-155.3974,2.1,2.8,ml,,,,0.67,ak,ak0237q74wn5,2023-06-26T01:23:42.040Z,"160 km SSW of Akhiok, Alaska",earthquake,,1.5,,,reviewed,ak,ak
2023-06-17T21:51:55.832Z,53.6009,-162.7415,10,2.6,ml,16,238,1.319,0.33,us,us7000k9zj,2023-06-26T03:05:37.040Z,"146 km SSE of False Pass, Alaska",earthquake,6.3,2.011,0.115,10,reviewed,us,us
2023-06-17T21:50:21.040Z,34.0686667,-117.2915,11.33,0.95,ml,37,50,0.03201,0.15,ci,ci40487896,2023-06-18T18:12:09.304Z,"2km ESE of Colton, CA",earthquake,0.18,0.3,0.104,14,reviewed,ci,ci
2023-06-17T21:48:39.040Z,38.7875,-122.7723333,1.72,0.09,md,20,82,0.01343,0.06,nc,nc73902236,2023-06-19T21:26:43.382Z,"2km NW of The Geysers, CA",earthquake,0.2,0.29,0.275,17,reviewed,nc,nc
2023-06-17T21:43:03.240Z,41.4343,-119.7943,8.4,1.6,ml,4,205.58,0.603,0.2231,nn,nn00861446,2023-06-19T23:12:19.451Z,"29 km ENE of Eagleville, California",earthquake,,15.3,0.64,4,reviewed,nn,nn
2023-06-17T21:31:43.038Z,51.3589,-176.9824,38.6,1.6,ml,,,,0.43,ak,ak0237q6z56n,2023-06-20T23:53:53.741Z,"62 km SSW of Adak, Alaska",earthquake,,3.7,,,reviewed,ak,ak
2023-06-17T21:29:11.040Z,38.809,-122.7291667,14.37,0.65,md,24,180,0.01948,0.21,nc,nc73902221,2023-06-23T22:27:17.259Z,"2km SSW of Cobb, CA",earthquake,1.54,0.5,0.162,18,reviewed,nc,nc
2023-06-17T21:25:13.426Z,-4.8248,153.8277,88.778,4.2,mb,20,105,1.774,0.59,us,us7000kam8,2023-06-26T22:35:48.040Z,"181 km ESE of Kokopo, Papua New Guinea",earthquake,9.82,6.932,0.152,12,reviewed,us,us
2023-06-17T21:23:21.293Z,63.2441,-150.6007,2.7,1.3,ml,,,,0.68,ak,ak0237q6xe0l,2023-06-20T23:53:49.942Z,"65 km ESE of Denali National Park, Alaska",earthquake,,0.4,,,reviewed,ak,ak
2023-06-17T21:21:58.876Z,-5.2255,150.658,188.318,4.5,mb,39,59,1.819,0.58,us,us7000k995,2023-06-27T04:42:50.040Z,"67 km ENE of Kimbe, Papua New Guinea",earthquake,8.74,7.327,0.105,27,reviewed,us,us
2023-06-17T21:20:08.702Z,-16.3978,-173.9762,61.513,4.3,mb,16,113,3.257,0.3,us,us7000kam7,2023-06-25T04:01:43.040Z,"Tonga",earthquake,6.41,7.981,0.238,5,reviewed,us,us
2023-06-17T21:15:17.815Z,-49.1748,124.807,10,4.7,mb,30,79,16.808,0.42,us,us7000kam6,2023-06-25T04:23:28.040Z,"western Indian-Antarctic Ridge",earthquake,8.74,1.883,0.104,28,reviewed,us,us
2023-06-17T21:15:03.500Z,34.499,-116.2313333,1.99,2.68,ml,39,71,0.1949,0.12,ci,ci40487888,2023-06-27T04:35:11.040Z,"26km SSW of Ludlow, CA",earthquake,0.13,0.63,0.135,115,reviewed,ci,ci
2023-06-17T21:12:21.140Z,19.328332901001,-155.271835327148,31.3600006103516,1.74000001,md,33,120,,0.119999997,hv,hv73454047,2023-06-17T21:15:26.110Z,"Island of Hawaii, Hawaii",earthquake,0.58,0.639999986,0.430000007,9,automatic,hv,hv
2023-06-17T20:54:39.160Z,32.954,-115.5495,8.36,1.44,ml,29,74,0.05323,0.28,ci,ci40487880,2023-06-18T17:20:25.471Z,"3km SSW of Brawley, CA",earthquake,0.31,0.95,0.137,17,reviewed,ci,ci
2023-06-17T20:52:39.915Z,12.4914,120.7522,10,4.4,mb,20,109,7.186,0.47,us,us7000kam4,2023-06-23T22:50:39.040Z,"Mindoro, Philippines",earthquake,13.92,1.671,0.189,8,reviewed,us,us
2023-06-17T20:46:48.512Z,35.7887,79.9086,10,4.4,mb,25,128,5.431,1.13,us,us7000k990,2023-06-17T21:39:56.040Z,"",earthquake,4.4,1.927,0.131,17,reviewed,us,us
2023-06-17T20:39:56.813Z,36.7685,-116.049,2.4,-0.1,ml,6,227.8,0.011,0.0656,nn,nn00861440,2023-06-19T22:00:49.273Z,"40 km WNW of Indian Springs, Nevada",earthquake,,1.8,0.29,2,reviewed,nn,nn
2023-06-17T20:08:28.477Z,61.9672,-151.3017,73.4,1.2,ml,,,,0.33,ak,ak0237q68qzj,2023-06-20T23:53:53.540Z,"5 km ESE of Skwentna, Alaska",earthquake,,0.7,,,reviewed,ak,ak
2023-06-17T19:58:06.679Z,53.6061,-164.7391,39,1.7,ml,,,,0.21,ak,ak0237q5xzi3,2023-06-20T23:53:53.348Z,"Unimak Island region, Alaska",earthquake,,1.9,,,reviewed,ak,ak
2023-06-17T19:49:26.323Z,64.9867,-147.4011,0,1,ml,,,,0.29,ak,ak0237q5w3gy,2023-06-21T01:09:09.652Z,"",explosion,,0,,,reviewed,ak,ak
2023-06-17T19:43:46.290Z,48.1016666666667,-115.154166666667,5,0.49,ml,3,172,0.3516,0.14,mb,mb90018978,2023-06-19T19:34:28.250Z,"2 km NNW of Happys Inn, Montana",earthquake,1.48,10.61,0.136437523035301,2,reviewed,mb,mb
2023-06-17T19:43:24.090Z,48.1126666666667,-115.121,4.98,0.53,ml,4,166,0.3446,0.03,mb,mb90018973,2023-06-19T19:30:36.190Z,"3 km NNE of Happys Inn, Montana",earthquake,0.72,6.39,0.138188836047229,2,reviewed,mb,mb
2023-06-17T19:38:57.035Z,36.6902,-116.1232,2,-0.2,ml,5,189.91,0.021,0.0308,nn,nn00861421,2023-06-19T18:51:58.553Z,"42 km WNW of Indian Springs, Nevada",earthquake,,2.7,0.08,3,reviewed,nn,nn
2023-06-17T19:38:22.090Z,38.4103333,-122.2003333,8.18,1.51,md,31,43,0.04036,0.21,nc,nc73902201,2023-06-19T20:32:16.752Z,"14km E of Yountville, CA",earthquake,0.34,0.49,0.206,27,reviewed,nc,nc
2023-06-17T19:37:26.209Z,51.4112,-179.8206,23,1.8,ml,,,,0.28,ak,ak0237q5tiz0,2023-06-20T23:53:53.154Z,"226 km WSW of Adak, Alaska",earthquake,,0.7,,,reviewed,ak,ak
2023-06-17T19:34:04.610Z,37.552,-118.8348333,2.12,1.23,md,18,201,0.03823,0.07,nc,nc73902196,2023-06-21T00:14:13.887Z,"14km W of Toms Place, CA",earthquake,0.44,0.76,0.131,16,reviewed,nc,nc
2023-06-17T19:07:28.201Z,69.2274,-146.6725,12.3,1.1,ml,,,,0.35,ak,ak0237q5n3kq,2023-06-21T01:09:10.222Z,"131 km NNW of Arctic Village, Alaska",earthquake,,1.3,,,reviewed,ak,ak
2023-06-17T18:56:27.280Z,38.8375015,-122.8006668,1.27,0.76,md,11,107,0.008113,0.03,nc,nc73902186,2023-06-17T21:23:14.926Z,"7km WNW of Cobb, CA",earthquake,0.32,0.46,0.24,10,automatic,nc,nc
2023-06-17T18:55:35.556Z,63.2664,-151.7166,1.5,1.8,ml,,,,0.9,ak,ak0237q5byyz,2023-06-20T23:53:49.535Z,"30 km S of Denali National Park, Alaska",earthquake,,0.3,,,reviewed,ak,ak
2023-06-17T18:50:33.830Z,33.9461667,-117.0561667,16.44,0.99,ml,37,46,0.15,0.19,ci,ci40487840,2023-06-18T17:14:45.761Z,"5km S of Calimesa, CA",earthquake,0.26,0.68,0.101,18,reviewed,ci,ci
2023-06-17T18:47:11.580Z,58.1668333333333,-155.299,2.04,0.71,ml,6,250,,0.11,av,av91928771,2023-06-18T05:02:41.010Z,"",earthquake,1.13,1.98,0.402622543671883,6,reviewed,av,av
2023-06-17T18:44:57.769Z,-14.8041,-173.2546,10,5.7,mww,84,36,2.664,1.07,us,us7000k98q,2023-06-20T15:00:57.794Z,"139 km NNE of Hihifo, Tonga",earthquake,6.61,1.791,0.093,11,reviewed,us,us
2023-06-17T18:38:32.400Z,53.8503333333333,-166.863,5.17,0.01,ml,6,166,,0.09,av,av91928761,2023-06-18T11:50:47.510Z,"21 km WSW of Dutch Harbor, Alaska",earthquake,0.42,0.99,0.330512064870784,6,reviewed,av,av
2023-06-17T18:34:25.760Z,38.8223343,-122.8034973,3.01,1.08,md,18,50,0.005245,0.06,nc,nc73902181,2023-06-17T20:56:13.773Z,"6km NW of The Geysers, CA",earthquake,0.3,0.73,0.27,19,automatic,nc,nc
2023-06-17T18:31:05.110Z,44.096,-110.4095,15.5,1.27,md,11,181,0.309,0.18,uu,uu60542481,2023-06-20T18:27:20.050Z,"55 km NNE of Kelly, Wyoming",earthquake,0.99,1.79,0.224,5,reviewed,uu,uu
2023-06-17T18:30:45.940Z,18.9306666666667,-66.1796666666667,19.9,3.11,md,15,230,0.5599,0.18,pr,pr71413778,2023-06-17T19:20:33.790Z,"51 km N of San Juan, Puerto Rico",earthquake,0.68,17.38,0.0242504065719968,5,reviewed,pr,pr
2023-06-17T17:59:34.660Z,34.149,-116.4136667,8.79,0.46,ml,21,65,0.04808,0.14,ci,ci40487816,2023-06-18T14:04:52.537Z,"4km NNE of Yucca Valley, CA",earthquake,0.26,0.54,0.089,5,reviewed,ci,ci
2023-06-17T17:58:21.910Z,44.0811667,-110.3863333,6.91,2.82,ml,19,116,0.2092,0.17,uu,uu60542476,2023-06-22T03:37:53.552Z,"54 km NNE of Kelly, Wyoming",earthquake,0.55,1.45,0.14,11,reviewed,uu,uu
2023-06-17T17:45:56.630Z,44.0848333,-110.4136667,7.54,1.47,md,0,181,0.3188,0.2,uu,uu60542471,2023-06-20T18:45:53.430Z,"54 km NNE of Kelly, Wyoming",earthquake,0.82,4.1,0.374,3,reviewed,uu,uu
2023-06-17T17:41:32.690Z,41.5075,-112.177,6.05,0.86,md,12,65,0.09938,0.11,uu,uu60542466,2023-06-20T16:17:15.290Z,"",earthquake,0.33,1.69,0.077,6,reviewed,uu,uu
2023-06-17T17:41:22.290Z,58.184,-155.326,1.78,0.75,ml,6,244,,0.09,av,av91928746,2023-06-18T05:07:01.530Z,"Alaska Peninsula",earthquake,1.26,0.63,0.152446598637871,6,reviewed,av,av
2023-06-17T17:34:58.645Z,61.0386,-152.2568,10,1.2,ml,,,,0.64,ak,ak0237q4m2mb,2023-06-20T23:53:49.326Z,"60 km W of Tyonek, Alaska",earthquake,,0.3,,,reviewed,ak,ak
2023-06-17T17:34:48.577Z,53.4503,-165.7204,21.7,1.8,ml,,,,0.4,ak,ak0237q4m2ef,2023-06-20T23:53:49.116Z,"71 km SE of Unalaska, Alaska",earthquake,,0.4,,,reviewed,ak,ak
2023-06-17T17:30:08.050Z,39.229,-123.477,7.45,1.68,md,24,100,0.09596,0.09,nc,nc73902176,2023-06-20T02:45:12.945Z,"23km SSW of Willits, CA",earthquake,0.21,0.57,0.183,28,reviewed,nc,nc
2023-06-17T17:28:48.190Z,19.1626663208008,-155.492004394531,34.2599983215332,2.01999998,md,41,113,,0.109999999,hv,hv73453817,2023-06-17T17:33:09.280Z,"4 km SSW of Pāhala, Hawaii",earthquake,0.55,0.860000014,0.930000007,11,automatic,hv,hv
2023-06-17T17:27:27.630Z,38.775,-122.72,1.52,0.44,md,19,45,0.01364,0.04,nc,nc73902171,2023-06-19T08:53:18.518Z,"2km W of Anderson Springs, CA",earthquake,0.24,0.37,0.12,13,reviewed,nc,nc
2023-06-17T17:27:22.518Z,61.5041,-149.9068,42.5,1.8,ml,,,,0.66,ak,ak0237q4ki9l,2023-06-20T23:53:48.845Z,"3 km SE of Big Lake, Alaska",earthquake,,0.4,,,reviewed,ak,ak
2023-06-17T17:20:20.818Z,-23.7027,-175.8415,10,4.8,mb,189,69,2.589,0.57,us,us7000k98h,2023-06-20T17:47:09.040Z,"276 km SSW of ‘Ohonua, Tonga",earthquake,8.78,1.785,0.042,181,reviewed,us,us
2023-06-17T17:17:04.270Z,38.7809982,-122.7651672,1.32,0.78,md,12,101,0.01027,0.03,nc,nc73902166,2023-06-17T17:38:11.602Z,"1km WNW of The Geysers, CA",earthquake,0.3,0.69,0.35,11,automatic,nc,nc
2023-06-17T17:08:41.010Z,38.7873333,-122.767,2.17,0.45,md,25,78,0.01444,0.04,nc,nc73902161,2023-06-19T06:20:14.429Z,"1km NW of The Geysers, CA",earthquake,0.21,0.38,0.252,20,reviewed,nc,nc
2023-06-17T17:08:12.652Z,35.7275,79.9413,14.19,4.3,mb,53,75,5.494,0.76,us,us7000k98b,2023-06-17T18:13:00.040Z,"64 km S of Kashitashi, China",earthquake,7.12,2.99,0.087,37,reviewed,us,us
2023-06-17T17:05:22.428Z,59.744,-152.4706,84.9,1.6,ml,,,,0.47,ak,ak0237q4fssl,2023-06-20T23:53:48.604Z,"Southern Alaska",earthquake,,0.6,,,reviewed,ak,ak
2023-06-17T17:03:50.601Z,55.0139,-161.6596,70.6,2.6,ml,,,,0.53,ak,ak0237q4ffe7,2023-06-20T23:53:48.385Z,"42 km E of King Cove, Alaska",earthquake,,0.8,,,reviewed,ak,ak
2023-06-17T16:58:44.250Z,40.6485,-125.3975,10,2.99,md,58,254,0.8258,0.27,nc,nc73902156,2023-06-21T09:48:15.263Z,"96km W of Ferndale, CA",earthquake,2.5,31.61,0.117,48,reviewed,nc,nc
2023-06-17T16:52:31.055Z,52.6045,-167.1968,35,2.9,ml,14,238,0.916,0.36,us,us7000k9zg,2023-06-26T14:42:10.040Z,"118 km ESE of Nikolski, Alaska",earthquake,3.41,2.013,0.115,10,reviewed,us,us
2023-06-17T16:39:55.085Z,38.8023,-117.9899,3.7,2.3,ml,13,53.22,0.261,0.2639,nn,nn00861342,2023-06-19T23:06:07.831Z,"9 km SW of Gabbs, Nevada",earthquake,,1.8,0.27,7,reviewed,nn,nn
2023-06-17T16:38:15.654Z,36.1928,-115.4259,19.1,0.9,ml,10,235.24,0.38,0.1917,nn,nn00861340,2023-06-20T19:16:13.900Z,"12 km NW of Summerlin South, Nevada",earthquake,,1.5,1.29,4,reviewed,nn,nn
2023-06-17T16:37:51.210Z,38.7586667,-122.7043333,1.59,0.7,md,30,54,0.01029,0.05,nc,nc73902136,2023-06-19T06:06:16.352Z,"2km SSW of Anderson Springs, CA",earthquake,0.21,0.22,0.183,23,reviewed,nc,nc
2023-06-17T16:35:10.969Z,-8.2316,120.4929,184.393,4.4,mb,18,93,1.772,0.65,us,us7000k987,2023-06-17T16:56:48.040Z,"42 km N of Ruteng, Indonesia",earthquake,9.66,8.314,0.18,11,reviewed,us,us
2023-06-17T16:32:57.780Z,51.8598333333333,-178.117,9.57,-0.62,ml,4,133,,0.23,av,av91107823,2023-06-18T05:32:51.730Z,"102 km W of Adak, Alaska",earthquake,1.16,1.47,0.0873994671117678,3,reviewed,av,av
2023-06-17T16:25:36.018Z,33.2426,75.9306,27.086,4.3,mb,25,161,2.262,1.18,us,us7000k986,2023-06-17T20:55:51.391Z,"17 km ESE of Kishtwār, India",earthquake,9.5,6.712,0.137,15,reviewed,us,us
2023-06-17T16:24:56.322Z,51.777,-174.8982,51.4,2.1,ml,,,,0.18,ak,ak0237q3yi7u,2023-06-20T23:53:47.961Z,"Andreanof Islands, Aleutian Islands, Alaska",earthquake,,2.5,,,reviewed,ak,ak
2023-06-17T16:22:18.430Z,37.5461667,-118.8403333,-1.29,1.28,md,15,230,0.04468,0.05,nc,nc73902131,2023-06-20T23:45:13.574Z,"14km W of Toms Place, CA",earthquake,1.45,0.34,0.135,13,reviewed,nc,nc
2023-06-17T16:17:48.328Z,-4.4074,-81.9954,10,4.7,mb,44,154,9.094,0.8,us,us7000k984,2023-06-17T16:43:28.040Z,"82 km WNW of Talara, Peru",earthquake,11.98,1.881,0.08,47,reviewed,us,us
2023-06-17T16:15:09.961Z,52.2054,-173.9776,70,1.9,ml,,,,0.5,ak,ak0237q3wh5g,2023-06-20T23:53:52.593Z,"15 km E of Atka, Alaska",earthquake,,1.6,,,reviewed,ak,ak
2023-06-17T16:14:26.949Z,35.6992,79.7429,10,4.6,mb,34,111,5.712,0.98,us,us7000k983,2023-06-17T16:36:18.040Z,"Kashmir-Xinjiang border region",earthquake,7.18,1.906,0.086,40,reviewed,us,us
2023-06-17T16:14:14.648Z,51.323,-176.2527,13.1,1.5,ml,,,,0.23,ak,ak0237q3w9so,2023-06-20T23:53:52.781Z,"66 km SSE of Adak, Alaska",earthquake,,3.8,,,reviewed,ak,ak
2023-06-17T16:10:12.432Z,38.5185,-117.8825,1.7,1.4,ml,6,102.96,0.463,0.1857,nn,nn00861445,2023-06-19T22:59:52.611Z,"24 km NE of Mina, Nevada",earthquake,,3,0.24,3,reviewed,nn,nn
2023-06-17T16:08:22.288Z,51.2878,-176.283,19.2,1.7,ml,,,,0.29,ak,ak0237q3v038,2023-06-20T23:53:52.388Z,"69 km SSE of Adak, Alaska",earthquake,,0.7,,,reviewed,ak,ak
2023-06-17T16:04:47.410Z,47.63583333333333,-120.1635,3.66,0.19,ml,4,140,0.03667,0.02,uw,uw61933766,2023-06-17T23:53:09.730Z,"5 km SE of Entiat, Washington",earthquake,0.37,0.63,0.09457139685551524,3,reviewed,uw,uw
2023-06-17T16:04:30.897Z,51.5666,-177.0924,27.8,1.6,ml,,,,0.42,ak,ak0237q3u5w1,2023-06-20T23:53:52.182Z,"46 km SW of Adak, Alaska",earthquake,,1.3,,,reviewed,ak,ak
2023-06-17T16:01:44.644Z,61.255,-146.4749,1.6,1.2,ml,,,,0.78,ak,ak0237q3tjtq,2023-06-20T23:53:47.746Z,"15 km NNW of Valdez, Alaska",earthquake,,0.3,,,reviewed,ak,ak
2023-06-17T15:55:59.050Z,33.828,-117.6701667,4.1,1.6,ml,54,46,0.05217,0.23,ci,ci40487776,2023-06-18T17:07:15.760Z,"10km WSW of Corona, CA",earthquake,0.21,0.47,0.144,40,reviewed,ci,ci
2023-06-17T15:35:34.148Z,-15.3229,168.2213,10,4.7,mb,19,69,6.408,1.54,us,us7000kam5,2023-06-26T14:25:41.040Z,"115 km E of Luganville, Vanuatu",earthquake,10.27,1.885,0.195,8,reviewed,us,us
2023-06-17T15:35:10.460Z,38.8215,-122.7981667,2.56,0.46,md,30,45,0.009492,0.03,nc,nc73902121,2023-06-21T07:30:15.439Z,"6km NW of The Geysers, CA",earthquake,0.17,0.32,0.197,26,reviewed,nc,nc
2023-06-17T15:33:27.707Z,61.5471,-146.5481,28.5,1.2,ml,,,,0.42,ak,ak0237q3exon,2023-06-20T21:04:29.437Z,"47 km NNW of Valdez, Alaska",earthquake,,1,,,reviewed,ak,ak
2023-06-17T15:33:09.990Z,32.758,-116.0271667,12.48,1.14,ml,23,44,0.01235,0.17,ci,ci40487752,2023-06-18T16:54:03.807Z,"4km NW of Ocotillo, CA",earthquake,0.26,0.45,0.201,11,reviewed,ci,ci
2023-06-17T15:32:34.284Z,-23.8451,-175.9418,23.428,4.6,mb,13,162,2.749,0.47,us,us7000kaly,2023-06-26T14:20:10.040Z,"295 km SSW of ‘Ohonua, Tonga",earthquake,10.23,5.064,0.206,7,reviewed,us,us
2023-06-17T15:30:13.520Z,36.1318333,-117.926,3.96,1.12,ml,13,157,0.05933,0.14,ci,ci40487760,2023-06-18T16:49:48.768Z,"10km NNE of Coso Junction, CA",earthquake,0.36,0.6,0.146,7,reviewed,ci,ci
2023-06-17T15:15:52.692Z,51.7486,-174.8573,35,3.4,ml,14,232,0.703,0.3,us,us7000k9ym,2023-06-26T14:12:00.040Z,"67 km SW of Atka, Alaska",earthquake,3.06,1.997,0.115,18,reviewed,us,us
2023-06-17T15:14:07.493Z,52.2869,-169.5921,35,2.6,ml,10,289,0.507,0.37,us,us7000k9yl,2023-06-26T14:09:56.040Z,"Fox Islands, Aleutian Islands, Alaska",earthquake,4.88,2.027,0.128,8,reviewed,us,us
2023-06-17T15:11:59.260Z,33.0336667,-116.4346667,7.77,1.64,ml,56,26,0.06491,0.21,ci,ci40487744,2023-06-17T20:50:00.820Z,"16km ESE of Julian, CA",earthquake,0.21,1.02,0.222,26,reviewed,ci,ci
2023-06-17T15:10:43.360Z,18.219,-66.9255,17.75,2.86,md,25,54,0.06352,0.2,pr,pr71413773,2023-06-17T16:03:15.050Z,"7 km NE of Maricao, Puerto Rico",earthquake,0.26,0.46,0.0943624441494517,11,reviewed,pr,pr
2023-06-17T15:07:56.539Z,-24.9606,178.7637,599.76,4.3,mb,20,136,5.204,0.54,us,us7000kaln,2023-06-25T20:03:05.040Z,"",earthquake,12.69,14.195,0.133,16,reviewed,us,us
2023-06-17T15:04:39.989Z,38.5471,-119.5444,6.2,1.4,ml,9,120.85,0.043,0.118,nn,nn00861338,2023-06-19T22:56:46.300Z,"3 km WSW of Coleville, California",earthquake,,1.8,0.16,3,reviewed,nn,nn
2023-06-17T15:04:38.804Z,60.0624,-153.4811,168.2,1.7,ml,,,,0.6,ak,ak0237q38qw8,2023-06-20T21:04:31.079Z,"46 km NE of Pedro Bay, Alaska",earthquake,,0.6,,,reviewed,ak,ak
2023-06-17T15:02:43.115Z,51.4073,-178.1238,35,2.8,ml,13,208,0.376,0.34,us,us7000k9yk,2023-06-25T19:55:28.040Z,"115 km WSW of Adak, Alaska",earthquake,4.25,1.995,0.105,12,reviewed,us,us
2023-06-17T14:54:59.600Z,38.8003349,-122.7785034,0.09,0.78,md,9,76,0.01026,0.02,nc,nc73902106,2023-06-17T15:11:14.675Z,"3km NW of The Geysers, CA",earthquake,0.34,0.59,0.07,9,automatic,nc,nc
2023-06-17T14:53:42.485Z,60.6084,-150.8554,49.1,1.3,ml,,,,0.61,ak,ak0237q2xseu,2023-06-20T21:04:28.573Z,"9 km NNW of Sterling, Alaska",earthquake,,0.3,,,reviewed,ak,ak
2023-06-17T14:52:27.890Z,33.2458333,-116.0941667,9.91,1,ml,47,57,0.09697,0.22,ci,ci40487736,2023-06-18T16:44:04.549Z,"12km NNE of Ocotillo Wells, CA",earthquake,0.22,0.63,0.129,20,reviewed,ci,ci
2023-06-17T14:28:52.384Z,59.7406,-152.1578,62.8,3.4,ml,,,,0.83,ak,ak0237q2shdo,2023-06-20T21:35:00.959Z,"",earthquake,,0.3,,,reviewed,ak,ak
2023-06-17T14:28:18.980Z,44.7726667,-110.7,2.31,0.18,md,5,246,0.05906,0.13,uu,uu60542461,2023-06-20T18:47:59.160Z,"22 km S of Mammoth, Wyoming",earthquake,2.12,31.61,0.323,4,reviewed,uu,uu
2023-06-17T14:24:06.640Z,37.5665,-118.9271667,8.39,1.47,md,20,173,0.07313,0.03,nc,nc73902101,2023-06-19T07:49:14.931Z,"9km SSE of Mammoth Lakes, CA",earthquake,0.45,0.64,0.139,18,reviewed,nc,nc
2023-06-17T14:20:34.350Z,40.2963333,-124.7083333,13.74,2.33,md,32,240,0.2799,0.27,nc,nc73902096,2023-06-27T05:57:14.119Z,"36km W of Petrolia, CA",earthquake,0.99,1.07,0.342,24,reviewed,nc,nc
2023-06-17T14:20:00.960Z,38.8228333,-122.8518333,2.85,0.46,md,30,89,0.006135,0.04,nc,nc73902091,2023-06-20T20:18:15.268Z,"10km WNW of The Geysers, CA",earthquake,0.18,0.29,0.157,27,reviewed,nc,nc
2023-06-17T14:18:23.900Z,17.961,-66.864,15.34,2.59,md,20,192,0.02016,0.13,pr,pr71413758,2023-06-17T14:45:21.010Z,"3 km SE of Maria Antonia, Puerto Rico",earthquake,0.45,0.28,0.0977103542431501,9,reviewed,pr,pr
2023-06-17T14:17:52.840Z,35.7943333,-117.6281667,12.37,0.69,ml,18,74,0.112,0.2,ci,ci40487720,2023-06-18T16:36:24.491Z,"20km NNE of Ridgecrest, CA",earthquake,0.35,0.99,0.098,5,reviewed,ci,ci
2023-06-17T14:17:45.943Z,61.5596,-146.4893,14.7,2,ml,,,,0.72,ak,ak0237q2q42r,2023-06-20T21:04:27.893Z,"Southern Alaska",earthquake,,0.3,,,reviewed,ak,ak
2023-06-17T14:10:43.440Z,18.7980003356934,-155.264007568359,7.61999988555908,2.03999996,md,23,270,,0.140000001,hv,hv73453712,2023-06-17T14:13:53.320Z,"44 km SE of Naalehu, Hawaii",earthquake,1.7,1.23000002,1.00999999,3,automatic,hv,hv
2023-06-17T14:10:16.472Z,38.9607,144.8172,10,4.5,mb,19,198,3.303,1.08,us,us7000k97r,2023-06-17T15:10:12.040Z,"253 km ESE of Yamada, Japan",earthquake,8.18,1.921,0.221,9,reviewed,us,us
2023-06-17T14:06:48.730Z,38.7980003,-122.7508316,1.69,1.11,md,18,96,0.007418,0.02,nc,nc73902086,2023-06-17T16:46:14.278Z,"2km NNE of The Geysers, CA",earthquake,0.24,0.46,0.09,16,automatic,nc,nc
2023-06-17T14:06:42.970Z,33.481,-116.4245,14.64,0.64,ml,26,118,0.0423,0.14,ci,ci40487712,2023-06-18T16:33:34.432Z,"23km SSW of La Quinta, CA",earthquake,0.22,0.39,0.101,11,reviewed,ci,ci
2023-06-17T14:01:29.080Z,53.8928333333333,-166.930833333333,3.96,0.11,ml,6,238,,0.12,av,av91928576,2023-06-18T11:24:09.520Z,"",earthquake,0.83,3.32,0.149898168527156,6,reviewed,av,av
2023-06-17T13:58:24.123Z,-55.7369,-26.6491,65.476,4.7,mb,13,204,5.846,0.69,us,us7000kalw,2023-06-25T19:44:37.040Z,"South Sandwich Islands region",earthquake,16.1,7.408,0.153,13,reviewed,us,us
2023-06-17T13:57:24.910Z,38.8190002,-122.7896652,1.69,0.74,md,10,75,0.00906,0.02,nc,nc73902081,2023-06-17T14:22:13.388Z,"6km NNW of The Geysers, CA",earthquake,0.39,1.07,0.23,10,automatic,nc,nc
2023-06-17T13:51:12.550Z,44.8005,-110.6833333,2.33,0.82,md,7,266,0.08505,0.1,uu,uu60542451,2023-06-20T19:10:36.050Z,"19 km S of Mammoth, Wyoming",earthquake,1.88,8.22,0.277,6,reviewed,uu,uu
2023-06-17T13:47:10.960Z,36.4358333,-121.0078333,9.03,1.55,md,32,122,0.04485,0.1,nc,nc73902076,2023-06-20T22:24:14.065Z,"16km SE of Pinnacles, CA",earthquake,0.29,0.47,0.261,25,reviewed,nc,nc
2023-06-17T13:46:03.820Z,58.2525,-155.150833333333,32.5,0.15,ml,9,130,,0.11,av,av91107848,2023-06-18T20:51:55.250Z,"86 km NNW of Karluk, Alaska",earthquake,0.54,0.72,0.212433767987491,8,reviewed,av,av
2023-06-17T13:43:34.322Z,66.0749,-143.3662,9.5,2.3,ml,,,,1.12,ak,ak0237q2a844,2023-06-20T21:04:27.663Z,"northern Alaska",earthquake,,0.3,,,reviewed,ak,ak
2023-06-17T13:43:22.100Z,58.2756666666667,-155.134,30.75,0.21,ml,9,207,,0.16,av,av91107838,2023-06-18T20:37:50.750Z,"88 km NNW of Karluk, Alaska",earthquake,1.31,0.73,0.319143521258806,8,reviewed,av,av
2023-06-17T13:42:02.319Z,37.2024,137.928,221.62,4.3,mb,50,108,0.692,0.44,us,us7000k97g,2023-06-17T14:50:22.040Z,"near the west coast of Honshu, Japan",earthquake,6.12,5.986,0.067,64,reviewed,us,us
2023-06-17T13:39:34.922Z,51.4454,-173.9084,35,3.4,ml,17,212,0.897,0.67,us,us7000k9yj,2023-06-25T17:35:30.040Z,"85 km SSE of Atka, Alaska",earthquake,2.96,2.011,0.085,18,reviewed,us,us
2023-06-17T13:37:46.738Z,-23.4761,-175.498,10,4.6,mb,16,159,2.311,0.84,us,us7000k97k,2023-06-17T14:12:06.040Z,"242 km SSW of ‘Ohonua, Tonga",earthquake,10.38,1.839,0.173,13,reviewed,us,us
2023-06-17T13:34:42.488Z,60.9999,-151.9112,85,1.4,ml,,,,0.62,ak,ak0237q28bi3,2023-06-20T21:04:27.247Z,"Kenai Peninsula, Alaska",earthquake,,0.6,,,reviewed,ak,ak
2023-06-17T13:30:00.460Z,38.8305016,-122.8119965,1.84,0.85,md,8,127,0.007253,0.01,nc,nc73902071,2023-06-17T14:00:13.264Z,"8km NW of The Geysers, CA",earthquake,0.77,1.45,0.17,2,automatic,nc,nc
2023-06-17T13:29:47.812Z,61.5468,-146.441,23.6,1.5,ml,,,,0.76,ak,ak0237q2798d,2023-06-20T21:04:26.971Z,"Southern Alaska",earthquake,,0.4,,,reviewed,ak,ak
2023-06-17T13:28:03.190Z,38.788,-122.7475,0.99,1.31,md,37,54,0.009671,0.06,nc,nc73902066,2023-06-20T20:35:18.381Z,"1km NNE of The Geysers, CA",earthquake,0.17,0.27,0.134,31,reviewed,nc,nc
2023-06-17T13:27:46.737Z,-23.8279,-175.9791,10,4.8,mb,25,115,2.741,0.53,us,us7000kalj,2023-06-25T17:32:14.040Z,"294 km SSW of ‘Ohonua, Tonga",earthquake,11.24,1.867,0.103,29,reviewed,us,us
2023-06-17T13:25:43.661Z,36.7374,-116.1703,4.5,-0.3,ml,9,104.64,0.031,0.0924,nn,nn00861420,2023-06-19T18:48:52.633Z,"48 km WNW of Indian Springs, Nevada",earthquake,,2.2,0.15,4,reviewed,nn,nn
2023-06-17T13:20:04.222Z,-23.9141,-175.5442,10,4.7,mb,30,123,2.749,1.19,us,us7000kam0,2023-06-25T15:37:38.040Z,"291 km SSW of ‘Ohonua, Tonga",earthquake,6.81,1.869,0.11,25,reviewed,us,us
2023-06-17T13:19:47.390Z,38.8203333,-122.799,2.57,2.13,md,69,30,0.009175,0.08,nc,nc73902061,2023-06-20T20:09:15.218Z,"6km NW of The Geysers, CA",earthquake,0.11,0.18,0.189,70,reviewed,nc,nc
2023-06-17T13:12:07.196Z,63.0373,-150.9439,109.4,1.3,ml,,,,0.4,ak,ak0237q23iz3,2023-06-20T21:04:30.876Z,"60 km N of Petersville, Alaska",earthquake,,0.9,,,reviewed,ak,ak
2023-06-17T13:09:35.139Z,60.0739,-152.7935,99.6,1.5,ml,,,,0.57,ak,ak0237q22y06,2023-06-20T21:04:26.756Z,"60 km WNW of Happy Valley, Alaska",earthquake,,0.5,,,reviewed,ak,ak
2023-06-17T13:07:18.489Z,35.72683333,-98.01483333,12.32,1.67,ml,82,39,0.1763653911,0.24,ok,ok2023lucz,2023-06-21T14:46:59.403Z,"3 km W of Okarche, Oklahoma",earthquake,,1.4,0.19,40,reviewed,ok,ok
2023-06-17T13:03:43.186Z,62.2289,-148.9409,38.8,1.5,ml,,,,0.7,ak,ak0237q21o91,2023-06-20T21:04:26.535Z,"47 km E of Susitna North, Alaska",earthquake,,0.9,,,reviewed,ak,ak
2023-06-17T12:58:28.240Z,58.2549,-155.1055,1.2,1.7,ml,,,,0.5,ak,ak0237q1rzwt,2023-06-20T21:33:50.291Z,"85 km NNW of Karluk, Alaska",earthquake,,0.2,,,reviewed,ak,ak
2023-06-17T12:57:39.745Z,61.583,-141.003,11.4,1.1,ml,,,,0.5,ak,ak0237q1rt2g,2023-06-20T21:33:51.280Z,"103 km E of McCarthy, Alaska",earthquake,,1,,,reviewed,ak,ak
2023-06-17T12:54:35.329Z,60.3109,-152.6845,104.2,1.5,ml,,,,0.56,ak,ak0237q1r5m4,2023-06-20T21:04:30.487Z,"63 km WNW of Ninilchik, Alaska",earthquake,,0.6,,,reviewed,ak,ak
2023-06-17T12:53:18.441Z,51.4847,178.3453,9.3,1.5,ml,,,,0.58,ak,ak0237q1qwhp,2023-06-20T21:33:51.099Z,"Rat Islands, Aleutian Islands, Alaska",earthquake,,2.7,,,reviewed,ak,ak
2023-06-17T12:42:01.100Z,19.136999130249,-155.372497558594,29.6399993896484,1.89999998,md,48,184,,0.140000001,hv,hv73453657,2023-06-17T12:45:19.510Z,"Island of Hawaii, Hawaii",earthquake,0.6,0.790000021,0.779999971,24,automatic,hv,hv
2023-06-17T12:40:30.453Z,62.3211,-148.1791,6.7,1.2,ml,,,,0.52,ak,ak0237q1o57p,2023-06-20T21:04:30.091Z,"60 km NNE of Chickaloon, Alaska",earthquake,,0.5,,,reviewed,ak,ak
2023-06-17T12:39:41.157Z,61.5348,-146.4542,20,1.4,ml,,,,0.69,ak,ak0237q1ny8l,2023-06-20T21:04:26.071Z,"45 km N of Valdez, Alaska",earthquake,,0.3,,,reviewed,ak,ak
2023-06-17T12:37:21.780Z,36.5411667,-121.1548333,7.99,1.55,md,27,112,0.01297,0.14,nc,nc73902056,2023-06-20T19:54:15.129Z,"2km NW of Pinnacles, CA",earthquake,0.28,0.58,0.178,25,reviewed,nc,nc
2023-06-17T12:30:45.624Z,38.4623,44.9103,10,4.5,mb,59,84,1.463,0.85,us,us7000k970,2023-06-18T05:10:17.212Z,"10 km SSW of Khowy, Iran",earthquake,4.08,1.903,0.082,44,reviewed,us,us
2023-06-17T12:28:38.656Z,51.263,-179.0647,44.1,1.7,ml,,,,0.26,ak,ak0237q1ll95,2023-06-20T21:04:29.882Z,"181 km WSW of Adak, Alaska",earthquake,,1.6,,,reviewed,ak,ak
2023-06-17T12:23:23.820Z,17.9605,-66.959,17.01,1.53,md,3,198,0.07727,0.07,pr,pr71413748,2023-06-17T12:39:15.400Z,"5 km WSW of Fuig, Puerto Rico",earthquake,3.53,1.14,0.126062170684287,3,reviewed,pr,pr
2023-06-17T12:19:56.349Z,-18.7102,-177.5784,579.629,4.3,mb,58,80,3.313,0.67,us,us7000k96z,2023-06-17T12:45:25.040Z,"Fiji region",earthquake,8.4,6.271,0.062,74,reviewed,us,us
2023-06-17T12:15:27.152Z,61.0514,-152.3263,10.8,0.6,ml,,,,0.4,ak,ak0237q1irkb,2023-06-20T21:33:50.104Z,"64 km W of Tyonek, Alaska",earthquake,,0.3,,,reviewed,ak,ak
2023-06-17T12:04:18.617Z,61.0506,-152.3498,3.7,1.9,ml,,,,1.07,ak,ak0237q1gegf,2023-06-20T21:04:25.618Z,"65 km W of Tyonek, Alaska",earthquake,,0.2,,,reviewed,ak,ak
2023-06-17T11:59:18.348Z,30.98325748,-103.5295091,4.254882812,2.3,ml,13,71,0.1015928927,0.3,tx,tx2023luat,2023-06-23T17:58:09.066Z,"20 km E of Balmorhea, Texas",earthquake,1.677615071,3.007226317,0.2,17,reviewed,tx,tx
2023-06-17T11:57:05.790Z,45.4386666666667,-111.8085,4.87,0.79,ml,6,181,0.2022,0.07,mb,mb90018988,2023-06-19T19:58:16.530Z,"Western Montana",earthquake,0.47,6.64,0.0530317529491416,5,reviewed,mb,mb
2023-06-17T11:48:41.900Z,38.8173332,-122.8106689,2.63,1.03,md,18,43,0.006071,0.06,nc,nc73902046,2023-06-17T14:17:15.355Z,"6km NW of The Geysers, CA",earthquake,0.29,0.63,0.2,18,automatic,nc,nc
2023-06-17T11:42:40.242Z,41.4158,142.6085,48.854,5,mb,81,138,0.726,0.68,us,us7000k96r,2023-06-19T15:23:00.541Z,"83 km SSW of Honchō, Japan",earthquake,5.86,6.979,0.034,275,reviewed,us,us
2023-06-17T11:37:34.950Z,38.7923317,-122.7774963,4.22,0.79,md,5,163,0.02091,0.02,nc,nc73902031,2023-06-17T13:51:13.218Z,"2km NW of The Geysers, CA",earthquake,2.03,4.17,0.02,2,automatic,nc,nc
2023-06-17T11:37:11.380Z,38.8356667,-122.7991667,2.32,0.41,md,21,64,0.007415,0.04,nc,nc73902026,2023-06-20T18:10:14.536Z,"7km WNW of Cobb, CA",earthquake,0.22,0.4,0.172,22,reviewed,nc,nc
2023-06-17T11:36:00.859Z,47.9548,147.3618,417.698,5.7,mww,122,43,3.277,0.56,us,us7000k96n,2023-06-20T18:34:17.040Z,"",earthquake,9.43,5.385,0.056,31,reviewed,us,us
2023-06-17T11:31:12.730Z,33.6843333,-116.7491667,14.9,0.42,ml,19,107,0.03959,0.12,ci,ci40487672,2023-06-18T13:28:23.469Z,"7km SSW of Idyllwild, CA",earthquake,0.45,0.39,0.121,11,reviewed,ci,ci
2023-06-17T11:30:25.586Z,-23.2048,-175.7779,35,5,mb,47,111,6.331,0.83,us,us7000k9bk,2023-06-18T08:20:45.040Z,"223 km SSW of ‘Ohonua, Tonga",earthquake,10.52,1.826,0.078,52,reviewed,us,us
2023-06-17T11:28:16.600Z,51.8468333333333,-178.041,-1.8,1.06,ml,5,103,,0.18,av,av91928456,2023-06-18T12:36:21.840Z,"96 km W of Adak, Alaska",earthquake,0.39,1.43,0.319907084109214,5,reviewed,av,av
2023-06-17T11:27:04.270Z,52.0306666666667,-176.213,-1.8,-0.23,ml,4,276,,0.14,av,av91928451,2023-06-18T04:52:27.090Z,"Andreanof Islands, Aleutian Islands, Alaska",earthquake,2.33,2.1,0.204579404810954,5,reviewed,av,av
2023-06-17T11:26:21.874Z,-23.4419,-175.4278,35,6,mww,29,129,2.27,0.9,us,us7000k96l,2023-06-18T11:33:58.280Z,"237 km SSW of ‘Ohonua, Tonga",earthquake,8.7,2,0.056,31,reviewed,us,us
2023-06-17T11:08:24.737Z,59.8351,-153.4057,121.2,2.2,ml,,,,0.71,ak,ak0237q0vsje,2023-06-20T21:04:25.303Z,"39 km E of Pedro Bay, Alaska",earthquake,,0.3,,,reviewed,ak,ak
2023-06-17T11:03:55.430Z,44.857,-111.508,12.7,1.23,ml,23,63,0.06142,0.2,mb,mb90018683,2023-06-17T14:55:20.190Z,"26 km WNW of Hebgen Lake Estates, Montana",earthquake,0.44,0.78,0.207936001606908,16,reviewed,mb,mb
2023-06-17T10:45:09.420Z,17.963,-66.6668333333333,12.96,2.33,md,11,201,0.09811,0.27,pr,pr71413738,2023-06-17T11:39:03.710Z,"",earthquake,0.84,0.61,0.0852385053774216,5,reviewed,pr,pr
2023-06-17T10:37:16.580Z,38.8209991,-122.8266678,2.03,0.26,md,6,185,0.01227,0.02,nc,nc73902021,2023-06-17T12:58:12.891Z,"8km NW of The Geysers, CA",earthquake,0.65,1.16,0.12,7,automatic,nc,nc
2023-06-17T10:35:10.780Z,33.8256667,-117.0331667,14.84,0.91,ml,55,29,0.105,0.15,ci,ci40487664,2023-06-18T16:13:52.484Z,"8km NW of San Jacinto, CA",earthquake,0.14,0.36,0.113,23,reviewed,ci,ci
2023-06-17T10:33:12.930Z,38.8098335,-122.8233337,2.54,0.64,md,8,138,0.004667,0.02,nc,nc73902016,2023-06-17T12:31:13.838Z,"7km WNW of The Geysers, CA",earthquake,0.59,1.17,0.21,10,automatic,nc,nc
2023-06-17T10:33:11.875Z,36.777,-115.9737,11.9,-0.2,ml,9,126.56,0.033,0.1005,nn,nn00861439,2023-06-19T21:57:42.866Z,"35 km NW of Indian Springs, Nevada",earthquake,,1.5,0.44,4,reviewed,nn,nn
2023-06-17T10:26:36.370Z,39.2488333,-123.2823333,6.08,1.06,md,12,67,0.04543,0.06,nc,nc73902011,2023-06-19T17:44:11.557Z,"7km WSW of Redwood Valley, CA",earthquake,0.23,0.68,0.257,13,reviewed,nc,nc
2023-06-17T10:21:25.140Z,38.8354988,-122.809166,1.85,0.76,md,11,80,0.01211,0.04,nc,nc73902006,2023-06-17T12:06:12.682Z,"8km WNW of Cobb, CA",earthquake,0.32,0.95,0.12,11,automatic,nc,nc
2023-06-17T10:15:21.268Z,19.2034,121.2054,34.39,5.5,mww,91,39,3.598,1.18,us,us7000k96f,2023-06-20T18:36:41.040Z,"65 km N of Namuac, Philippines",earthquake,8.03,5.057,0.05,39,reviewed,us,us
2023-06-17T10:13:06.807Z,45.5536,26.4299,120.243,4,mb,31,55,0.347,0.86,us,us7000k96e,2023-06-19T00:18:46.834Z,"7 km N of Gura Teghii, Romania",earthquake,4.14,5.676,0.164,10,reviewed,us,us
2023-06-17T10:11:43.200Z,63.2089,-150.5037,108.7,1.2,ml,,,,0.38,ak,ak0237q0b380,2023-06-20T21:04:29.656Z,"71 km ESE of Denali National Park, Alaska",earthquake,,0.8,,,reviewed,ak,ak
2023-06-17T10:03:05.508Z,39.1415,-119.6411,7.2,1.2,ml,18,74.91,0.062,0.1532,nn,nn00861327,2023-06-19T22:53:37.097Z,"",earthquake,,1,0.16,7,reviewed,nn,nn
2023-06-17T09:59:35.980Z,38.7998352,-122.7968369,0.14,0.76,md,10,63,0.008209,0.05,nc,nc73901996,2023-06-17T11:13:13.254Z,"4km NW of The Geysers, CA",earthquake,0.28,0.72,0.14,11,automatic,nc,nc
2023-06-17T09:50:21.840Z,36.1056666666667,-89.7558333333333,6.23,1.95,md,33,59,0.04588,0.09,nm,nm60529926,2023-06-17T13:40:03.990Z,"7 km ENE of Steele, Missouri",earthquake,0.19,0.52,0.0773199886883418,24,reviewed,nm,nm
2023-06-17T09:49:06.017Z,63.4025,-149.6168,96,1.5,ml,,,,0.69,ak,ak0237pzxq2x,2023-06-20T21:04:25.052Z,"33 km W of Cantwell, Alaska",earthquake,,0.4,,,reviewed,ak,ak
2023-06-17T09:48:40.885Z,57.9432,-154.2251,75.6,1.9,ml,,,,0.58,ak,ak0237pzxkmp,2023-06-20T21:04:24.829Z,"43 km NNE of Karluk, Alaska",earthquake,,0.9,,,reviewed,ak,ak
2023-06-17T09:42:54.240Z,39.174,-111.9045,14.84,1.32,ml,14,102,0.1778,0.11,uu,uu60542431,2023-06-20T16:03:46.910Z,"7 km SW of Fayette, Utah",earthquake,0.44,0.59,0.065,2,reviewed,uu,uu
2023-06-17T09:39:49.900Z,53.5708333333333,-167.038666666667,9.84,0.33,ml,7,204,,0.13,av,av91928371,2023-06-18T04:41:30.110Z,"47 km SW of Unalaska, Alaska",earthquake,1.43,1.18,0.232504450957595,7,reviewed,av,av
2023-06-17T09:37:41.642Z,42.0915,142.7912,61.533,4.3,mb,34,90,0.283,0.4,us,us7000k967,2023-06-17T10:20:04.040Z,"",earthquake,9.99,5.019,0.111,24,reviewed,us,us
2023-06-17T09:32:24.969Z,64.0266,-145.9169,12.6,0.7,ml,,,,0.79,ak,ak0237pzu48o,2023-06-20T21:04:24.638Z,"9 km W of Delta Junction, Alaska",earthquake,,0.3,,,reviewed,ak,ak
2023-06-17T09:25:57.110Z,34.0265,-117.2205,10.7,2.39,ml,127,14,0.08832,0.15,ci,ci40487656,2023-06-18T16:01:45.480Z,"4km ESE of Loma Linda, CA",earthquake,0.09,0.18,0.14,125,reviewed,ci,ci
2023-06-17T09:15:49.250Z,33.0325,-116.4186667,8.79,1.04,ml,45,28,0.0609,0.21,ci,ci40487648,2023-06-18T13:28:50.060Z,"18km ESE of Julian, CA",earthquake,0.23,0.82,0.19,23,reviewed,ci,ci
2023-06-17T09:13:35.751Z,54.0107,-166.316,13.7,1.2,ml,,,,0.61,ak,ak0237pzq17l,2023-06-20T21:04:24.439Z,"",earthquake,,1.7,,,reviewed,ak,ak
2023-06-17T09:01:17.160Z,36.3255,-97.536,7.49,0.86,ml,51,36,0.08188393158,0.26,ok,ok2023ltuw,2023-06-21T19:46:41.556Z,"4 km ENE of Covington, Oklahoma",earthquake,,0.6,0.19,17,reviewed,ok,ok
2023-06-17T09:00:29.652Z,18.1581,-155.1349,10,3.1,ml,30,315,0.961,0.31,us,us7000k965,2023-06-17T09:17:03.040Z,"111 km SSE of Naalehu, Hawaii",earthquake,6.36,2.004,0.057,40,reviewed,us,us
2023-06-17T08:45:25.000Z,35.4646666666667,-91.7458333333333,4.92,2.24,md,10,130,0.1244,0.11,nm,nm60500863,2023-06-17T13:50:19.540Z,"Arkansas",earthquake,1.77,1.99,0.072829197746306,9,reviewed,nm,nm
2023-06-17T08:34:13.600Z,46.846333333333334,-121.76183333333333,0.31,0.73,ml,24,66,0.02183,0.09,uw,uw61933736,2023-06-18T00:42:12.800Z,"22 km ENE of Ashford, Washington",earthquake,0.19,0.55,0.1821065657617359,15,reviewed,uw,uw
2023-06-17T08:19:17.980Z,47.733,-113.777833333333,7.83,1.16,ml,15,139,0.2045,0.2,mb,mb90018678,2023-06-17T15:00:53.820Z,"Western Montana",earthquake,0.96,2.36,0.330756323941035,4,reviewed,mb,mb
2023-06-17T08:09:40.810Z,46.950833333333335,-121.9115,6.9,0.84,ml,10,218,0.05163,0.05,uw,uw61933726,2023-06-18T00:04:00.310Z,"17 km SE of Carbonado, Washington",earthquake,0.63,0.74,0.21851947872428612,6,reviewed,uw,uw
2023-06-17T08:08:52.580Z,46.8485,-121.76233333333333,0.71,0.26,ml,9,80,0.02115,0.07,uw,uw61933721,2023-06-17T23:56:50.990Z,"22 km ENE of Ashford, Washington",earthquake,0.29,0.55,0.09148394581287667,6,reviewed,uw,uw
2023-06-17T08:06:50.380Z,38.8413315,-122.8225021,1.74,1.1,md,20,85,0.0105,0.05,nc,nc73901981,2023-06-17T10:06:12.853Z,"9km WNW of Cobb, CA",earthquake,0.23,0.51,0.11,20,automatic,nc,nc
2023-06-17T08:01:36.506Z,63.3078,-150.9608,2.9,1.3,ml,,,,0.83,ak,ak0237pz22b9,2023-06-20T21:04:24.199Z,"46 km SE of Denali National Park, Alaska",earthquake,,0.2,,,reviewed,ak,ak
2023-06-17T07:57:55.759Z,36.74566667,-98.06416667,6.3,0.9,ml,50,82,0.1025798703,0.3,ok,ok2023ltsu,2023-06-21T19:31:10.001Z,"7 km E of Nescatunga, Oklahoma",earthquake,,0.8,0.12,19,reviewed,ok,ok
2023-06-17T07:48:22.430Z,46.85016666666667,-121.76833333333333,-0.75,0.12,ml,8,83,0.01691,0.1,uw,uw61933716,2023-06-17T16:53:30.560Z,"22 km ENE of Ashford, Washington",earthquake,0.39,0.82,0.10573343471480719,5,reviewed,uw,uw
2023-06-17T07:39:17.250Z,62.9962,-150.6665,111.6,1.2,ml,,,,0.21,ak,ak0237pyoqgd,2023-06-26T00:03:43.722Z,"55 km N of Petersville, Alaska",earthquake,,0.6,,,reviewed,ak,ak
2023-06-17T07:25:41.620Z,46.855333333333334,-121.76483333333333,1.82,0.16,ml,13,80,0.01981,0.06,uw,uw61933711,2023-06-17T16:30:54.400Z,"22 km ENE of Ashford, Washington",earthquake,0.25,0.5,0.029113149740876615,8,reviewed,uw,uw
2023-06-17T07:25:25.586Z,63.0225,-149.2993,85,1.2,ml,,,,0.54,ak,ak0237pylr2m,2023-06-26T00:03:43.511Z,"Central Alaska",earthquake,,0.3,,,reviewed,ak,ak
2023-06-17T07:23:11.160Z,33.2573333,-116.3196667,11.72,0.59,ml,33,64,0.07982,0.16,ci,ci40487640,2023-06-18T15:31:36.925Z,"5km E of Borrego Springs, CA",earthquake,0.24,0.39,0.084,8,reviewed,ci,ci
2023-06-17T07:17:40.570Z,38.7941666,-122.7291641,2.28,0.79,md,8,102,0.01241,0.01,nc,nc73901976,2023-06-17T09:39:12.690Z,"3km NE of The Geysers, CA",earthquake,0.39,1.12,0.07,6,automatic,nc,nc
2023-06-17T07:17:28.120Z,33.5383333,-116.4456667,6.76,0.83,ml,24,53,0.02236,0.16,ci,ci40487632,2023-06-17T14:29:58.250Z,"19km SW of La Quinta, CA",earthquake,0.24,0.57,0.155,18,reviewed,ci,ci
2023-06-17T07:16:01.767Z,37.2733,-117.5983,7.4,1,ml,9,160.6,0.056,0.2042,nn,nn00861326,2023-06-20T18:54:30.988Z,"",earthquake,,3,0.66,6,reviewed,nn,nn
2023-06-17T07:15:49.290Z,58.259,-155.110333333333,4.66,0.15,ml,6,141,,0.17,av,av91928281,2023-06-18T02:45:38.690Z,"Alaska Peninsula",earthquake,0.62,0.63,0.13639777078495,6,reviewed,av,av
2023-06-17T07:11:15.620Z,35.6716667,-117.5203333,10.09,0.53,ml,18,76,0.07895,0.18,ci,ci40487624,2023-06-18T15:24:57.552Z,"15km SW of Searles Valley, CA",earthquake,0.36,0.9,0.121,5,reviewed,ci,ci
2023-06-17T07:10:45.661Z,64.4478,-163.6418,24.4,1.6,ml,,,,0.81,ak,ak0237pyikvq,2023-06-26T00:03:43.321Z,"northern Alaska",earthquake,,2.3,,,reviewed,ak,ak
2023-06-17T07:03:48.275Z,58.696,-153.9828,7.6,1.4,ml,,,,0.84,ak,ak0237pyh31w,2023-06-26T00:03:38.539Z,"94 km SSE of Kokhanok, Alaska",earthquake,,0.1,,,reviewed,ak,ak
2023-06-17T07:02:11.848Z,60.8922,-151.4619,66.8,1.9,ml,,,,0.67,ak,ak0237pygsk3,2023-06-26T00:03:38.274Z,"24 km NNW of Nikiski, Alaska",earthquake,,0.2,,,reviewed,ak,ak
2023-06-17T06:59:13.897Z,51.3941,-179.0062,15.5,1.9,ml,,,,0.68,ak,ak0237py7kwt,2023-06-26T00:03:43.090Z,"172 km WSW of Adak, Alaska",earthquake,,0.2,,,reviewed,ak,ak
2023-06-17T06:57:02.160Z,61.5791,-146.3921,26.8,1.8,ml,,,,0.69,ak,ak0237py74g5,2023-06-26T00:03:37.996Z,"50 km N of Valdez, Alaska",earthquake,,0.2,,,reviewed,ak,ak
2023-06-17T06:55:09.960Z,47.7336666666667,-113.8005,4.89,0.37,ml,5,244,0.1925,0.04,mb,mb90018963,2023-06-19T19:22:06.830Z,"19 km E of Finley Point, Montana",earthquake,1.05,5.67,0.399319457749455,2,reviewed,mb,mb
2023-06-17T06:52:15.430Z,44.083,-110.3901667,8.89,0.99,md,15,158,0.2063,0.18,uu,uu60542426,2023-06-20T16:00:08.660Z,"",earthquake,0.74,1.96,0.192,7,reviewed,uu,uu
2023-06-17T06:50:39.605Z,52.0757,-174.9606,12.3,2.4,ml,,,,0.77,ak,ak0237py5pd6,2023-06-26T00:03:37.798Z,"53 km WSW of Atka, Alaska",earthquake,,0.5,,,reviewed,ak,ak
2023-06-17T06:42:22.550Z,52.1869,-170.3948,33.6,2.6,ml,,,,0.8,ak,ak0237py3z7a,2023-06-26T00:03:37.605Z,"133 km SW of Nikolski, Alaska",earthquake,,0.9,,,reviewed,ak,ak
2023-06-17T06:38:23.538Z,62.1645,-153.4582,8.8,1.3,ml,,,,0.91,ak,ak0237py33mb,2023-06-26T00:03:37.394Z,"105 km SSE of Nikolai, Alaska",earthquake,,0.3,,,reviewed,ak,ak
2023-06-17T06:29:53.410Z,36.5465,-121.131,4.11,1.27,md,22,113,0.01864,0.09,nc,nc73901961,2023-06-20T19:27:15.970Z,"2km NNE of Pinnacles, CA",earthquake,0.3,0.58,0.181,17,reviewed,nc,nc
2023-06-17T06:29:53.400Z,35.5565,-118.5206667,3.05,1.49,ml,25,39,0.1127,0.18,ci,ci40487616,2023-06-17T14:31:01.750Z,"4km SW of Bodfish, CA",earthquake,0.27,1.18,0.215,18,reviewed,ci,ci
2023-06-17T06:18:47.594Z,-23.1396,-66.784,228.6,4.2,mb,18,105,1.298,0.74,us,us7000k95w,2023-06-17T12:41:13.040Z,"113 km W of El Aguilar, Argentina",earthquake,9.78,8.517,0.215,6,reviewed,us,us
2023-06-17T06:16:14.773Z,53.6804,-166.9948,80.2,1.9,ml,,,,0.41,ak,ak0237pxyd7h,2023-06-26T00:03:37.189Z,"Fox Islands, Aleutian Islands, Alaska",earthquake,,0.4,,,reviewed,ak,ak
2023-06-17T06:12:15.783Z,37.2843,-117.601,7.5,1.4,ml,11,95.16,0.063,0.1302,nn,nn00861323,2023-06-20T19:06:56.683Z,"",earthquake,,2,0.67,6,reviewed,nn,nn
2023-06-17T06:08:47.880Z,38.818,-122.8215,2.35,1.23,md,45,44,0.01043,0.06,nc,nc73901956,2023-06-20T17:40:15.366Z,"7km NW of The Geysers, CA",earthquake,0.17,0.29,0.156,35,reviewed,nc,nc
2023-06-17T06:06:43.725Z,60.6039,-139.7193,13.3,1.2,ml,,,,0.84,ak,ak0237pxwa9g,2023-06-26T00:03:42.902Z,"117 km N of Yakutat, Alaska",earthquake,,0.2,,,reviewed,ak,ak
2023-06-17T06:01:55.547Z,51.9036,-178.7991,120.4,2,ml,,,,0.5,ak,ak0237pxv8le,2023-06-26T00:03:42.710Z,"149 km W of Adak, Alaska",earthquake,,0.4,,,reviewed,ak,ak
2023-06-17T05:56:46.750Z,36.5965,-89.5696666666667,3.89,1.8,md,21,43,0.01655,0.12,nm,nm60529921,2023-06-20T14:16:48.380Z,"3 km WNW of New Madrid, Missouri",earthquake,0.18,0.26,0.211476930490839,14,reviewed,nm,nm
2023-06-17T05:55:08.999Z,52.3892,-168.5225,18.9,2,ml,,,,0.27,ak,ak0237pxla2b,2023-06-26T00:03:42.526Z,"65 km SSE of Nikolski, Alaska",earthquake,,0.8,,,reviewed,ak,ak
2023-06-17T05:49:44.300Z,63.5432,-150.6088,7.9,1.2,ml,,,,0.69,ak,ak0237pxk2he,2023-06-26T00:03:36.963Z,"55 km E of Denali National Park, Alaska",earthquake,,0.2,,,reviewed,ak,ak
2023-06-17T05:43:25.813Z,61.9993,-148.8889,30.5,1.1,ml,,,,0.56,ak,ak0237pxiqrp,2023-06-26T00:03:42.317Z,"25 km NNW of Sutton-Alpine, Alaska",earthquake,,0.4,,,reviewed,ak,ak
2023-06-17T05:40:12.465Z,64.3787,-163.7027,14.7,1.3,ml,,,,0.91,ak,ak0237pxi2la,2023-06-26T00:03:42.145Z,"36 km SSW of White Mountain, Alaska",earthquake,,0.4,,,reviewed,ak,ak
2023-06-17T05:28:21.730Z,19.1663341522217,-155.496002197266,30.1800003051758,1.82000005,md,27,162,,0.0900000036,hv,hv73453497,2023-06-17T05:31:35.280Z,"4 km SSW of Pāhala, Hawaii",earthquake,0.7,1.03999996,0.899999976,3,automatic,hv,hv
2023-06-17T05:21:26.040Z,52.0353,-174.2051,3.7,2.4,ml,,,,0.63,ak,ak0237pxe18q,2023-06-26T00:03:36.771Z,"17 km S of Atka, Alaska",earthquake,,0.6,,,reviewed,ak,ak
2023-06-17T05:20:59.938Z,61.0473,-152.3397,107.9,1.5,ml,,,,0.43,ak,ak0237pxdvxl,2023-06-26T00:03:41.948Z,"65 km W of Tyonek, Alaska",earthquake,,0.5,,,reviewed,ak,ak
2023-06-17T05:06:52.710Z,41.2413333,-123.3826667,40.21,2.47,md,36,76,0.06495,0.21,nc,nc73901941,2023-06-19T19:15:13.143Z,"17km SSE of Somes Bar, CA",earthquake,0.42,0.48,0.202,29,reviewed,nc,nc
2023-06-17T05:06:03.610Z,17.9661666666667,-66.4951666666667,15.16,2.49,md,5,253,0.1303,0.12,pr,pr71413733,2023-06-17T08:38:05.560Z,"2 km S of Potala Pastillo, Puerto Rico",earthquake,1.92,0.82,0.180893673150741,3,reviewed,pr,pr
2023-06-17T05:01:38.770Z,33.2341667,-116.3591667,12.17,1.36,ml,70,26,0.05928,0.19,ci,ci40487592,2023-06-18T15:18:36.570Z,"3km SSE of Borrego Springs, CA",earthquake,0.16,0.46,0.156,39,reviewed,ci,ci
2023-06-17T04:58:56.685Z,65.6838,-173.5811,27.4,3,ml,,,,0.8,ak,ak0237px0lac,2023-06-26T00:03:41.771Z,"88 km WNW of Lorino, Russia",earthquake,,10.6,,,reviewed,ak,ak
2023-06-17T04:58:17.009Z,7.6083,-82.3336,16.855,5.3,mww,70,128,1.229,0.97,us,us7000k95g,2023-06-19T13:33:22.714Z,"68 km S of Boca Chica, Panama",earthquake,8.52,4.413,0.086,13,reviewed,us,us
2023-06-17T04:57:42.348Z,40.2707,143.6974,10,4.9,mb,30,153,1.79,0.8,us,us7000k95h,2023-06-17T05:29:27.040Z,"161 km E of Noda, Japan",earthquake,3.64,1.937,0.112,25,reviewed,us,us
2023-06-17T04:42:31.430Z,19.1176,-67.5458,41,3.58,md,12,309,0.7362,0.34,pr,pr2023168000,2023-06-17T05:11:59.643Z,"83 km NW of San Antonio, Puerto Rico",earthquake,2.3,8.93,0.08,4,reviewed,pr,pr
2023-06-17T04:41:14.805Z,60.1075,-147.8601,6.2,1.3,ml,,,,0.34,ak,ak0237pwwuvs,2023-06-26T00:03:41.587Z,"9 km ENE of Chenega, Alaska",earthquake,,0.4,,,reviewed,ak,ak
2023-06-17T04:38:10.657Z,60.0591,-152.8624,107.7,1.6,ml,,,,0.39,ak,ak0237pww323,2023-06-26T00:03:36.526Z,"64 km W of Happy Valley, Alaska",earthquake,,0.2,,,reviewed,ak,ak
2023-06-17T04:36:40.509Z,6.0341,-72.234,35,4.2,mb,13,142,0.856,0.86,us,us7000kakx,2023-06-23T22:35:57.040Z,"7 km SSE of Sácama, Colombia",earthquake,9.62,1.965,0.199,7,reviewed,us,us
2023-06-17T04:33:53.692Z,54.3605,-161.4972,24.5,2.8,ml,,,,0.5,ak,ak0237pwv85l,2023-06-26T00:03:36.088Z,"94 km SE of King Cove, Alaska",earthquake,,1.1,,,reviewed,ak,ak
2023-06-17T04:33:39.224Z,62.0251,-151.7856,85.4,1.4,ml,,,,0.6,ak,ak0237pwv6vb,2023-06-26T00:03:36.295Z,"20 km W of Skwentna, Alaska",earthquake,,0.4,,,reviewed,ak,ak
2023-06-17T04:30:34.872Z,51.4259,-177.6595,40.4,1.7,ml,,,,0.47,ak,ak0237pwujjz,2023-06-26T00:03:41.386Z,"86 km SW of Adak, Alaska",earthquake,,0.4,,,reviewed,ak,ak
2023-06-17T04:29:17.512Z,51.2054,-177.7623,24.7,1.9,ml,,,,0.22,ak,ak0237pwuahz,2023-06-26T00:03:41.202Z,"107 km SW of Adak, Alaska",earthquake,,1.4,,,reviewed,ak,ak
2023-06-17T04:21:09.410Z,61.2566666666667,-152.211166666667,22.69,0.22,ml,7,100,,0.22,av,av91928096,2023-06-18T02:16:17.920Z,"Southern Alaska",earthquake,0.95,1.04,0.324795580282958,7,reviewed,av,av
2023-06-17T04:18:36.667Z,61.7987,-151.1792,68.2,1.2,ml,,,,0.42,ak,ak0237pwrz19,2023-06-26T00:03:35.873Z,"24 km SSE of Skwentna, Alaska",earthquake,,0.4,,,reviewed,ak,ak
2023-06-17T04:15:06.158Z,64.4355,-163.6351,12.1,1.6,ml,,,,0.62,ak,ak0237pwr9ma,2023-06-26T00:03:35.689Z,"29 km SSW of White Mountain, Alaska",earthquake,,0.4,,,reviewed,ak,ak
2023-06-17T04:08:13.653Z,53.7554,-165.2561,62.6,2.4,ml,,,,0.63,ak,ak0237pwpsm2,2023-06-26T00:03:35.486Z,"Fox Islands, Aleutian Islands, Alaska",earthquake,,1.7,,,reviewed,ak,ak
2023-06-17T04:07:58.240Z,35.44533333,-98.0335,7.93,0.94,ml,21,63,0.02159576217,0.28,ok,ok2023ltle,2023-06-21T19:04:40.935Z,"10 km NW of Union City, Oklahoma",earthquake,,0.6,0.23,13,reviewed,ok,ok
2023-06-17T04:06:49.640Z,39.453,-122.9675,4.71,1.67,md,20,87,0.1475,0.11,nc,nc73901936,2023-06-19T19:00:14.172Z,"5km N of Lake Pillsbury, CA",earthquake,0.28,1.36,0.217,25,reviewed,nc,nc
2023-06-17T04:06:10.265Z,59.706,-136.0959,4.3,1.6,ml,,,,0.46,ak,ak0237pwpcgy,2023-06-26T00:03:41.025Z,"19 km N of Mosquito Lake, Alaska",earthquake,,0.3,,,reviewed,ak,ak
2023-06-17T04:03:39.540Z,38.823,-122.7896667,1.44,0.45,md,23,69,0.01199,0.03,nc,nc73901931,2023-06-20T18:07:15.529Z,"6km W of Cobb, CA",earthquake,0.17,0.3,0.188,24,reviewed,nc,nc
2023-06-17T04:02:28.875Z,61.4576,-150.7336,64.2,1.2,ml,,,,0.43,ak,ak0237pwoi2f,2023-06-26T00:03:35.281Z,"15 km SW of Susitna, Alaska",earthquake,,0.4,,,reviewed,ak,ak
2023-06-17T03:58:18.461Z,62.3773,-141.7928,9.9,1.5,ml,,,,0.87,ak,ak0237pwf2r1,2023-06-26T00:03:35.079Z,"47 km SW of Alcan Border, Alaska",earthquake,,0.1,,,reviewed,ak,ak
2023-06-17T03:57:58.623Z,51.5349,-176.3794,34.8,1.9,ml,,,,0.26,ak,ak0237pwey3f,2023-06-26T00:03:34.867Z,"41 km SSE of Adak, Alaska",earthquake,,1.3,,,reviewed,ak,ak
2023-06-17T03:55:28.743Z,57.3132,-156.2277,79.2,1.8,ml,,,,0.24,ak,ak0237pwegdm,2023-06-26T00:03:40.844Z,"73 km ESE of Ugashik, Alaska",earthquake,,0.9,,,reviewed,ak,ak
2023-06-17T03:53:26.450Z,34.072,-116.8558333,12.05,1.32,ml,65,49,0.05425,0.14,ci,ci40487584,2023-06-18T15:06:11.700Z,"16km N of Banning, CA",earthquake,0.12,0.3,0.153,35,reviewed,ci,ci
2023-06-17T03:50:45.116Z,60.1816,-153.2023,137,2,ml,,,,0.55,ak,ak0237pwdezr,2023-06-26T00:03:34.606Z,"61 km E of Port Alsworth, Alaska",earthquake,,0.3,,,reviewed,ak,ak
2023-06-17T03:44:15.579Z,-10.8603,161.494,10,4.3,mb,18,129,2.077,0.95,us,us7000kakw,2023-06-23T22:15:01.040Z,"64 km SW of Kirakira, Solomon Islands",earthquake,10.46,1.917,0.153,12,reviewed,us,us
2023-06-17T03:42:05.606Z,51.9648,177.7555,6.3,2.1,ml,,,,0.76,ak,ak0237pwbmzq,2023-06-26T00:03:34.425Z,"Rat Islands, Aleutian Islands, Alaska",earthquake,,0.9,,,reviewed,ak,ak
2023-06-17T03:38:51.881Z,61.446,-146.1437,33.7,1.2,ml,,,,0.71,ak,ak0237pwauzo,2023-06-26T00:03:40.618Z,"36 km NNE of Valdez, Alaska",earthquake,,0.5,,,reviewed,ak,ak
2023-06-17T03:32:57.015Z,60.7976,-152.2871,94.5,1.4,ml,,,,0.58,ak,ak0237pw9l39,2023-06-26T00:03:39.964Z,"55 km WNW of Nikiski, Alaska",earthquake,,0.5,,,reviewed,ak,ak
2023-06-17T03:31:16.652Z,-9.6262,114.2369,61.051,4.3,mb,23,91,1.152,0.6,us,us7000kakv,2023-06-23T22:08:17.927Z,"south of Bali, Indonesia",earthquake,8.25,4.698,0.177,11,reviewed,us,us
2023-06-17T03:30:24.823Z,61.7503,-147.2304,9.6,1.3,ml,,,,0.87,ak,ak0237pw936a,2023-06-26T00:03:40.387Z,"21 km S of Eureka Roadhouse, Alaska",earthquake,,0.4,,,reviewed,ak,ak
2023-06-17T03:27:48.966Z,63.1071,-150.6993,109.2,1.1,ml,,,,0.21,ak,ak0237pw8hw0,2023-06-26T00:03:40.186Z,"68 km N of Petersville, Alaska",earthquake,,0.7,,,reviewed,ak,ak
2023-06-17T03:23:48.109Z,36.44816667,-97.001,3.91,0.25,ml,25,136,0.0224955856,0.18,ok,ok2023ltjt,2023-06-21T14:36:15.954Z,"15 km E of Red Rock, Oklahoma",earthquake,,0.6,0.22,10,reviewed,ok,ok
2023-06-17T03:23:19.609Z,36.45166667,-96.99933333,3.49,-0.02,ml,19,134,0.02069593875,0.11,ok,ok2023ltjs,2023-06-21T14:30:41.481Z,"Oklahoma",earthquake,,0.5,0.24,9,reviewed,ok,ok
2023-06-17T03:19:17.430Z,38.8230019,-122.81633,1.96,1.1,md,22,46,0.004903,0.05,nc,nc73901926,2023-06-17T06:25:14.558Z,"7km NW of The Geysers, CA",earthquake,0.22,0.44,0.15,21,automatic,nc,nc
2023-06-17T03:07:10.646Z,63.5619,-147.611,2.5,1.9,ml,,,,0.79,ak,ak0237pw44mi,2023-06-26T00:03:34.159Z,"67 km ESE of Denali Park, Alaska",earthquake,,0.2,,,reviewed,ak,ak
2023-06-17T03:00:49.867Z,51.4497,-177.4855,25.4,1.7,ml,,,,0.38,ak,ak0237pw2pmi,2023-06-26T00:03:39.754Z,"75 km SW of Adak, Alaska",earthquake,,0.3,,,reviewed,ak,ak
2023-06-17T02:46:09.905Z,38.0335,72.5444,122.119,4.3,mb,19,136,1.555,0.75,us,us7000k95c,2023-06-17T03:34:55.040Z,"106 km NE of Khorugh, Tajikistan",earthquake,3.97,10.181,0.218,6,reviewed,us,us
2023-06-17T02:42:37.210Z,53.388,-168.209,3.98,0.57,ml,6,255,,0.14,av,av91928026,2023-06-18T02:07:54.810Z,"Fox Islands, Aleutian Islands, Alaska",earthquake,1.75,0.45,0.306300708605099,6,reviewed,av,av
2023-06-17T02:37:29.189Z,61.4053,-150.94,65.1,1.8,ml,,,,0.57,ak,ak0237pvp5wp,2023-06-26T00:03:33.886Z,"Southern Alaska",earthquake,,0.3,,,reviewed,ak,ak
2023-06-17T02:29:48.640Z,19.1748332977295,-155.487167358398,31.2199993133545,1.84000003,md,25,93,,0.109999999,hv,hv73453402,2023-06-17T02:33:04.550Z,"3 km SSW of Pāhala, Hawaii",earthquake,0.87,1.07000005,0.910000026,8,automatic,hv,hv
2023-06-17T02:27:02.182Z,46.307,-0.994,5,3.9,mb,30,150,4.042,0.69,us,us7000k958,2023-06-17T15:06:53.203Z,"",earthquake,9.4,1.992,0.258,4,reviewed,us,us
2023-06-17T02:26:22.462Z,64.4431,-163.6475,9.9,1.5,ml,,,,0.6,ak,ak0237pvmsiu,2023-06-26T00:03:39.392Z,"28 km SSW of White Mountain, Alaska",earthquake,,0.6,,,reviewed,ak,ak
2023-06-17T02:25:56.099Z,64.5034,-163.663,4,1.3,ml,,,,0.32,ak,ak0237pvmneh,2023-06-26T00:03:39.574Z,"23 km SSW of White Mountain, Alaska",earthquake,,0.7,,,reviewed,ak,ak
2023-06-17T02:21:43.009Z,61.403,-150.9272,63.4,1.6,ml,,,,0.57,ak,ak0237pvlrid,2023-06-26T00:03:33.629Z,"27 km SW of Susitna, Alaska",earthquake,,0.3,,,reviewed,ak,ak
2023-06-17T02:18:21.560Z,19.1743335723877,-155.489669799805,34.4900016784668,2.06999993,md,32,97,,0.109999999,hv,hv73453397,2023-06-17T02:21:40.180Z,"Island of Hawaii, Hawaii",earthquake,0.75,1.02999997,0.340000004,17,automatic,hv,hv
2023-06-17T02:11:41.540Z,47.732,-113.785666666667,4.9,0.43,ml,6,247,0.2011,0.05,mb,mb90018958,2023-06-19T19:16:35.290Z,"20 km E of Finley Point, Montana",earthquake,0.78,5.51,0.268868091262501,2,reviewed,mb,mb
2023-06-17T02:08:26.080Z,52.0898333333333,-176.128833333333,-1.78,-0.12,ml,5,215,,0.3,av,av91927996,2023-06-17T22:14:30.060Z,"42 km NE of Adak, Alaska",earthquake,1.58,1.91,0.116314039616088,6,reviewed,av,av
2023-06-17T02:00:49.940Z,37.1926667,-121.5803333,5.05,1.61,md,57,36,0.04697,0.08,nc,nc73901916,2023-06-18T06:54:13.351Z,"10km NE of Morgan Hill, CA",earthquake,0.11,0.3,0.305,49,reviewed,nc,nc
2023-06-17T01:59:18.909Z,54.2073,-165.9345,101.8,2,ml,,,,0.75,ak,ak0237pv8f9u,2023-06-26T00:03:39.199Z,"13 km NW of Akutan, Alaska",earthquake,,0.6,,,reviewed,ak,ak
2023-06-17T01:56:44.224Z,31.66939925,-104.2966167,7.314135742,1.8,ml,17,85,0.02712872329,0.2,tx,tx2023ltgw,2023-06-22T19:14:50.728Z,"56 km S of Whites City, New Mexico",earthquake,1.011446126,0.8962286291,0.2,24,reviewed,tx,tx
2023-06-17T01:55:24.709Z,12.3159,48.2331,10,4.7,mb,35,138,5.329,0.71,us,us7000k955,2023-06-17T02:12:58.040Z,"127 km N of Las Khorey, Somalia",earthquake,7.42,1.951,0.104,28,reviewed,us,us
2023-06-17T01:54:23.510Z,36.545,-121.139,3.34,1.04,md,17,112,0.01437,0.08,nc,nc73901906,2023-06-19T17:09:13.370Z,"2km NNE of Pinnacles, CA",earthquake,0.3,0.26,0.132,15,reviewed,nc,nc
2023-06-17T01:44:01.592Z,36.7375,-116.1769,5.8,-0.3,ml,5,98.16,0.027,0.0226,nn,nn00861436,2023-06-19T21:54:35.267Z,"48 km WNW of Indian Springs, Nevada",earthquake,,3.1,0.06,2,reviewed,nn,nn
2023-06-17T01:33:30.578Z,61.6834,-150.9148,63.4,1.7,ml,,,,0.58,ak,ak0237pv2vi1,2023-06-26T00:03:33.353Z,"26 km NW of Susitna, Alaska",earthquake,,0.3,,,reviewed,ak,ak
2023-06-17T01:31:38.880Z,37.3406666666667,-80.6435,9.47,2.55,md,15,59,0.22,0.26,se,se60500853,2023-06-22T01:46:48.132Z,"2 km N of Pembroke, Virginia",earthquake,0.47,1.43,0.033640268622229,14,reviewed,se,se
2023-06-17T01:29:00.636Z,61.6417,-146.4369,14.7,1.2,ml,,,,0.66,ak,ak0237pv1ydr,2023-06-26T00:03:38.982Z,"42 km SSE of Nelchina, Alaska",earthquake,,0.3,,,reviewed,ak,ak
2023-06-17T01:23:47.340Z,58.3846666666667,-155.172,13.36,0.61,ml,9,96,,0.29,av,av91927946,2023-06-18T20:22:39.990Z,"93 km ESE of King Salmon, Alaska",earthquake,0.76,1.5,0.266096630622272,9,reviewed,av,av
2023-06-17T01:18:21.683Z,-28.3185,40.5391,10,4.3,mb,16,71,6.654,0.52,us,us7000kakr,2023-06-23T21:30:08.040Z,"South Indian Ocean",earthquake,7.64,1.94,0.177,9,reviewed,us,us
2023-06-17T01:16:21.700Z,47.7308333333333,-113.811666666667,4.91,0.28,ml,5,241,0.189,0.06,mb,mb90018953,2023-06-19T19:12:48.230Z,"18 km E of Finley Point, Montana",earthquake,0.79,5.87,0.283112482455331,3,reviewed,mb,mb
2023-06-17T01:14:23.656Z,58.2518,-155.1419,3.4,1.3,ml,,,,0.43,ak,ak0237puysfb,2023-06-26T00:03:33.159Z,"Alaska Peninsula",earthquake,,0.2,,,reviewed,ak,ak
2023-06-17T01:03:53.329Z,35.13266667,-95.368,6.67,1.37,ml,37,139,0.1079788109,0.22,ok,ok2023ltfd,2023-06-21T18:36:54.181Z,"1 km NNE of Quinton, Oklahoma",earthquake,,0.5,0.26,10,reviewed,ok,ok
2023-06-17T01:00:29.080Z,38.7941666,-122.7285004,-0.85,0.8,md,7,101,0.01267,0.03,nc,nc73901896,2023-06-17T01:40:13.977Z,"3km NE of The Geysers, CA",earthquake,0.3,6.22,0.08,7,automatic,nc,nc
2023-06-17T00:54:25.420Z,58.5761,-153.9762,75,1.8,ml,,,,0.5,ak,ak0237pulxko,2023-06-26T00:03:32.917Z,"Kodiak Island region, Alaska",earthquake,,0.5,,,reviewed,ak,ak
2023-06-17T00:51:07.662Z,56.5918,-147.8364,10,2.9,ml,31,244,2.846,0.36,us,us7000kb1z,2023-06-26T23:08:45.040Z,"292 km ESE of Chiniak, Alaska",earthquake,6.29,2.001,0.055,44,reviewed,us,us
2023-06-17T00:46:17.379Z,35.47216667,-98.02916667,5.5,1.13,ml,42,64,0.04769064147,0.58,ok,ok2023lteo,2023-06-21T18:18:25.751Z,"9 km SW of El Reno, Oklahoma",earthquake,,1.4,0.26,19,reviewed,ok,ok
2023-06-17T00:45:00.196Z,39.1237,-119.838,11.8,0.6,ml,8,72.75,0.087,0.1594,nn,nn00861444,2023-06-19T22:47:20.453Z,"6 km NW of Indian Hills, Nevada",earthquake,,2.3,0.26,3,reviewed,nn,nn
2023-06-17T00:43:38.406Z,52.6791,-173.2687,84.488,3,ml,15,173,0.635,0.29,us,us7000kb24,2023-06-27T02:42:33.040Z,"83 km NE of Atka, Alaska",earthquake,9.03,19.539,0.097,18,reviewed,us,us
2023-06-17T00:41:34.671Z,62.2259,-152.282,116.1,1.4,ml,,,,0.35,ak,ak0237puj5zv,2023-06-26T00:03:43.907Z,"53 km WNW of Skwentna, Alaska",earthquake,,0.3,,,reviewed,ak,ak
2023-06-17T00:39:04.508Z,63.1075,-150.8021,116.9,1.7,ml,,,,0.35,ak,ak0237puiod9,2023-06-26T00:03:32.693Z,"66 km SE of Denali National Park, Alaska",earthquake,,0.3,,,reviewed,ak,ak
2023-06-17T00:38:40.800Z,39.4295,-122.9713333,9.94,1.66,md,9,119,0.1336,0.07,nc,nc73901881,2023-06-17T03:44:14.655Z,"3km NNW of Lake Pillsbury, CA",earthquake,0.45,1.17,0.234,20,reviewed,nc,nc
2023-06-17T00:28:18.012Z,-10.2505,161.1064,35,4.4,mb,20,143,1.398,0.49,us,us7000kakq,2023-06-25T04:51:30.040Z,"91 km WNW of Kirakira, Solomon Islands",earthquake,9.27,1.906,0.179,9,reviewed,us,us
2023-06-17T00:27:12.190Z,33.409,-116.8973333,5.62,0.61,ml,23,59,0.0624,0.17,ci,ci40487520,2023-06-22T15:41:04.302Z,"5km SW of Aguanga, CA",earthquake,0.23,0.83,0.126,9,reviewed,ci,ci
2023-06-17T00:26:15.197Z,41.1544,142.7535,34,5.6,mww,146,55,0.912,0.76,us,us7000k94b,2023-06-24T05:32:04.778Z,"Hokkaido, Japan region",earthquake,7.05,1.795,0.086,13,reviewed,us,us
2023-06-17T00:09:16.459Z,-23.7535,-176.5755,99.687,4.4,mb,21,125,2.867,0.31,us,us7000kaku,2023-06-25T04:37:58.040Z,"south of the Fiji Islands",earthquake,9.08,7.538,0.169,10,reviewed,us,us
2023-06-17T00:07:57.787Z,62.8217,-150.9413,90.5,1.4,ml,,,,0.64,ak,ak0237pubxfd,2023-06-26T00:03:32.478Z,"37 km NNW of Petersville, Alaska",earthquake,,0.5,,,reviewed,ak,ak
2023-06-16T23:56:45.659Z,64.3832,-163.6284,14.1,2,ml,,,,0.62,ak,ak0237oks127,2023-06-21T17:30:06.103Z,"northern Alaska",earthquake,,0.3,,,reviewed,ak,ak
2023-06-16T23:56:26.511Z,61.1996,-147.635,0,1.1,ml,,,,0.61,ak,ak0237okrz6v,2023-06-21T17:30:05.915Z,"63 km NW of Tatitlek, Alaska",ice quake,,0,,,reviewed,ak,ak
2023-06-16T23:53:22.222Z,46.1798,152.7429,10,4.8,mb,104,135,6.926,0.54,us,us7000k942,2023-06-27T04:28:55.040Z,"",earthquake,8.55,1.857,0.047,141,reviewed,us,us
2023-06-16T23:50:31.334Z,40.1858,-119.7807,7.7,0.9,ml,5,238.51,0.041,0.1241,nn,nn00861531,2023-06-21T21:58:04.652Z,"30 km NNW of Sutcliffe, Nevada",earthquake,,6.5,0.38,5,reviewed,nn,nn
2023-06-16T23:48:18.538Z,-20.6453,-70.6888,31.267,4.2,mb,19,166,0.642,0.74,us,us7000k93z,2023-06-17T01:18:33.131Z,"70 km SW of La Tirana, Chile",earthquake,4.5,7.7,0.186,8,reviewed,us,us
2023-06-16T23:43:11.694Z,59.6753,-152.4288,80.2,1.4,ml,,,,0.33,ak,ak0237okp62p,2023-06-21T17:30:08.226Z,"35 km WSW of Anchor Point, Alaska",earthquake,,0.4,,,reviewed,ak,ak
2023-06-16T23:42:36.880Z,33.3233333,-116.3343333,11.78,0.73,ml,18,125,0.02768,0.12,ci,ci40487496,2023-06-20T18:07:42.180Z,"8km NNE of Borrego Springs, CA",earthquake,0.22,0.38,0.17,13,reviewed,ci,ci
2023-06-16T23:40:17.436Z,-29.7075,-177.3059,24.659,4.4,mb,25,112,0.696,0.44,us,us7000kajy,2023-06-26T22:22:08.040Z,"",earthquake,5.72,6.2,0.13,17,reviewed,us,us
2023-06-16T23:36:36.290Z,17.9055,-66.8453333333333,16.44,2.23,md,6,234,0.07634,0.11,pr,pr71413713,2023-06-17T00:03:11.630Z,"9 km SSE of Maria Antonia, Puerto Rico",earthquake,0.71,0.8,0.0681829326776264,5,reviewed,pr,pr
2023-06-16T23:33:35.443Z,52.0115,-173.734,6.1,2,ml,,,,0.49,ak,ak0237okn2qw,2023-06-21T17:30:08.022Z,"37 km ESE of Atka, Alaska",earthquake,,5.6,,,reviewed,ak,ak
2023-06-16T23:31:39.812Z,62.0891,-150.4586,55.7,1.6,ml,,,,0.58,ak,ak0237okmnmv,2023-06-21T17:30:05.676Z,"27 km SSW of Trapper Creek, Alaska",earthquake,,0.2,,,reviewed,ak,ak
2023-06-16T23:24:58.837Z,64.0108,-148.7651,0,1.9,ml,,,,0.44,ak,ak0237okl749,2023-06-21T17:30:05.455Z,"17 km E of Ferry, Alaska",explosion,,0,,,reviewed,ak,ak
2023-06-16T23:19:57.570Z,34.011,-118.8636667,7.13,2.63,ml,67,106,0.04764,0.23,ci,ci40487480,2023-06-20T20:40:51.995Z,"5km W of Malibu, CA",earthquake,0.29,0.51,0.158,25,reviewed,ci,ci
2023-06-16T23:16:35.710Z,58.2095,-155.1085,4.55,0.1,ml,5,121,,0.06,av,av91927841,2023-06-17T00:13:19.320Z,"81 km NNW of Karluk, Alaska",earthquake,0.31,0.85,0.267359991895173,5,reviewed,av,av
2023-06-16T23:11:21.362Z,51.4064,-177.8644,35,2.6,ml,16,224,0.35,0.27,us,us7000ka5s,2023-06-26T03:55:47.040Z,"99 km WSW of Adak, Alaska",earthquake,2.58,1.99,0.128,16,reviewed,us,us
2023-06-16T23:11:08.178Z,58.1678,-155.2939,3.2,1.1,ml,,,,0.38,ak,ak0237okiaxa,2023-06-21T17:30:05.257Z,"83 km NW of Karluk, Alaska",earthquake,,0.1,,,reviewed,ak,ak
2023-06-16T23:06:31.579Z,62.583,-149.633,6.1,1.5,ml,,,,0.73,ak,ak0237okha3o,2023-06-21T17:30:04.826Z,"28 km ENE of Chase, Alaska",earthquake,,0.2,,,reviewed,ak,ak
2023-06-16T23:02:33.968Z,38.5352,67.8378,10,4.3,mb,40,102,0.925,0.49,us,us7000k93k,2023-06-24T05:13:09.040Z,"eastern Uzbekistan",earthquake,3.14,1.917,0.154,12,reviewed,us,us
2023-06-16T23:02:17.540Z,18.0081666666667,-66.8288333333333,13.86,2.3,md,8,156,0.0582,0.08,pr,pr71413698,2023-06-16T23:17:50.220Z,"1 km NNW of Indios, Puerto Rico",earthquake,0.64,0.38,0.121272156059067,5,reviewed,pr,pr
2023-06-16T23:00:26.340Z,58.2275,-155.170166666667,3.45,0.26,ml,6,129,,0.04,av,av91927821,2023-06-17T00:02:56.060Z,"84 km NNW of Karluk, Alaska",earthquake,0.4,0.9,0.223285485033393,6,reviewed,av,av
2023-06-16T22:58:12.300Z,58.1706666666667,-155.279333333333,2.98,0,ml,5,239,,0.02,av,av91927816,2023-06-16T23:59:52.830Z,"Alaska Peninsula",earthquake,0.77,1.77,0.296317453752617,5,reviewed,av,av
2023-06-16T22:55:03.643Z,51.504,-179.3021,74.238,3.1,ml,18,181,0.309,0.13,us,us7000ka5r,2023-06-26T03:49:34.040Z,"189 km WSW of Adak, Alaska",earthquake,6.62,7.677,0.091,16,reviewed,us,us
2023-06-16T22:46:46.200Z,19.4333324432373,-155.404830932617,5.5,1.75,md,16,61,,0.119999997,hv,hv73453172,2023-06-16T22:49:52.500Z,"17 km W of Volcano, Hawaii",earthquake,0.38,1.46000004,0.519999981,9,automatic,hv,hv
2023-06-16T22:41:16.951Z,63.0735,-150.7373,115.3,1.3,ml,,,,0.64,ak,ak0237ok3bfz,2023-06-21T17:30:07.821Z,"64 km N of Petersville, Alaska",earthquake,,0.5,,,reviewed,ak,ak
2023-06-16T22:37:38.310Z,34.031,-117.1081667,10.88,1.67,ml,80,30,0.005683,0.16,ci,ci40487472,2023-06-16T23:17:04.390Z,"5km SSE of Mentone, CA",earthquake,0.13,0.23,0.142,27,reviewed,ci,ci
2023-06-16T22:36:35.683Z,64.9937,-138.6827,22.7,1.7,ml,,,,0.49,ak,ak0237ok2ab4,2023-06-21T17:30:07.634Z,"110 km NNE of Dawson City, Canada",earthquake,,1.3,,,reviewed,ak,ak
2023-06-16T22:29:29.030Z,36.5496667,-121.1311667,3.27,1.39,md,24,115,0.02123,0.11,nc,nc73901856,2023-06-19T18:34:12.889Z,"2km NNE of Pinnacles, CA",earthquake,0.25,0.4,0.12,18,reviewed,nc,nc
2023-06-16T22:21:40.056Z,58.2087,-155.2587,4.1,1.1,ml,,,,0.34,ak,ak0237ojz2xb,2023-06-21T17:30:04.409Z,"85 km NW of Karluk, Alaska",earthquake,,0.2,,,reviewed,ak,ak
2023-06-16T22:18:59.660Z,36.7556,-116.2355,4.6,0,ml,19,70.7,0.034,0.1068,nn,nn00861313,2023-06-16T22:51:39.805Z,"49 km ESE of Beatty, Nevada",earthquake,,1.1,0.34,5,reviewed,nn,nn
2023-06-16T22:11:13.570Z,38.8330002,-122.8184967,1.78,0.72,md,7,94,0.01163,0.01,nc,nc73901851,2023-06-16T22:38:11.831Z,"8km NW of The Geysers, CA",earthquake,0.4,1.36,0.2,10,automatic,nc,nc
2023-06-16T22:10:56.361Z,61.9574,-151.4016,74.4,1.7,ml,,,,0.42,ak,ak0237ojwr91,2023-06-21T17:30:04.179Z,"3 km S of Skwentna, Alaska",earthquake,,0.4,,,reviewed,ak,ak
2023-06-16T21:58:16.650Z,58.1753333333333,-155.324333333333,1.83,0.18,ml,4,257,,0.06,av,av91927771,2023-06-19T04:15:11.610Z,"84 km NW of Karluk, Alaska",earthquake,0.68,1.76,0.319483104989554,5,reviewed,av,av
2023-06-16T21:57:58.530Z,60.1589,-151.1416,61.1,1.6,ml,,,,0.45,ak,ak0237ojlcug,2023-06-21T17:30:03.975Z,"16 km ESE of Clam Gulch, Alaska",earthquake,,0.5,,,reviewed,ak,ak
2023-06-16T21:56:21.682Z,59.673,-151.3512,58.2,1.7,ml,,,,0.36,ak,ak0237ojl3vp,2023-06-21T17:30:03.766Z,"Kenai Peninsula, Alaska",earthquake,,0.3,,,reviewed,ak,ak
2023-06-16T21:54:13.281Z,65.3207,-148.3921,14.1,0.6,ml,,,,0.5,ak,ak0237ojknvd,2023-06-21T17:30:03.575Z,"23 km SSE of Livengood, Alaska",earthquake,,0.1,,,reviewed,ak,ak
2023-06-16T21:52:55.150Z,47.3178333333333,-113.471666666667,20.86,0.62,ml,8,160,0.07748,0.08,mb,mb90018948,2023-06-19T19:08:41.140Z,"15 km N of Seeley Lake, Montana",earthquake,0.6,0.9,0.101203262447406,3,reviewed,mb,mb
2023-06-16T21:50:46.410Z,38.8406667,-122.811,2.42,0.4,md,18,56,0.01629,0.02,nc,nc73901846,2023-06-17T01:17:15.814Z,"8km WNW of Cobb, CA",earthquake,0.22,0.44,0.166,18,reviewed,nc,nc
2023-06-16T21:48:16.110Z,18.3488,-68.0818,111,3.46,md,14,152,0.3108,0.47,pr,pr2023167002,2023-06-24T05:03:02.040Z,"42 km SE of Punta Cana, Dominican Republic",earthquake,4.17,2.62,0.18,10,reviewed,pr,pr
2023-06-16T21:36:43.496Z,53.8394,-164.06,20.469,3.3,ml,24,207,0.762,0.42,us,us7000ka5q,2023-06-26T03:44:28.040Z,"117 km ESE of Akutan, Alaska",earthquake,3.45,13.757,0.105,12,reviewed,us,us
2023-06-16T21:32:38.467Z,51.8071,-173.7851,5,3.7,mb,34,192,0.577,0.68,us,us7000k948,2023-06-21T17:30:03.137Z,"51 km SSE of Atka, Alaska",earthquake,2.51,1.955,0.146,12,reviewed,us,us
2023-06-16T21:26:28.609Z,52.2847,-169.9473,35,2.6,ml,11,305,0.521,0.84,us,us7000ka5v,2023-06-26T04:01:52.040Z,"103 km SW of Nikolski, Alaska",earthquake,3.09,2.027,0.128,8,reviewed,us,us
2023-06-16T21:18:33.613Z,53.5406,-164.5176,25.1,2.2,ml,,,,0.52,ak,ak0237ojd0jl,2023-06-21T17:30:02.935Z,"105 km SE of Akutan, Alaska",earthquake,,2.2,,,reviewed,ak,ak
2023-06-16T21:16:06.160Z,58.1756666666667,-155.310833333333,3.75,0.63,ml,9,202,,0.09,av,av91927721,2023-06-16T21:55:49.680Z,"Alaska Peninsula",earthquake,0.59,0.98,0.361341656604684,9,reviewed,av,av
2023-06-16T21:13:29.890Z,38.7416667,-122.7026667,0.77,1.21,md,34,88,0.007014,0.09,nc,nc73901836,2023-06-20T16:48:15.051Z,"4km SSW of Anderson Springs, CA",earthquake,0.16,0.28,0.161,27,reviewed,nc,nc
2023-06-16T21:03:38.461Z,-23.5502,-175.8052,10,4.1,mb,15,123,2.434,0.38,us,us7000kak1,2023-06-27T04:51:15.040Z,"259 km SSW of ‘Ohonua, Tonga",earthquake,11.15,1.914,0.184,8,reviewed,us,us
2023-06-16T20:47:44.571Z,37.277,-117.5876,6.1,1.7,ml,10,95.39,0.064,0.1365,nn,nn00861310,2023-06-16T22:42:17.352Z,"53 km S of Silver Peak, Nevada",earthquake,,3.3,0.35,5,reviewed,nn,nn
2023-06-16T20:42:03.628Z,58.2161,-155.2099,5.5,0.9,ml,,,,0.26,ak,ak0237oiwmy5,2023-06-21T17:30:02.743Z,"84 km NNW of Karluk, Alaska",earthquake,,0.1,,,reviewed,ak,ak
2023-06-16T20:36:52.430Z,17.8821666666667,-66.9046666666667,7.85,3,md,6,245,0.0955,0.14,pr,pr71413673,2023-06-16T20:55:26.810Z,"9 km S of Guánica, Puerto Rico",earthquake,0.94,1.49,0.00406563124862025,3,reviewed,pr,pr
2023-06-16T20:30:44.868Z,-23.5745,-175.916,14.831,5.5,mww,175,54,2.482,0.56,us,us7000k92j,2023-06-17T20:35:49.959Z,"266 km SSW of ‘Ohonua, Tonga",earthquake,8.2,3.309,0.093,11,reviewed,us,us
2023-06-16T20:29:17.990Z,58.253,-155.114666666667,3.08,0.15,ml,6,106,,0.09,av,av91927681,2023-06-16T21:43:34.510Z,"85 km NNW of Karluk, Alaska",earthquake,0.28,0.84,0.162803282908279,6,reviewed,av,av
2023-06-16T20:27:25.420Z,38.5601667,-122.2881667,4.88,1.5,md,26,57,0.03055,0.15,nc,nc73901831,2023-06-17T02:21:13.226Z,"14km E of Angwin, CA",earthquake,0.27,0.7,0.096,18,reviewed,nc,nc
2023-06-16T20:27:11.890Z,43.0386666666667,-110.843833333333,3.41,2.2,ml,12,110,0.3319,0.3,mb,mb90018623,2023-06-16T20:54:18.480Z,"11 km NE of Star Valley Ranch, Wyoming",earthquake,1.06,6.9,0.317608119855469,13,reviewed,mb,mb
2023-06-16T20:24:05.455Z,58.2092,-155.2536,6.2,1.2,ml,,,,0.31,ak,ak0237oiss78,2023-06-21T17:30:02.548Z,"85 km NW of Karluk, Alaska",earthquake,,0.1,,,reviewed,ak,ak
2023-06-16T20:22:02.040Z,51.8618333333333,-177.9465,6.93,0.36,ml,3,196,,0.03,av,av91927671,2023-06-16T21:37:30.150Z,"90 km W of Adak, Alaska",earthquake,0.51,0.98,0.143461426849542,4,reviewed,av,av
2023-06-16T20:21:51.650Z,47.5828333333333,-114.030833333333,10.05,0.28,ml,5,161,0.07667,0.03,mb,mb90018943,2023-06-19T19:04:08.760Z,"6 km ESE of Pablo, Montana",earthquake,0.67,1.42,0.453328734875493,2,reviewed,mb,mb
2023-06-16T20:15:41.700Z,33.8663333,-117.5003333,-0.51,1.3,ml,21,65,0.05139,0.23,ci,ci40487448,2023-06-16T20:45:22.671Z,"2km SE of Home Gardens, CA",quarry blast,0.46,31.61,0.172,10,reviewed,ci,ci
2023-06-16T19:52:59.149Z,61.5678,-149.9171,47,1.2,ml,,,,0.5,ak,ak0237oidgre,2023-06-21T17:30:07.258Z,"5 km NNE of Big Lake, Alaska",earthquake,,0.7,,,reviewed,ak,ak
2023-06-16T19:45:34.913Z,53.4731,-165.1954,25,2.4,ml,,,,0.28,ak,ak0237oibxgc,2023-06-21T17:30:02.139Z,"82 km SSE of Akutan, Alaska",earthquake,,1.7,,,reviewed,ak,ak
2023-06-16T19:44:46.490Z,33.6726667,-116.7573333,15.33,1.05,ml,38,80,0.05263,0.11,ci,ci40487440,2023-06-16T20:05:51.690Z,"8km SSW of Idyllwild, CA",earthquake,0.2,0.27,0.196,24,reviewed,ci,ci
2023-06-16T19:43:45.864Z,28.9831,139.4108,410.969,4.1,mb,132,99,4.134,0.65,us,us7000k924,2023-06-16T22:06:32.040Z,"Bonin Islands, Japan region",earthquake,11.48,7.712,0.05,109,reviewed,us,us
2023-06-16T19:40:48.418Z,63.8465,-148.819,109,1.4,ml,,,,0.61,ak,ak0237oiaufc,2023-06-21T17:30:02.341Z,"7 km E of Healy, Alaska",earthquake,,0.4,,,reviewed,ak,ak
2023-06-16T19:39:42.410Z,58.182,-155.324666666667,2.41,0.64,ml,6,244,,0.09,av,av91927656,2023-06-16T21:33:17.100Z,"Alaska Peninsula",earthquake,0.56,0.46,0.365442571248228,6,reviewed,av,av
2023-06-16T19:37:50.016Z,51.5273,176.4521,19.8,2.4,ml,,,,0.48,ak,ak0237oia8bd,2023-06-21T17:30:07.068Z,"267 km SE of Attu Station, Alaska",earthquake,,3.3,,,reviewed,ak,ak
2023-06-16T19:32:54.500Z,38.1355,-122.1561667,3.24,1.78,md,19,135,0.0138,0.14,nc,nc73901821,2023-06-24T03:31:14.028Z,"7km ENE of Vallejo, CA",earthquake,0.32,0.47,0.492,14,reviewed,nc,nc
2023-06-16T19:26:04.820Z,48.31166666666667,-121.9025,-0.78,1.56,ml,4,117,0.1176,0.18,uw,uw61933631,2023-06-16T21:33:22.200Z,"4 km NNE of Oso, Washington",explosion,0.65,31.61,0.02371054953731966,2,reviewed,uw,uw
2023-06-16T19:10:50.520Z,-23.478,-175.5092,16,6.2,mww,107,53,2.315,1.01,us,us7000k91w,2023-06-17T19:18:41.097Z,"243 km SSW of ‘Ohonua, Tonga",earthquake,7.67,1.765,0.041,56,reviewed,us,us
2023-06-16T18:59:47.411Z,50.9627,-179.0998,17.3,3.1,ml,,,,0.53,ak,ak0237ohtief,2023-06-21T17:30:01.919Z,"Andreanof Islands, Aleutian Islands, Alaska",earthquake,,0.5,,,reviewed,ak,ak
2023-06-16T18:59:05.310Z,51.9083333333333,179.577833333333,15.13,0.57,ml,6,139,,0.08,av,av91927626,2023-06-20T21:32:06.280Z,"260 km W of Adak, Alaska",earthquake,0.94,0.71,0.261016306182209,5,reviewed,av,av
2023-06-16T18:57:45.780Z,34.9913333,-118.1858333,-0.91,1.2,ml,14,72,0.1176,0.25,ci,ci40487408,2023-06-16T20:39:11.381Z,"7km S of Mojave, CA",quarry blast,0.56,31.61,0.13,14,reviewed,ci,ci
2023-06-16T18:56:45.241Z,20.0785,121.2707,41.408,4.8,mb,138,55,2.732,0.92,us,us7000k91u,2023-06-16T19:48:53.040Z,"83 km WSW of Basco, Philippines",earthquake,8.01,6.474,0.046,151,reviewed,us,us
2023-06-16T18:55:48.360Z,33.5516667,-116.6573333,10.13,0.94,ml,32,42,0.0269,0.09,ci,ci40487400,2023-06-16T20:35:18.980Z,"2km ESE of Anza, CA",earthquake,0.13,0.26,0.162,21,reviewed,ci,ci
2023-06-16T18:50:32.692Z,58.2661,-155.0998,1.3,2.9,ml,,,,0.67,ak,ak0237ohrjnn,2023-06-21T17:30:01.654Z,"86 km NNW of Karluk, Alaska",earthquake,,0.1,,,reviewed,ak,ak
2023-06-16T18:44:18.750Z,35.48,-98.0205,6.34,1.63,ml,72,62,0.05578905228,0.52,ok,ok2023lssp,2023-06-21T13:19:01.523Z,"8 km SW of El Reno, Oklahoma",earthquake,,1,0.24,35,reviewed,ok,ok
2023-06-16T18:11:52.787Z,-24.1241,-176.5771,10.396,4.8,mb,29,80,3.202,0.95,us,us7000k91e,2023-06-16T20:43:24.040Z,"",earthquake,9.4,4.136,0.103,31,reviewed,us,us
2023-06-16T18:08:48.090Z,34.458,-117.957,8.93,1.93,ml,52,28,0.009132,0.16,ci,ci40487352,2023-06-16T20:15:02.620Z,"7km SW of Pearblossom, CA",earthquake,0.15,0.34,0.163,24,reviewed,ci,ci
2023-06-16T18:07:42.880Z,37.9228333,-121.9425,-0.41,1.04,md,9,201,0.02985,0.12,nc,nc73901811,2023-06-17T00:52:52.480Z,"2km SSW of Clayton, CA",quarry blast,0.83,31.61,0.321,6,reviewed,nc,nc
2023-06-16T18:05:34.441Z,61.2298,-151.3619,65.5,1.4,ml,,,,0.45,ak,ak0237ohhwnu,2023-06-21T17:30:01.437Z,"17 km WNW of Beluga, Alaska",earthquake,,0.3,,,reviewed,ak,ak
2023-06-16T18:02:05.481Z,31.61140473,-103.9832018,8.869470215,3,ml,44,57,0.03065471214,0.1,tx,tx2023lsrf,2023-06-17T19:30:38.402Z,"37 km NNW of Toyah, Texas",earthquake,0.4272660272,0.5088752827,0.1,24,reviewed,tx,tx
2023-06-16T18:01:40.490Z,38.8338318,-122.7406693,0.21,1.09,md,6,185,0.02309,0.01,nc,nc73901806,2023-06-16T18:28:17.337Z,"2km NW of Cobb, CA",earthquake,0.57,1.12,0.21,9,automatic,nc,nc
2023-06-16T17:59:11.752Z,61.1399,-150.5304,45.9,1.1,ml,,,,0.26,ak,ak0237oh7zun,2023-06-21T17:42:12.717Z,"25 km NNE of Point Possession, Alaska",earthquake,,0.6,,,reviewed,ak,ak
2023-06-16T17:45:03.750Z,52.9093,-169.2721,243.474,3.5,ml,32,170,0.26,0.45,us,us7000k91f,2023-06-21T17:30:00.980Z,"27 km W of Nikolski, Alaska",earthquake,21.84,6.727,0.091,16,reviewed,us,us
2023-06-16T17:43:32.280Z,-6.5676,154.8609,35,4.9,mb,55,68,5.789,0.72,us,us7000k912,2023-06-16T18:17:07.040Z,"74 km WSW of Panguna, Papua New Guinea",earthquake,8.07,1.885,0.086,46,reviewed,us,us
2023-06-16T17:40:58.650Z,58.1891666666667,-155.299833333333,1.67,0.28,ml,6,233,,0.12,av,av91927576,2023-06-16T21:08:34.530Z,"85 km NW of Karluk, Alaska",earthquake,0.86,3.21,0.270609840624028,6,reviewed,av,av
2023-06-16T17:38:39.790Z,36.0318333,-120.5941667,1.5,0.58,md,14,117,0.03693,0.07,nc,nc73901791,2023-06-16T22:49:12.894Z,"21km NW of Parkfield, CA",earthquake,0.32,1.9,0.066,2,reviewed,nc,nc
2023-06-16T17:37:27.280Z,48.305166666666665,-121.68016666666666,-0.51,0.9500000000000001,ml,7,97,0.08006,0.35,uw,uw61933616,2023-06-16T21:24:33.740Z,"4 km ENE of Swede Heaven, Washington",explosion,0.88,31.61,0.06308851955212846,4,reviewed,uw,uw
2023-06-16T17:32:58.530Z,44.7853333,-111.0011667,8.71,0.36,md,7,246,0.02624,0.07,uu,uu60542376,2023-06-16T19:08:18.500Z,"15 km E of Hebgen Lake Estates, Montana",earthquake,1.75,1.69,0.191,5,reviewed,uu,uu
2023-06-16T17:32:53.459Z,-20.9626,-178.6048,541.648,4.8,mb,125,38,3.183,0.87,us,us7000k910,2023-06-16T17:49:31.040Z,"Fiji region",earthquake,10.35,5.431,0.034,270,reviewed,us,us
2023-06-16T17:31:32.896Z,51.2423,-179.7665,15.9,2.3,ml,,,,0.65,ak,ak0237oh21h3,2023-06-21T17:30:00.769Z,"228 km WSW of Adak, Alaska",earthquake,,0.3,,,reviewed,ak,ak
2023-06-16T17:31:13.380Z,19.2140007019043,-155.396331787109,34.8199996948242,2.09,ml,45,153,,0.109999999,hv,hv73452777,2023-06-16T17:36:44.080Z,"8 km E of Pāhala, Hawaii",earthquake,0.55,0.670000017,0.3,6,automatic,hv,hv
2023-06-16T17:30:39.260Z,44.7891667,-111.0098333,9.01,0.54,md,10,153,0.02995,0.09,uu,uu60542366,2023-06-16T19:04:09.600Z,"14 km E of Hebgen Lake Estates, Montana",earthquake,0.53,0.84,0.401,5,reviewed,uu,uu
2023-06-16T17:29:43.320Z,44.7885,-111.0083333,9.39,0.79,ml,11,153,0.02921,0.11,uu,uu60542361,2023-06-16T19:01:32.970Z,"14 km E of Hebgen Lake Estates, Montana",earthquake,0.44,0.77,0.161,2,reviewed,uu,uu
2023-06-16T17:27:09.460Z,63.3995,-151.5521,9.3,1.5,ml,,,,0.49,ak,ak0237oh14tk,2023-06-21T17:30:00.569Z,"17 km SSE of Denali National Park, Alaska",earthquake,,0.1,,,reviewed,ak,ak
2023-06-16T17:25:32.500Z,44.785,-111.001,9.01,0.34,md,7,246,0.02593,0.07,uu,uu60542356,2023-06-16T18:50:43.940Z,"15 km E of Hebgen Lake Estates, Montana",earthquake,1.27,1.29,0.236,4,reviewed,uu,uu
2023-06-16T17:24:28.310Z,60.2894,-150.6558,53.3,1.5,ml,,,,0.45,ak,ak0237oh0j5s,2023-06-21T17:30:00.359Z,"24 km SSE of Funny River, Alaska",earthquake,,0.2,,,reviewed,ak,ak
2023-06-16T17:21:24.030Z,59.0073,-153.092,73,1.7,ml,,,,0.41,ak,ak0237ogzvl5,2023-06-21T17:30:00.141Z,"77 km WSW of Nanwalek, Alaska",earthquake,,0.4,,,reviewed,ak,ak
2023-06-16T17:17:26.130Z,38.841,-122.8218333,2.16,1.21,md,31,62,0.01093,0.05,nc,nc73901786,2023-06-17T00:55:12.669Z,"9km WNW of Cobb, CA",earthquake,0.18,0.38,0.174,27,reviewed,nc,nc
2023-06-16T17:15:47.943Z,64.9888,-147.4185,0,0.6,ml,,,,0.51,ak,ak0237ogyn6w,2023-06-21T17:29:59.951Z,"10 km ENE of Fox, Alaska",explosion,,0,,,reviewed,ak,ak
2023-06-16T17:05:27.367Z,51.8934,177.9848,0.7,2.1,ml,,,,0.44,ak,ak0237ogwgyv,2023-06-21T17:29:59.762Z,"Rat Islands, Aleutian Islands, Alaska",earthquake,,1.3,,,reviewed,ak,ak
2023-06-16T17:04:33.387Z,-23.4636,-175.8342,10,5,mb,138,45,2.356,0.59,us,us7000k90u,2023-06-17T15:51:08.040Z,"251 km SSW of ‘Ohonua, Tonga",earthquake,5.15,1.737,0.048,140,reviewed,us,us
2023-06-16T17:03:15.980Z,44.7915,-111.0078333,10.02,0.58,ml,10,197,0.03219,0.09,uu,uu60542351,2023-06-16T18:14:43.880Z,"14 km E of Hebgen Lake Estates, Montana",earthquake,0.54,0.72,0.219,2,reviewed,uu,uu
2023-06-16T17:03:12.080Z,35.969,-120.5,8.83,0.01,md,9,213,0.01289,0.03,nc,nc73901781,2023-06-17T00:28:12.513Z,"10km NW of Parkfield, CA",earthquake,1,1.54,0.149,4,reviewed,nc,nc
2023-06-16T17:01:38.300Z,44.7863333,-111.0105,10.57,1.36,ml,17,122,0.02718,0.11,uu,uu60542346,2023-06-16T18:05:27.380Z,"14 km E of Hebgen Lake Estates, Montana",earthquake,0.38,0.49,0.268,3,reviewed,uu,uu
2023-06-16T16:56:21.686Z,61.4921,-151.4498,76.5,1.4,ml,,,,0.33,ak,ak0237oglxx4,2023-06-21T17:30:06.868Z,"43 km NNW of Beluga, Alaska",earthquake,,0.4,,,reviewed,ak,ak
2023-06-16T16:55:12.650Z,60.1868,-150.1789,54.6,1.7,ml,,,,0.57,ak,ak0237oglpk9,2023-06-21T17:29:59.542Z,"38 km SSW of Cooper Landing, Alaska",earthquake,,0.1,,,reviewed,ak,ak
2023-06-16T16:55:00.730Z,33.9865,-117.0488333,14.52,0.85,ml,22,64,0.1265,0.12,ci,ci40487280,2023-06-16T19:55:21.397Z,"0km ESE of Calimesa, CA",earthquake,0.18,0.44,0.216,18,reviewed,ci,ci
2023-06-16T16:53:49.570Z,38.8131676,-122.8296661,1.74,0.81,md,7,142,0.00431,0.01,nc,nc73901776,2023-06-16T19:23:18.687Z,"8km WNW of The Geysers, CA",earthquake,0.37,0.78,0.13,8,automatic,nc,nc
2023-06-16T16:51:30.497Z,43.0506,-110.8507,4.366,2.6,ml,32,88,0.339,0.73,us,us7000k90s,2023-06-16T17:52:33.580Z,"12 km NE of Star Valley Ranch, Wyoming",earthquake,1.38,3.969,0.045,66,reviewed,us,us
2023-06-16T16:46:00.960Z,44.7855,-111.0065,8.68,0.37,md,9,247,0.02617,0.13,uu,uu60542331,2023-06-16T18:28:06.980Z,"14 km E of Hebgen Lake Estates, Montana",earthquake,1.54,1.29,0.24,4,reviewed,uu,uu
2023-06-16T16:41:14.650Z,37.3426666666667,-80.6381666666667,8.13,2.27,md,13,68,0.2178,0.25,se,se60500858,2023-06-18T05:35:46.096Z,"2 km N of Pembroke, Virginia",earthquake,0.43,1.24,0.0621515601863383,12,reviewed,se,se
2023-06-16T16:39:48.410Z,32.9235,-116.2365,12.13,0.89,ml,24,78,0.06422,0.18,ci,ci40487264,2023-06-16T19:51:04.215Z,"26km SSW of Ocotillo Wells, CA",earthquake,0.26,0.75,0.104,11,reviewed,ci,ci
2023-06-16T16:38:28.095Z,46.212,-0.7847,5,4.8,mww,65,70,3.897,1.04,us,us7000k90p,2023-06-26T04:12:32.114Z,"4 km SSE of Courçon, France",earthquake,7.13,1.858,0.051,37,reviewed,us,us
2023-06-16T16:37:56.320Z,46.3156666666667,-111.609166666667,-2,0.84,ml,8,145,0.3238,0.25,mb,mb90018543,2023-06-16T17:34:56.900Z,"6 km W of Townsend, Montana",quarry blast,2.04,31.61,0.206760337618721,5,reviewed,mb,mb
2023-06-16T16:37:39.120Z,44.7878333,-111.0056667,9.61,0.83,ml,12,152,0.0285,0.1,uu,uu60542326,2023-06-16T17:03:48.260Z,"14 km E of Hebgen Lake Estates, Montana",earthquake,0.51,0.99,0.206,2,reviewed,uu,uu
2023-06-16T16:32:20.500Z,38.8289986,-122.8071671,1.48,0.7,md,15,60,0.006039,0.02,nc,nc73901771,2023-06-16T17:03:14.797Z,"7km NW of The Geysers, CA",earthquake,0.24,0.66,0.38,17,automatic,nc,nc
2023-06-16T16:29:37.400Z,36.581,-121.1378333,10.22,0.95,md,13,169,0.0394,0.17,nc,nc73901766,2023-06-21T23:33:15.146Z,"6km N of Pinnacles, CA",earthquake,1.01,1.24,0.282,11,reviewed,nc,nc
2023-06-16T16:19:41.118Z,-1.3918,-24.5802,10,4.5,mb,12,99,12.078,0.58,us,us7000kajh,2023-06-25T14:53:10.040Z,"central Mid-Atlantic Ridge",earthquake,14.46,1.94,0.271,5,reviewed,us,us
2023-06-16T16:19:04.670Z,46.652,-122.33616666666667,19.32,1.92,ml,44,51,0.1857,0.14,uw,uw61933611,2023-06-16T17:34:14.695Z,"11 km NNW of Morton, Washington",earthquake,0.21,0.61,0.17294518825380667,28,reviewed,uw,uw
2023-06-16T16:15:27.587Z,64.596,-148.141,9.4,0.9,ml,,,,0.39,ak,ak0237ogd5zh,2023-06-21T17:31:47.284Z,"28 km SSW of Ester, Alaska",earthquake,,0.1,,,reviewed,ak,ak
2023-06-16T16:12:38.035Z,51.304,-177.0056,25.6,1.4,ml,,,,0.52,ak,ak0237ogcjob,2023-06-21T17:30:06.676Z,"68 km SSW of Adak, Alaska",earthquake,,2.1,,,reviewed,ak,ak
2023-06-16T16:11:58.500Z,35.8708333,-117.6738333,9.2,0.91,ml,18,77,0.09661,0.09,ci,ci40487248,2023-06-16T19:21:30.442Z,"22km ESE of Little Lake, CA",earthquake,0.18,0.52,0.108,8,reviewed,ci,ci
2023-06-16T16:07:34.664Z,61.4873,-150.8976,70.9,1.2,ml,,,,0.48,ak,ak0237ogbgu2,2023-06-21T17:30:06.483Z,"21 km WSW of Susitna, Alaska",earthquake,,0.5,,,reviewed,ak,ak
2023-06-16T16:04:38.079Z,51.9609,177.8738,5.9,1.5,ml,,,,0.43,ak,ak0237ogaty7,2023-06-21T17:30:06.299Z,"Rat Islands, Aleutian Islands, Alaska",earthquake,,1.7,,,reviewed,ak,ak
2023-06-16T16:01:28.380Z,62.1009,-149.467,19.2,1.4,ml,,,,0.49,ak,ak0237oga5zx,2023-06-21T17:29:59.120Z,"21 km ESE of Susitna North, Alaska",earthquake,,0.4,,,reviewed,ak,ak
2023-06-16T15:57:01.330Z,34.3346667,-116.8451667,-1.41,1.04,ml,15,70,0.0198,0.16,ci,ci40487240,2023-06-16T19:12:14.130Z,"8km N of Big Bear City, CA",quarry blast,0.37,31.61,0.141,13,reviewed,ci,ci
2023-06-16T15:55:15.380Z,33.5503333,-116.4175,11.01,0.5,ml,13,128,0.06916,0.08,ci,ci40487232,2023-06-16T19:04:52.957Z,"16km SW of La Quinta, CA",earthquake,0.27,0.61,0.209,6,reviewed,ci,ci
2023-06-16T15:52:40.590Z,35.13233333,-95.36783333,7.2,1.66,ml,52,73,0.1079788109,0.21,ok,ok2023lsmy,2023-06-21T18:01:20.214Z,"Oklahoma",earthquake,,0.4,0.23,10,reviewed,ok,ok
2023-06-16T15:52:38.663Z,61.6028,-146.4206,35.2,1.3,ml,,,,0.65,ak,ak0237ofzorx,2023-06-23T21:55:08.187Z,"47 km SSE of Nelchina, Alaska",earthquake,,0.4,,,reviewed,ak,ak
2023-06-16T15:42:08.360Z,38.823,-122.851,2.64,0.59,md,25,68,0.006453,0.06,nc,nc73901761,2023-06-16T21:55:13.557Z,"10km WNW of The Geysers, CA",earthquake,0.21,0.43,0.16,18,reviewed,nc,nc
2023-06-16T15:40:08.070Z,33.715,-116.8196667,16.19,0.95,ml,25,176,0.08797,0.11,ci,ci40487216,2023-06-16T19:00:56.814Z,"8km ESE of Valle Vista, CA",earthquake,0.3,0.4,0.196,18,reviewed,ci,ci
2023-06-16T15:38:17.200Z,38.8188324,-122.8219986,2.23,0.72,md,10,107,0.01037,0.02,nc,nc73901756,2023-06-16T18:03:15.178Z,"7km NW of The Geysers, CA",earthquake,0.38,1.11,0.23,11,automatic,nc,nc
2023-06-16T15:30:54.944Z,61.062,-152.3899,112.2,1.6,ml,,,,0.54,ak,ak0237ofv081,2023-06-23T21:55:03.524Z,"67 km W of Tyonek, Alaska",earthquake,,0.6,,,reviewed,ak,ak
2023-06-16T15:22:49.490Z,64.4295,-163.6757,12.8,1.8,ml,,,,0.9,ak,ak0237ofta64,2023-06-23T21:55:03.341Z,"30 km SSW of White Mountain, Alaska",earthquake,,0.2,,,reviewed,ak,ak
2023-06-16T15:15:40.600Z,35.6528333,-117.4616667,7.09,1,ml,14,72,0.03325,0.16,ci,ci40487208,2023-06-16T18:57:17.814Z,"14km SSW of Searles Valley, CA",earthquake,0.34,0.56,0.131,6,reviewed,ci,ci
2023-06-16T15:08:49.008Z,59.3962,-152.6277,80.2,1.7,ml,,,,0.69,ak,ak0237ofqa1u,2023-06-23T21:55:07.966Z,"40 km W of Nanwalek, Alaska",earthquake,,0.3,,,reviewed,ak,ak
2023-06-16T15:08:26.210Z,53.4383333333333,-168.054,4.38,0.38,ml,7,187,,0.18,av,av91927441,2023-06-16T20:49:03.020Z,"77 km NE of Nikolski, Alaska",earthquake,0.78,0.97,0.44230211444383,7,reviewed,av,av
2023-06-16T15:01:57.780Z,46.2336666666667,-111.579833333333,6.33,1.11,ml,16,108,0.2711,0.18,mb,mb90018538,2023-06-16T17:24:14.070Z,"5 km NE of Radersburg, Montana",earthquake,0.37,3.18,0.134997870828226,9,reviewed,mb,mb
2023-06-16T15:01:26.765Z,64.5188,-163.6687,2.1,1.6,ml,,,,0.41,ak,ak0237ofoqbj,2023-06-23T21:55:07.774Z,"northern Alaska",earthquake,,0.2,,,reviewed,ak,ak
2023-06-16T14:58:52.520Z,44.7865,-111.0108333,9.59,1.03,ml,13,122,0.02737,0.12,uu,uu60542321,2023-06-16T15:57:34.850Z,"14 km E of Hebgen Lake Estates, Montana",earthquake,0.51,0.83,0.195,3,reviewed,uu,uu
2023-06-16T14:58:04.189Z,51.366,179.2208,43,1.7,ml,,,,0.26,ak,ak0237offgsd,2023-06-23T21:55:07.568Z,"292 km WSW of Adak, Alaska",earthquake,,0.7,,,reviewed,ak,ak
2023-06-16T14:53:01.930Z,61.5428,-149.9775,18.6,1,ml,,,,0.64,ak,ak0237ofedz5,2023-06-23T21:55:07.366Z,"2 km NNW of Big Lake, Alaska",earthquake,,0.6,,,reviewed,ak,ak
2023-06-16T14:51:17.900Z,58.1681666666667,-155.296666666667,2.61,0.4,ml,7,245,,0.07,av,av91927421,2023-06-21T00:21:34.514Z,"Alaska Peninsula",earthquake,0.53,0.44,0.411408356819327,7,reviewed,av,av
2023-06-16T14:51:12.489Z,61.7748,-154.1055,2,1.1,ml,,,,0.67,ak,ak0237ofdzfq,2023-06-23T21:55:03.141Z,"84 km ENE of Lime Village, Alaska",earthquake,,0.5,,,reviewed,ak,ak
2023-06-16T14:50:59.622Z,51.9025,177.7699,5.6,1.6,ml,,,,0.78,ak,ak0237ofdvbb,2023-06-23T21:55:07.184Z,"Rat Islands, Aleutian Islands, Alaska",earthquake,,2,,,reviewed,ak,ak
2023-06-16T14:50:14.410Z,45.7973333333333,-112.137166666667,4.96,0.24,ml,6,158,0.1192,0,mb,mb90018533,2023-06-16T17:15:59.880Z,"8 km SSW of Whitehall, Montana",earthquake,0.67,5.04,0.0379576853408918,2,reviewed,mb,mb
2023-06-16T14:43:33.800Z,38.8348351,-122.8174973,1.06,1.02,md,13,62,0.01281,0.05,nc,nc73901751,2023-06-16T17:10:15.838Z,"8km W of Cobb, CA",earthquake,0.27,0.63,0.09,16,automatic,nc,nc
2023-06-16T14:39:12.587Z,31.68869516,-104.297846,7.725463867,2.3,ml,32,64,0.03289276756,0.3,tx,tx2023lsko,2023-06-16T20:02:46.494Z,"54 km S of Whites City, New Mexico",earthquake,0.835613866,0.7700377161,0.1,17,reviewed,tx,tx
2023-06-16T14:38:36.727Z,31.69145875,-104.2967911,7.622631836000001,2,ml,28,82,0.03368501138,0.3,tx,tx2023lskm,2023-06-20T15:43:17.383Z,"54 km S of Whites City, New Mexico",earthquake,0.854934925,0.855118638,0.2,14,reviewed,tx,tx
2023-06-16T14:36:41.140Z,36.5984,-115.4331,12.3,1.1,ml,23,145.4,0.241,0.1261,nn,nn00861288,2023-06-16T15:51:36.370Z,"21 km E of Indian Springs, Nevada",earthquake,,4.1,0.14,13,reviewed,nn,nn
2023-06-16T14:35:48.040Z,38.8166667,-122.8191667,2.63,1.22,md,40,47,0.009777,0.04,nc,nc73901741,2023-06-16T23:57:14.308Z,"7km NW of The Geysers, CA",earthquake,0.15,0.29,0.178,31,reviewed,nc,nc
2023-06-16T14:35:41.850Z,59.8863,-149.1002,12.4,1.5,ml,,,,0.68,ak,ak0237ofam7w,2023-06-23T21:55:02.944Z,"28 km SE of Lowell Point, Alaska",earthquake,,0.3,,,reviewed,ak,ak
2023-06-16T14:34:43.290Z,36.6248333,-120.6918333,1.25,1.86,md,19,131,0.1694,0.16,nc,nc73901731,2023-06-16T23:29:18.143Z,"23km N of New Idria, CA",earthquake,0.46,1.39,0.176,20,reviewed,nc,nc
2023-06-16T14:32:51.010Z,19.2033333333333,-66.6286666666667,28.69,3.4,md,15,250,0.7285,0.22,pr,pr71413658,2023-06-18T04:54:59.040Z,"81 km N of Arecibo, Puerto Rico",earthquake,0.97,8.3,0.0853745672932646,10,reviewed,pr,pr
2023-06-16T14:24:20.400Z,45.439,-111.812833333333,4.87,0.42,ml,4,180,0.2038,0.07,mb,mb90018528,2023-06-16T17:10:17.350Z,"11 km NNW of Ennis, Montana",earthquake,0.67,6.57,0.154367200984536,2,reviewed,mb,mb
2023-06-16T14:23:50.567Z,52.0334,-179.9636,156.6,2.1,ml,,,,0.62,ak,ak0237of82b2,2023-06-23T21:55:06.982Z,"229 km W of Adak, Alaska",earthquake,,0.5,,,reviewed,ak,ak
2023-06-16T14:18:37.725Z,64.4065,-163.6221,14.3,1.6,ml,,,,0.78,ak,ak0237of6yr3,2023-06-23T21:55:06.803Z,"32 km WSW of Golovin, Alaska",earthquake,,0.2,,,reviewed,ak,ak
2023-06-16T14:10:33.860Z,36.7625,-121.2836667,8.31,0.89,md,15,165,0.06049,0.07,nc,nc73901726,2023-06-19T18:06:15.695Z,"4km SE of Tres Pinos, CA",earthquake,0.36,0.8,0.323,11,reviewed,nc,nc
2023-06-16T14:06:45.626Z,53.474,-174.0921,33.1,2,ml,,,,0.43,ak,ak0237of4ewv,2023-06-23T21:55:06.627Z,"142 km N of Atka, Alaska",earthquake,,1.6,,,reviewed,ak,ak
2023-06-16T14:05:00.296Z,61.5641,-149.851,9,1.2,ml,,,,0.78,ak,ak0237of43j9,2023-06-23T21:55:02.728Z,"7 km NE of Big Lake, Alaska",earthquake,,0.3,,,reviewed,ak,ak
2023-06-16T14:02:28.019Z,63.2281,-151.2615,8.3,1.4,ml,,,,0.86,ak,ak0237of3ijw,2023-06-23T21:55:02.507Z,"41 km SSE of Denali National Park, Alaska",earthquake,,0.2,,,reviewed,ak,ak
2023-06-16T13:54:21.950Z,35.5625,-120.7971667,5.35,1.09,md,17,63,0.06147,0.07,nc,nc73901721,2023-06-16T22:34:11.801Z,"8km W of Templeton, CA",earthquake,0.26,0.52,0.183,7,reviewed,nc,nc
2023-06-16T13:54:02.830Z,35.73066667,-98.005,6.53,1.18,ml,29,103,0.1853636253,0.3,ok,ok2023lsja,2023-06-21T17:43:01.882Z,"2 km WNW of Okarche, Oklahoma",earthquake,,1.2,0.17,15,reviewed,ok,ok
2023-06-16T13:46:36.488Z,36.653,-116.2778,6.9,0,ml,10,152.74,0.083,0.1014,nn,nn00861416,2023-06-19T18:23:58.557Z,"51 km ESE of Beatty, Nevada",earthquake,,2.1,0.31,4,reviewed,nn,nn
2023-06-16T13:43:09.150Z,58.2343333333333,-155.095,33.92,-0.48,ml,6,100,,0.17,av,av91107808,2023-06-17T03:37:58.010Z,"Alaska Peninsula",earthquake,1.03,1.18,0.231566261747726,6,reviewed,av,av
2023-06-16T13:43:08.345Z,69.6127,-144.4781,3.9,1.2,ml,,,,0.49,ak,ak0237oeqtqw,2023-06-23T21:55:06.449Z,"66 km SSW of Kaktovik, Alaska",earthquake,,0.6,,,reviewed,ak,ak
2023-06-16T13:40:11.670Z,44.6628333333333,-111.847333333333,15.08,1.02,ml,15,96,0.1458,0.18,mb,mb90018518,2023-06-16T17:05:35.960Z,"43 km NE of Spencer, Idaho",earthquake,0.42,0.82,0.129749119815969,11,reviewed,mb,mb
2023-06-16T13:27:23.679Z,35.74533333,-98.01533333,7.42,1.67,ml,90,43,0.1826641551,0.52,ok,ok2023lsid,2023-06-21T16:59:59.416Z,"4 km WNW of Okarche, Oklahoma",earthquake,,1.3,0.21,42,reviewed,ok,ok
2023-06-16T13:24:29.757Z,31.64398647,-104.3943595,6.080151367,2.2,ml,33,75,0.03437242613,0.3,tx,tx2023lsib,2023-06-16T19:17:17.669Z,"58 km S of Whites City, New Mexico",earthquake,1.353568072,0.9946021841,0.1,15,reviewed,tx,tx
2023-06-16T13:23:21.720Z,62.8994,-151.2253,111.7,1.6,ml,,,,0.61,ak,ak0237oemkqd,2023-06-23T21:55:02.253Z,"50 km NNW of Petersville, Alaska",earthquake,,0.5,,,reviewed,ak,ak
2023-06-16T13:13:06.604Z,64.7842,-148.2291,2.3,1.6,ml,,,,1,ak,ak0237oeke4s,2023-06-23T21:55:02.022Z,"12 km SW of Ester, Alaska",earthquake,,0.3,,,reviewed,ak,ak
2023-06-16T13:11:29.840Z,61.5061,-149.8861,29.6,1.3,ml,,,,0.54,ak,ak0237oek0fj,2023-06-23T21:55:01.799Z,"4 km ESE of Big Lake, Alaska",earthquake,,0.8,,,reviewed,ak,ak
2023-06-16T13:06:48.500Z,35.74616667,-98.002,3.76,1.17,ml,41,51,0.1925622127,0.4,ok,ok2023lshm,2023-06-21T16:38:37.159Z,"3 km NW of Okarche, Oklahoma",earthquake,,1.4,0.19,20,reviewed,ok,ok
2023-06-16T13:06:18.971Z,51.9089,177.8172,2.7,1.9,ml,,,,0.74,ak,ak0237oeixgy,2023-06-23T21:55:01.611Z,"Rat Islands, Aleutian Islands, Alaska",earthquake,,1.9,,,reviewed,ak,ak
2023-06-16T12:58:30.180Z,44.162,-110.2591667,7.03,1.21,md,13,167,0.2185,0.12,uu,uu60542316,2023-06-16T15:23:09.990Z,"66 km NNE of Kelly, Wyoming",earthquake,0.61,1.37,0.225,8,reviewed,uu,uu
2023-06-16T12:58:24.364Z,-24.1551,-67.0996,176.595,4.7,mwr,65,43,1.554,0.69,us,us7000k8x2,2023-06-26T05:06:06.040Z,"79 km W of San Antonio de los Cobres, Argentina",earthquake,6.62,6.857,,,reviewed,us,guc
2023-06-16T12:52:18.179Z,63.1544,-151.4048,5.7,1.9,ml,,,,0.94,ak,ak0237oe7ccs,2023-06-23T21:55:01.358Z,"45 km SSE of Denali National Park, Alaska",earthquake,,0.2,,,reviewed,ak,ak
2023-06-16T12:52:09.194Z,69.5682,-144.4762,6.7,1.6,ml,,,,0.63,ak,ak0237oe7bo7,2023-06-23T21:55:06.083Z,"northern Alaska",earthquake,,0.2,,,reviewed,ak,ak
2023-06-16T12:51:35.537Z,51.5682,177.8896,45.2,2,ml,,,,0.34,ak,ak0237oe75zl,2023-06-23T21:55:06.262Z,"Rat Islands, Aleutian Islands, Alaska",earthquake,,2.3,,,reviewed,ak,ak
2023-06-16T12:50:26.732Z,61.5838,-140.7604,6.8,1.2,ml,,,,0.55,ak,ak0237oe6xld,2023-06-21T00:22:50.000Z,"116 km E of McCarthy, Alaska",earthquake,,0.7,,,reviewed,ak,ak
2023-06-16T12:49:21.171Z,31.66606708,-104.3165066,6.697143555000001,2.4,ml,48,67,0.0443440842,0.2,tx,tx2023lsgx,2023-06-16T18:07:18.319Z,"56 km S of Whites City, New Mexico",earthquake,0.5825731324999999,0.6893051041,0,6,reviewed,tx,tx
2023-06-16T12:48:36.950Z,38.8361667,-122.7903333,2.04,0.36,md,13,59,0.002239,0.02,nc,nc73901716,2023-06-16T20:25:14.060Z,"6km WNW of Cobb, CA",earthquake,0.28,0.45,0.245,12,reviewed,nc,nc
2023-06-16T12:42:09.516Z,61.5665,-149.7897,29.5,1.7,ml,,,,0.72,ak,ak0237oe56h2,2023-06-23T21:55:01.091Z,"7 km SSE of Houston, Alaska",earthquake,,0.5,,,reviewed,ak,ak
2023-06-16T12:40:50.950Z,58.2548333333333,-155.075,4.37,-0.3,ml,7,122,,0.21,av,av91927371,2023-06-16T17:02:26.800Z,"84 km NNW of Karluk, Alaska",earthquake,0.42,0.99,0.312185749859204,7,reviewed,av,av
2023-06-16T12:40:31.455Z,59.9954,-151.1992,39.9,1.3,ml,,,,0.48,ak,ak0237oe4ssp,2023-06-23T21:55:05.903Z,"20 km NW of Fox River, Alaska",earthquake,,0.9,,,reviewed,ak,ak
2023-06-16T12:31:38.028Z,61.9385,-149.9708,29,2,ml,,,,0.65,ak,ak0237oe2vtd,2023-06-23T21:55:00.788Z,"Southern Alaska",earthquake,,0.6,,,reviewed,ak,ak
2023-06-16T12:24:09.390Z,35.6288,140.7607,44.782,4.9,mwr,98,113,2.259,0.74,us,us7000k8ws,2023-06-26T05:06:32.780Z,"13 km SSW of Hasaki, Japan",earthquake,4.14,5.948,0.068,21,reviewed,us,us
2023-06-16T12:23:38.656Z,59.4219,-153.0615,98.4,1.8,ml,,,,0.54,ak,ak0237oe160o,2023-06-23T21:55:00.542Z,"65 km W of Nanwalek, Alaska",earthquake,,0.2,,,reviewed,ak,ak
2023-06-16T12:21:10.914Z,51.6639,178.8276,65.7,1.6,ml,,,,0.12,ak,ak0237oe0olt,2023-06-23T21:55:05.717Z,"",earthquake,,1,,,reviewed,ak,ak
2023-06-16T12:14:02.978Z,35.7309,140.1945,71.772,4.4,mb,32,134,1.799,0.35,us,us7000k8wp,2023-06-26T04:55:15.580Z,"3 km WNW of Sakura, Japan",earthquake,7.09,8.47,0.134,17,reviewed,us,us
2023-06-16T12:12:53.550Z,53.8711666666667,-166.6195,4.17,0.4,ml,4,251,,0.25,av,av91927351,2023-06-16T16:46:11.450Z,"5 km WSW of Dutch Harbor, Alaska",earthquake,2.99,2.25,0.200761023600194,4,reviewed,av,av
2023-06-16T12:12:18.800Z,35.8258333,-117.6381667,11.46,0.9,ml,19,73,0.1044,0.11,ci,ci40487088,2023-06-16T18:49:26.574Z,"22km WNW of Searles Valley, CA",earthquake,0.21,0.61,0.112,9,reviewed,ci,ci
2023-06-16T12:06:52.029Z,51.799,-179.2778,97.4,2.1,ml,,,,0.59,ak,ak0237odxk6t,2023-06-23T21:55:00.329Z,"182 km W of Adak, Alaska",earthquake,,0.4,,,reviewed,ak,ak
2023-06-16T11:56:56.799Z,64.4116,-163.6817,10.4,1.9,ml,,,,0.82,ak,ak0237odmuof,2023-06-23T21:55:00.142Z,"32 km SSW of White Mountain, Alaska",earthquake,,0.2,,,reviewed,ak,ak
2023-06-16T11:54:32.044Z,-23.6515,-175.7381,35,4.6,mb,30,115,2.519,0.55,us,us7000kajc,2023-06-24T09:11:43.040Z,"Tonga region",earthquake,8.99,1.898,0.117,22,reviewed,us,us
2023-06-16T11:53:30.930Z,44.3308333333333,-116.194333333333,4.26,2.08,ml,8,98,0.294,0.32,mb,mb90018498,2023-06-16T16:55:52.360Z,"8 km WNW of Smiths Ferry, Idaho",earthquake,0.95,3.03,0.202738940658228,10,reviewed,mb,mb
2023-06-16T11:50:43.969Z,54.6301,-165.1303,79.6,2.2,ml,,,,0.72,ak,ak0237odljb3,2023-06-23T21:55:05.526Z,"69 km NE of Akutan, Alaska",earthquake,,0.3,,,reviewed,ak,ak
2023-06-16T11:48:09.720Z,-23.6714,-175.72,31.74,4.5,mb,28,121,2.535,0.59,us,us7000k8wn,2023-06-25T10:54:42.040Z,"269 km SSW of ‘Ohonua, Tonga",earthquake,10.65,5.62,0.135,16,reviewed,us,us
2023-06-16T11:43:59.969Z,35.47383333,-98.0285,5.58,1.89,ml,93,64,0.04949028832,0.5,ok,ok2023lset,2023-06-21T12:56:03.005Z,"9 km SW of El Reno, Oklahoma",earthquake,,0.9,0.26,44,reviewed,ok,ok
2023-06-16T11:43:42.950Z,19.2606658935547,-155.369338989258,30.4200000762939,2.34,ml,52,137,,0.159999996,hv,hv73452667,2023-06-25T10:48:26.040Z,"13 km ENE of Pāhala, Hawaii",earthquake,0.5,0.620000005,2.8,11,automatic,hv,hv
2023-06-16T11:42:31.286Z,36.773,-115.8758,6,0.2,ml,6,308.06,0.06,0.1511,nn,nn00861415,2023-06-19T18:20:52.691Z,"29 km NW of Indian Springs, Nevada",earthquake,,2.8,0.3,2,reviewed,nn,nn
2023-06-16T11:39:27.824Z,53.7011,-164.2117,34.358,2.8,ml,13,223,0.848,0.36,us,us7000k9zm,2023-06-24T08:22:19.040Z,"113 km ESE of Akutan, Alaska",earthquake,4.13,12.489,0.128,8,reviewed,us,us
2023-06-16T11:30:38.714Z,60.027,-153.1383,107,1.9,ml,,,,0.66,ak,ak0237odh8lu,2023-06-23T21:54:59.684Z,"60 km ENE of Pedro Bay, Alaska",earthquake,,0.5,,,reviewed,ak,ak
2023-06-16T11:28:06.959Z,64.3878,-163.6619,12,2.5,ml,,,,0.63,ak,ak0237odgqph,2023-06-25T10:46:53.040Z,"northern Alaska",earthquake,,0.5,,,reviewed,ak,ak
2023-06-16T11:14:10.439Z,-6.6151,129.7476,166.229,4.3,mb,29,90,2.085,0.59,us,us7000k8wg,2023-06-25T10:45:35.722Z,"Banda Sea",earthquake,8.75,6.1,0.138,16,reviewed,us,us
2023-06-16T11:10:07.249Z,62.2692,-151.1553,72.4,1.6,ml,,,,0.69,ak,ak0237odcvui,2023-06-23T21:54:59.414Z,"32 km SW of Petersville, Alaska",earthquake,,0.4,,,reviewed,ak,ak
2023-06-16T10:53:57.110Z,44.7006667,-110.6676667,7.56,0.56,md,10,111,0.01438,0.1,uu,uu60542311,2023-06-16T14:43:04.830Z,"Wyoming",earthquake,0.59,0.87,0.524,6,reviewed,uu,uu
2023-06-16T10:53:26.681Z,62.4973,-148.8151,41,2.8,ml,,,,0.73,ak,ak0237od0phc,2023-06-23T21:54:59.002Z,"65 km NE of Susitna North, Alaska",earthquake,,0.3,,,reviewed,ak,ak
2023-06-16T10:51:47.711Z,60.1778,-152.6985,109,1.6,ml,,,,0.45,ak,ak0237od0bq1,2023-06-23T21:55:05.122Z,"Southern Alaska",earthquake,,0.4,,,reviewed,ak,ak
2023-06-16T10:51:03.390Z,58.2843333333333,-155.018166666667,5.22,-0.19,ml,6,227,,0.19,av,av91927281,2023-06-16T16:17:00.750Z,"86 km NNW of Karluk, Alaska",earthquake,1.27,0.75,0.178142674378259,6,reviewed,av,av
2023-06-16T10:50:09.460Z,37.6615,-122.0643333,4.24,1.15,md,32,84,0.03675,0.07,nc,nc73901706,2023-06-19T17:39:13.530Z,"2km NNE of Hayward, CA",earthquake,0.15,0.27,0.113,22,reviewed,nc,nc
2023-06-16T10:48:55.700Z,38.8163338,-122.824501,1.89,1.08,md,15,57,0.008302,0.07,nc,nc73901701,2023-06-16T12:33:16.183Z,"7km NW of The Geysers, CA",earthquake,0.3,0.59,0.15,16,automatic,nc,nc
2023-06-16T10:45:24.145Z,-23.5827,-175.5291,10,5.7,mww,90,93,2.42,0.63,us,us7000k8we,2023-06-17T10:50:12.483Z,"255 km SSW of ‘Ohonua, Tonga",earthquake,8.44,1.855,0.065,23,reviewed,us,us
2023-06-16T10:44:20.638Z,53.748,-164.2654,15.248,2.6,ml,14,220,0.793,0.13,us,us7000k9zr,2023-06-23T21:55:04.927Z,"108 km ESE of Akutan, Alaska",earthquake,4.51,3.843,0.128,8,reviewed,us,us
2023-06-16T10:37:15.348Z,31.97296143,-103.3304354,8.779256185,2.1,ml,20,80,0.03303540742,0.3,tx,tx2023lscn,2023-06-16T21:42:22.756Z,"20 km SW of Jal, New Mexico",earthquake,1.736327641,1.771533633,0.2,8,reviewed,tx,tx
2023-06-16T10:37:07.562Z,64.3789,-149.6568,6.2,0.8,ml,,,,0.74,ak,ak0237ocx8np,2023-06-23T21:54:58.809Z,"23 km W of Anderson, Alaska",earthquake,,0.4,,,reviewed,ak,ak
2023-06-16T10:20:19.645Z,64.5163,-149.224,11.1,1.1,ml,,,,0.92,ak,ak0237octmch,2023-06-23T21:54:58.590Z,"8 km SW of Nenana, Alaska",earthquake,,0.2,,,reviewed,ak,ak
2023-06-16T10:18:59.453Z,61.575,-150.6444,57.2,1.2,ml,,,,0.82,ak,ak0237oct9zh,2023-06-23T21:55:04.731Z,"7 km WNW of Susitna, Alaska",earthquake,,0.5,,,reviewed,ak,ak
2023-06-16T10:18:29.357Z,-23.5602,-175.9558,35,4.8,mb,30,121,2.479,0.86,us,us7000k8wb,2023-06-16T12:09:23.040Z,"266 km SSW of ‘Ohonua, Tonga",earthquake,6.12,1.917,0.128,19,reviewed,us,us
2023-06-16T10:15:22.961Z,64.4909,-147.1748,10.1,0.6,ml,,,,0.64,ak,ak0237ocsk0r,2023-06-23T21:54:58.386Z,"13 km WSW of Salcha, Alaska",earthquake,,0.2,,,reviewed,ak,ak
2023-06-16T10:13:01.746Z,52.5876,-170.5399,86.8,3.2,ml,24,192,0.431,0.45,us,us7000k9zq,2023-06-23T21:55:04.528Z,"119 km WSW of Nikolski, Alaska",earthquake,5.57,6.596,0.085,18,reviewed,us,us
2023-06-16T10:11:43.460Z,19.1015,-64.9156,63,3.51,md,11,280,0.7496,0.29,pr,pr2023167001,2023-06-16T13:32:06.040Z,"84 km N of Charlotte Amalie, U.S. Virgin Islands",earthquake,4,6.55,0.14,6,reviewed,pr,pr
2023-06-16T10:04:09.160Z,53.4211666666667,-168.241666666667,-0.97,0.87,ml,5,280,,0.2,av,av91927251,2023-06-16T16:10:32.710Z,"67 km NE of Nikolski, Alaska",earthquake,1.94,1.64,0.400743190155846,5,reviewed,av,av
2023-06-16T10:03:39.415Z,59.2663,-154.7263,6.2,1.2,ml,,,,0.73,ak,ak0237ocq0dk,2023-06-23T21:54:58.181Z,"",earthquake,,0.5,,,reviewed,ak,ak
2023-06-16T09:56:41.650Z,33.8483333,-117.6538333,5.48,0.51,ml,10,130,0.05055,0.11,ci,ci40487064,2023-06-16T18:38:04.183Z,"8km WSW of Corona, CA",earthquake,0.49,0.48,0.078,5,reviewed,ci,ci
2023-06-16T09:54:54.865Z,38.6808,43.0801,10,4.2,mb,22,89,0.368,0.85,us,us7000k8w6,2023-06-16T17:32:51.040Z,"",earthquake,2.53,1.971,0.152,12,reviewed,us,us
2023-06-16T09:39:38.708Z,37.2686,-117.611,6.1,1.5,ml,13,93.53,0.045,0.1659,nn,nn00861282,2023-06-16T15:35:59.364Z,"54 km S of Silver Peak, Nevada",earthquake,,1.9,0.37,7,reviewed,nn,nn
2023-06-16T09:36:50.800Z,33.6386667,-116.6955,12.49,0.42,ml,19,94,0.07273,0.13,ci,ci40487056,2023-06-16T13:49:52.833Z,"10km NNW of Anza, CA",earthquake,0.26,0.6,0.166,8,reviewed,ci,ci
2023-06-16T09:36:01.250Z,17.9685,-66.2691666666667,13.87,2.4,md,10,193,0.1545,0.17,pr,pr71413633,2023-06-16T09:51:46.020Z,"3 km ESE of Salinas, Puerto Rico",earthquake,0.66,1.25,0.0973434773930335,7,reviewed,pr,pr
2023-06-16T09:34:36.750Z,40.5228333,-124.4068333,18.95,1.9,md,24,235,0.07089,0.09,nc,nc73901696,2023-06-16T12:07:17.023Z,"14km WSW of Ferndale, CA",earthquake,0.83,0.28,0.076,15,reviewed,nc,nc
2023-06-16T09:32:30.042Z,54.2689,-162.6814,19,2.3,ml,,,,0.55,ak,ak0237ocas3j,2023-06-23T21:55:04.348Z,"80 km SE of False Pass, Alaska",earthquake,,1.2,,,reviewed,ak,ak
2023-06-16T09:20:42.685Z,36.652,-116.2746,7,-0.2,ml,10,111.77,0.052,0.079,nn,nn00861414,2023-06-19T18:17:45.953Z,"51 km ESE of Beatty, Nevada",earthquake,,1.6,0.06,2,reviewed,nn,nn
2023-06-16T09:19:45.816Z,36.6522,-116.2711,7,0.1,ml,19,191.36,0.055,0.1161,nn,nn00861281,2023-06-16T15:29:42.298Z,"52 km ESE of Beatty, Nevada",earthquake,,1,0.18,4,reviewed,nn,nn
2023-06-16T09:09:32.890Z,36.32516667,-97.20216667,6.66,0.91,ml,48,44,0.07018622707,0.26,ok,ok2023lrzq,2023-06-21T16:19:28.669Z,"8 km ENE of Perry, Oklahoma",earthquake,,0.6,0.23,20,reviewed,ok,ok
2023-06-16T09:07:49.823Z,-30.4029,-72.208,13.962,4.4,mb,32,150,0.563,0.49,us,us7000k8w0,2023-06-16T12:52:29.040Z,"97 km WSW of Coquimbo, Chile",earthquake,2.52,4.634,0.19,8,reviewed,us,us
2023-06-16T09:06:39.596Z,-8.0956,122.8833,207.307,4.5,mb,25,62,0.834,1.25,us,us7000k8w2,2023-06-16T16:30:13.040Z,"",earthquake,6.03,8.102,0.163,11,reviewed,us,us
2023-06-16T09:02:27.199Z,35.74683333,-97.992,24.38,1.16,ml,32,87,0.2006606235,0.35,ok,ok2023lrzk,2023-06-21T15:55:54.822Z,"2 km NNW of Okarche, Oklahoma",earthquake,,1.4,0.2,20,reviewed,ok,ok
2023-06-16T08:59:42.590Z,17.9771666666667,-66.9463333333333,11.91,2.95,md,9,190,0.06388,0.17,pr,pr71413623,2023-06-16T09:11:37.130Z,"3 km WSW of Fuig, Puerto Rico",earthquake,1.01,0.9,0.262860329036925,7,reviewed,pr,pr
2023-06-16T08:52:03.930Z,19.1665000915527,-155.487503051758,34.5,1.87,md,37,103,,0.140000001,hv,hv73452567,2023-06-16T08:55:22.980Z,"4 km SSW of Pāhala, Hawaii",earthquake,0.56,0.850000024,0.289999992,9,automatic,hv,hv
2023-06-16T08:51:03.575Z,-23.5488,-175.8334,9.103,4.9,mb,34,120,2.438,0.58,us,us7000k8vy,2023-06-16T09:08:16.040Z,"",earthquake,5.96,4.866,0.122,21,reviewed,us,us
2023-06-16T08:50:52.300Z,35.5611667,-120.7948333,4.97,1.77,md,40,47,,0.05,nc,nc73901691,2023-06-16T11:40:12.840Z,"8km W of Templeton, CA",earthquake,0.17,0.37,0.201,32,reviewed,nc,nc
2023-06-16T08:47:01.110Z,38.8138351,-122.8243332,2.04,1.13,md,22,55,0.006239,0.02,nc,nc73901686,2023-06-16T10:15:13.329Z,"7km NW of The Geysers, CA",earthquake,0.19,0.41,0.18,22,automatic,nc,nc
2023-06-16T08:43:13.802Z,65.0189,-147.123,0,0.9,ml,,,,0.4,ak,ak0237obro5m,2023-06-23T21:54:58.002Z,"northern Alaska",explosion,,0,,,reviewed,ak,ak
2023-06-16T08:41:33.095Z,-23.4342,-175.9522,6.483,5.1,mb,57,120,2.358,0.6,us,us7000k8vx,2023-06-16T08:59:53.040Z,"253 km SSW of ‘Ohonua, Tonga",earthquake,10.33,4.213,0.083,47,reviewed,us,us
2023-06-16T08:37:39.060Z,59.1022,-138.344,19.9,1.8,ml,,,,1.1,ak,ak0237obqgcl,2023-06-23T21:55:04.159Z,"Southeastern Alaska",earthquake,,2,,,reviewed,ak,ak
2023-06-16T08:36:48.060Z,17.9806666666667,-66.8156666666667,11.35,2.43,md,7,193,0.06078,0.11,pr,pr71413613,2023-06-16T08:46:59.610Z,"1 km SSE of Indios, Puerto Rico",earthquake,0.59,0.5,0.21631459425579,5,reviewed,pr,pr
2023-06-16T08:36:23.284Z,58.4118,-154.193,86.5,1.9,ml,,,,0.49,ak,ak0237obq6vt,2023-06-23T21:55:03.944Z,"84 km WNW of Aleneva, Alaska",earthquake,,0.2,,,reviewed,ak,ak
2023-06-16T08:33:13.800Z,19.0463333129883,-155.415328979492,34.0900001525879,2.25,ml,43,204,,0.170000002,hv,hv73452542,2023-06-16T08:38:43.460Z,"17 km E of Naalehu, Hawaii",earthquake,0.74,1.10000002,4.97,5,automatic,hv,hv
2023-06-16T08:33:03.290Z,18.9885005950928,-155.373504638672,14.8000001907349,2.28,ml,28,229,,0.360000014,hv,hv73452537,2023-06-16T08:38:36.200Z,"23 km ESE of Naalehu, Hawaii",earthquake,2.47,4.53999996,4.31,8,automatic,hv,hv
2023-06-16T08:24:41.900Z,33.7905,-116.7715,11.16,0.34,ml,14,150,0.04807,0.08,ci,ci40487040,2023-06-16T18:17:35.241Z,"7km NW of Idyllwild, CA",earthquake,0.35,0.3,0.087,7,reviewed,ci,ci
2023-06-16T08:22:08.054Z,61.8891,-149.6305,37.1,1.4,ml,,,,0.87,ak,ak0237obn5m0,2023-06-23T21:54:57.778Z,"26 km NW of Fishhook, Alaska",earthquake,,0.4,,,reviewed,ak,ak
2023-06-16T08:21:17.080Z,37.7161667,-111.2408333,12.69,2.24,ml,22,112,0.453,0.18,uu,uu60542301,2023-06-16T14:40:28.280Z,"26 km SE of Boulder Town, Utah",earthquake,0.52,1.92,0.207,14,reviewed,uu,uu
2023-06-16T08:15:44.320Z,38.7988319,-122.8153305,3.65,1.08,md,23,68,0.01421,0.05,nc,nc73901676,2023-06-16T09:49:12.167Z,"6km WNW of The Geysers, CA",earthquake,0.3,0.63,0.11,20,automatic,nc,nc
2023-06-16T08:11:34.539Z,-23.5698,-175.8816,22.034,6,mww,112,43,2.47,0.56,us,us7000k8vq,2023-06-17T08:19:54.551Z,"Tonga region",earthquake,7.63,4.071,0.075,17,reviewed,us,us
2023-06-16T08:06:21.700Z,33.2198333,-116.7486667,8.96,0.42,ml,27,54,0.01819,0.14,ci,ci40487032,2023-06-16T18:14:11.412Z,"3km SSE of Lake Henshaw, CA",earthquake,0.2,0.55,0.109,9,reviewed,ci,ci
2023-06-16T08:03:15.928Z,51.341,-179.7114,13.2,1.6,ml,,,,0.54,ak,ak0237obj3oj,2023-06-23T21:55:03.754Z,"221 km WSW of Adak, Alaska",earthquake,,0.8,,,reviewed,ak,ak
2023-06-16T08:00:48.405Z,64.4066,-163.6376,17.1,3.1,ml,,,,0.75,ak,ak0237obij2n,2023-06-23T21:54:57.518Z,"32 km SSW of White Mountain, Alaska",earthquake,,0.3,,,reviewed,ak,ak
2023-06-16T07:54:45.680Z,36.3618333,-120.9381667,6.16,2.26,md,57,59,0.04345,0.2,nc,nc73901671,2023-06-16T22:07:14.631Z,"24km NE of King City, CA",earthquake,0.21,0.85,0.153,51,reviewed,nc,nc
2023-06-16T07:53:48.427Z,64.4668,-147.2899,5.7,0.6,ml,,,,0.31,ak,ak0237ob8gdc,2023-06-20T15:14:16.754Z,"19 km WSW of Salcha, Alaska",earthquake,,0.3,,,reviewed,ak,ak
2023-06-16T07:52:05.313Z,63.4674,-150.1725,130.3,1.3,ml,,,,0.19,ak,ak0237ob85bl,2023-06-20T15:14:16.563Z,"61 km W of Cantwell, Alaska",earthquake,,0.6,,,reviewed,ak,ak
2023-06-16T07:47:38.201Z,65.132,-165.304,12.1,3,ml,,,,0.4,ak,ak0237ob75ap,2023-06-20T15:14:16.334Z,"51 km ESE of Teller, Alaska",earthquake,,0.4,,,reviewed,ak,ak
2023-06-16T07:31:19.381Z,64.3796,-163.6551,10.8,2.1,ml,,,,0.68,ak,ak0237ob3ofx,2023-06-20T15:14:16.146Z,"34 km WSW of Golovin, Alaska",earthquake,,0.3,,,reviewed,ak,ak
2023-06-16T07:29:44.343Z,64.4791,-163.654,6.7,1.7,ml,,,,0.45,ak,ak0237ob3aw2,2023-06-20T15:14:19.984Z,"25 km SSW of White Mountain, Alaska",earthquake,,0.3,,,reviewed,ak,ak
2023-06-16T07:27:32.530Z,64.4942,-163.6759,3.4,2.2,ml,,,,0.59,ak,ak0237ob2ujp,2023-06-20T15:14:19.806Z,"24 km SSW of White Mountain, Alaska",earthquake,,1,,,reviewed,ak,ak
2023-06-16T07:27:18.230Z,34.458,-117.9595,9.05,1.56,ml,42,34,0.009648,0.13,ci,ci40487016,2023-06-16T18:06:12.550Z,"7km SW of Pearblossom, CA",earthquake,0.14,0.29,0.145,26,reviewed,ci,ci
2023-06-16T07:25:06.430Z,38.8391685,-122.8108368,2.14,0.27,md,8,122,0.01576,0.01,nc,nc73901666,2023-06-16T09:05:16.022Z,"8km WNW of Cobb, CA",earthquake,0.45,1.34,0.16,8,automatic,nc,nc
2023-06-16T07:23:30.021Z,64.4223,-163.6323,14.7,4.3,mb,,,,0.57,ak,ak0237ob1zi0,2023-06-20T15:18:31.128Z,"30 km SSW of White Mountain, Alaska",earthquake,,0.2,,,reviewed,ak,ak
2023-06-16T07:19:07.453Z,63.0178,-151.0997,117.5,1.2,ml,,,,0.41,ak,ak0237ob12vt,2023-06-20T15:14:20.165Z,"60 km NNW of Petersville, Alaska",earthquake,,0.5,,,reviewed,ak,ak
2023-06-16T07:19:01.116Z,61.666,-150.896,70.3,1.3,ml,,,,0.28,ak,ak0237ob12e7,2023-06-20T15:14:19.616Z,"24 km WNW of Susitna, Alaska",earthquake,,1.1,,,reviewed,ak,ak
2023-06-16T07:18:47.711Z,8.3821,-84.2025,10,4.1,mb,26,150,0.874,1.09,us,us7000k8vj,2023-06-16T14:08:19.390Z,"98 km SW of Puerto Cortés, Costa Rica",earthquake,6.79,1.977,0.262,4,reviewed,us,us
2023-06-16T07:17:14.933Z,61.5793,-146.3337,20,1.3,ml,,,,0.63,ak,ak0237ob0n5q,2023-06-20T15:14:15.641Z,"49 km N of Valdez, Alaska",earthquake,,0.5,,,reviewed,ak,ak
2023-06-16T07:11:48.691Z,59.2974,-155.3564,4.1,1.8,ml,,,,0.58,ak,ak0237oazgbp,2023-06-20T15:14:15.431Z,"30 km E of Igiugig, Alaska",earthquake,,0.2,,,reviewed,ak,ak
2023-06-16T07:04:13.395Z,55.3247,-156.7323,9.8,4.7,mb,,,,0.59,ak,ak0237oaxvrl,2023-06-20T15:14:15.076Z,"150 km SE of Chignik, Alaska",earthquake,,1.1,,,reviewed,ak,ak
2023-06-16T06:57:18.030Z,61.2216666666667,-152.319666666667,18.05,-0.12,ml,5,198,,0.16,av,av91927176,2023-06-16T15:33:40.890Z,"65 km WNW of Tyonek, Alaska",earthquake,2.91,2.82,0.412396552737362,5,reviewed,av,av
2023-06-16T06:56:30.190Z,47.71033333333333,-120.08333333333333,3.94,1.01,ml,15,55,0.06619,0.08,uw,uw61933566,2023-06-16T16:56:22.280Z,"7 km N of Waterville, Washington",earthquake,0.27,0.8,0.2324532513073294,14,reviewed,uw,uw
2023-06-16T06:54:45.516Z,52.2408,-174.3164,146.3,2.5,ml,,,,0.54,ak,ak0237oancti,2023-06-20T15:14:14.874Z,"9 km WNW of Atka, Alaska",earthquake,,0.7,,,reviewed,ak,ak
2023-06-16T06:53:59.210Z,38.8346667,-122.8743333,2.95,1.26,md,41,62,0.006944,0.05,nc,nc73901661,2023-06-16T21:10:14.308Z,"12km WNW of The Geysers, CA",earthquake,0.19,0.27,0.151,35,reviewed,nc,nc
2023-06-16T06:41:05.970Z,31.61060266,-103.9825257,6.74855957,2.3,ml,20,58,0.03143581077,0.1,tx,tx2023lrut,2023-06-16T19:21:40.635Z,"37 km NNW of Toyah, Texas",earthquake,0.7252889328,0.8242859922,0,6,reviewed,tx,tx
2023-06-16T06:34:21.543Z,40.3989,-119.5483,16.7,0.6,ml,3,318.12,0.269,0.071,nn,nn00861614,2023-06-23T18:01:03.763Z,"26 km SW of Empire, Nevada",earthquake,,10.7,0.18,2,reviewed,nn,nn
2023-06-16T06:31:17.325Z,63.386,-149.6429,7.7,1.8,ml,,,,0.5,ak,ak0237oai8oq,2023-06-20T15:14:14.654Z,"34 km W of Cantwell, Alaska",earthquake,,0.1,,,reviewed,ak,ak
2023-06-16T06:26:43.932Z,31.61291461,-103.9782325,6.697143555000001,2.5,ml,15,56,0.03441551944,0.1,tx,tx2023lruh,2023-06-16T18:54:04.664Z,"37 km WSW of Mentone, Texas",earthquake,0.8369653871,1.188085732,0,7,reviewed,tx,tx
2023-06-16T06:24:47.333Z,31.6115428,-103.9760745,6.697143555000001,2.2,ml,20,56,0.00622891683,0.1,tx,tx2023lrug,2023-06-16T18:32:01.536Z,"37 km NNW of Toyah, Texas",earthquake,0.8349839206,0.828233346,0,7,reviewed,tx,tx
2023-06-16T06:14:20.829Z,57.7425,-155.8684,8.2,1.1,ml,,,,0.47,ak,ak0237oaelf5,2023-06-20T15:14:14.471Z,"86 km WNW of Karluk, Alaska",earthquake,,0.5,,,reviewed,ak,ak
2023-06-16T06:14:18.789Z,61.7193,-150.8024,60.8,1.2,ml,,,,0.44,ak,ak0237oaelkm,2023-06-20T15:14:19.424Z,"24 km NW of Susitna, Alaska",earthquake,,0.8,,,reviewed,ak,ak
2023-06-16T06:13:00.910Z,44.3298333333333,-116.178666666667,3.39,2.61,ml,19,88,0.2981,0.28,mb,mb90018468,2023-06-16T14:26:47.070Z,"7 km WNW of Smiths Ferry, Idaho",earthquake,0.41,1.82,0.215415201510962,31,reviewed,mb,mb
2023-06-16T05:59:26.955Z,51.2995,-176.4586,28.8,2.5,ml,,,,0.41,ak,ak0237oa2tzv,2023-06-20T15:14:14.253Z,"65 km S of Adak, Alaska",earthquake,,1.9,,,reviewed,ak,ak
2023-06-16T05:56:56.870Z,39.7136667,-110.6845,-1.91,1.59,ml,12,89,0.04772,0.08,uu,uu60542296,2023-06-16T15:18:30.420Z,"10 km ENE of Kenilworth, Utah",earthquake,0.54,0.42,0.111,4,reviewed,uu,uu
2023-06-16T05:56:44.768Z,62.2771,-152.2927,113.6,1.8,ml,,,,0.52,ak,ak0237oa27xv,2023-06-20T15:14:14.007Z,"56 km NW of Skwentna, Alaska",earthquake,,0.3,,,reviewed,ak,ak
2023-06-16T05:38:04.770Z,19.6496,-65.734,49,3.8,md,7,297,1.3854,0.31,pr,pr2023167000,2023-06-16T12:07:15.363Z,"135 km N of Suárez, Puerto Rico",earthquake,4.03,18.52,0.13,3,reviewed,pr,pr
2023-06-16T05:37:10.259Z,51.0344,179.0108,19.5,1.9,ml,,,,0.49,ak,ak0237o9y2s1,2023-06-20T15:14:19.241Z,"Rat Islands, Aleutian Islands, Alaska",earthquake,,0.5,,,reviewed,ak,ak
2023-06-16T05:26:59.394Z,68.0139,-146.7496,9.2,1,ml,,,,0.48,ak,ak0237o9vtoz,2023-06-20T15:14:19.061Z,"52 km WSW of Arctic Village, Alaska",earthquake,,0.6,,,reviewed,ak,ak
2023-06-16T05:14:28.643Z,17.6049,-95.4396,103.89,4.2,mb,21,146,2.983,0.57,us,us7000k8uy,2023-06-17T04:33:43.155Z,"4 km S of Nuevo Ixcatlán, Mexico",earthquake,14.21,21.325,0.082,41,reviewed,us,us
2023-06-16T05:10:21.060Z,38.8273315,-122.8151703,2.12,0.63,md,9,76,0.005594,0.01,nc,nc73901651,2023-06-16T05:25:13.730Z,"8km NW of The Geysers, CA",earthquake,0.37,0.93,0.29,11,automatic,nc,nc
2023-06-16T04:57:57.726Z,40.0835,-119.6843,14.6,0.3,ml,3,171.16,0.094,0.001,nn,nn00861609,2023-06-23T15:16:55.382Z,"Nevada",earthquake,,5.9,0.3,2,reviewed,nn,nn
2023-06-16T04:55:30.418Z,51.3106,-177.1354,29,1.6,ml,,,,0.65,ak,ak0237o9gjm9,2023-06-20T15:14:18.870Z,"71 km SSW of Adak, Alaska",earthquake,,4.7,,,reviewed,ak,ak
2023-06-16T04:53:52.070Z,38.8110008,-122.8223343,2.23,1.07,md,13,59,0.005755,0.03,nc,nc73901646,2023-06-16T07:49:12.441Z,"7km WNW of The Geysers, CA",earthquake,0.34,0.5,0.21,14,automatic,nc,nc
2023-06-16T04:52:13.120Z,35.5743333333333,-82.8496666666667,0.16,2.05,md,13,116,0.0996,0.24,se,se60500848,2023-06-18T16:33:44.457Z,"4 km N of West Canton, North Carolina",earthquake,0.72,2.98,0.0750374753586955,11,reviewed,se,se
2023-06-16T04:51:18.341Z,51.1795,-178.2073,25.6,1.8,ml,,,,0.59,ak,ak0237o9fntm,2023-06-20T15:14:18.684Z,"Andreanof Islands, Aleutian Islands, Alaska",earthquake,,2.1,,,reviewed,ak,ak
2023-06-16T04:50:47.180Z,17.9435,-66.3931666666667,5.42,2.22,md,13,188,0.22,0.09,pr,pr71413593,2023-06-16T05:08:18.160Z,"2 km SSE of Santa Isabel, Puerto Rico",earthquake,0.34,0.3,0.172759252560735,8,reviewed,pr,pr
2023-06-16T04:46:11.403Z,24.7503,92.0418,10,5,mb,63,71,6.234,1.01,us,us7000k8uw,2023-06-22T18:03:04.394Z,"",earthquake,8.43,1.87,0.067,70,reviewed,us,us
2023-06-16T04:45:25.200Z,51.863,-177.941166666667,5.59,0.69,ml,4,158,,0.12,av,av91927081,2023-06-16T15:10:39.630Z,"90 km W of Adak, Alaska",earthquake,0.5,1.41,0.176653649435387,4,reviewed,av,av
2023-06-16T04:43:08.560Z,37.6235,-118.8665,4.3,0.74,md,11,116,0.005309,0.05,nc,nc73901641,2023-06-16T18:40:16.408Z,"10km E of Mammoth Lakes, CA",earthquake,0.45,0.67,0.189,11,reviewed,nc,nc
2023-06-16T04:23:51.353Z,37.2545,-117.6078,9.4,1.4,ml,8,113.81,0.037,0.1258,nn,nn00861608,2023-06-23T15:13:47.636Z,"California-Nevada border region",earthquake,,2.9,0.47,4,reviewed,nn,nn
2023-06-16T04:22:52.542Z,64.417,-163.6931,11.8,1.8,ml,,,,0.48,ak,ak0237o99ip2,2023-06-20T15:14:18.504Z,"32 km SSW of White Mountain, Alaska",earthquake,,0.5,,,reviewed,ak,ak
2023-06-16T04:15:46.448Z,57.9003,-156.258,128.1,1.9,ml,,,,0.23,ak,ak0237o9807o,2023-06-20T15:14:18.305Z,"74 km ESE of Egegik, Alaska",earthquake,,0.3,,,reviewed,ak,ak
2023-06-16T03:58:29.230Z,34.03,-116.7453333,15.86,1.4,ml,58,36,0.05211,0.13,ci,ci40486992,2023-06-16T17:58:00.370Z,"13km NNE of Cabazon, CA",earthquake,0.13,0.31,0.198,29,reviewed,ci,ci
2023-06-16T03:48:02.106Z,53.8818,-166.6815,8,0.9,ml,,,,0.49,ak,ak0237o8tk04,2023-06-20T15:14:13.826Z,"9 km W of Dutch Harbor, Alaska",earthquake,,0.2,,,reviewed,ak,ak
2023-06-16T03:46:21.840Z,38.8261681,-122.8063354,1.97,0.77,md,8,109,0.004024,0.01,nc,nc73901636,2023-06-16T04:12:15.121Z,"7km NW of The Geysers, CA",earthquake,0.38,1.05,0.16,9,automatic,nc,nc
2023-06-16T03:42:16.120Z,38.7566667,-122.7231667,2.04,1.03,md,38,61,0.005094,0.06,nc,nc73901631,2023-06-16T20:43:16.170Z,"3km SW of Anderson Springs, CA",earthquake,0.21,0.23,0.125,29,reviewed,nc,nc
2023-06-16T03:37:01.330Z,58.1706666666667,-155.333666666667,1.95,0.82,ml,7,253,,0.08,av,av91927051,2023-06-16T15:02:55.510Z,"84 km NW of Karluk, Alaska",earthquake,0.74,0.66,0.317285720037529,7,reviewed,av,av
2023-06-16T03:33:11.524Z,61.4873,-150.3106,37.2,1.3,ml,,,,0.56,ak,ak0237o8qcr2,2023-06-20T15:14:13.626Z,"Southern Alaska",earthquake,,0.8,,,reviewed,ak,ak
2023-06-16T03:32:53.386Z,50.4243,-174.7893,10,3.4,ml,22,239,1.72,0.57,us,us7000k9w4,2023-06-21T21:47:15.040Z,"201 km SSW of Atka, Alaska",earthquake,4.62,2.017,0.091,16,reviewed,us,us
2023-06-16T03:32:12.310Z,45.4365,-111.804,5.01,0.03,ml,5,183,0.2019,0.03,mb,mb90018493,2023-06-16T16:42:16.690Z,"11 km NNW of Ennis, Montana",earthquake,0.52,6.12,0.431153857153602,2,reviewed,mb,mb
2023-06-16T03:30:56.559Z,58.1976,-155.2885,4.1,1.7,ml,,,,0.71,ak,ak0237o8pt4w,2023-06-20T15:14:13.215Z,"85 km NW of Karluk, Alaska",earthquake,,0.2,,,reviewed,ak,ak
2023-06-16T03:28:03.400Z,36.061,-91.1558333333333,17.27,2.04,md,8,191,0.009103,0.12,nm,nm60500843,2023-06-16T12:39:20.780Z,"4 km SW of Powhatan, Arkansas",earthquake,0.81,0.45,0.164903035486299,8,reviewed,nm,nm
2023-06-16T03:27:13.270Z,53.8805,-166.654333333333,4.45,0.32,ml,5,228,,0.14,av,av91927026,2023-06-16T14:55:07.350Z,"7 km W of Dutch Harbor, Alaska",earthquake,0.6,0.61,0.283737357393738,5,reviewed,av,av
2023-06-16T03:20:19.222Z,53.8886,-166.6895,5.2,1.4,ml,,,,0.32,ak,ak0237o8nl82,2023-06-20T15:14:13.034Z,"9 km W of Dutch Harbor, Alaska",earthquake,,0.1,,,reviewed,ak,ak
2023-06-16T03:11:36.033Z,52.4173,-171.6442,106.423,3.2,ml,15,190,1.092,0.47,us,us7000k9w8,2023-06-21T21:40:18.040Z,"176 km E of Atka, Alaska",earthquake,7.7,15.184,0.128,8,reviewed,us,us
2023-06-16T02:56:05.970Z,38.8166656,-122.8144989,2.69,0.99,md,16,78,0.007557,0.05,nc,nc73901621,2023-06-16T03:36:11.877Z,"7km NW of The Geysers, CA",earthquake,0.32,0.71,0.22,17,automatic,nc,nc
2023-06-16T02:47:49.000Z,38.8354988,-122.8123322,1.86,0.46,md,10,87,0.01221,0.06,nc,nc73901616,2023-06-16T05:25:13.609Z,"8km W of Cobb, CA",earthquake,0.47,1.64,0.33,10,automatic,nc,nc
2023-06-16T02:39:23.151Z,-5.4998,147.2033,177.866,4.5,mb,26,79,3.88,1.35,us,us7000k8uq,2023-06-16T21:29:24.040Z,"136 km NNW of Finschhafen, Papua New Guinea",earthquake,10.67,6.466,0.128,18,reviewed,us,us
2023-06-16T02:38:29.580Z,35.8256667,-120.3748333,6.06,0.64,md,20,131,0.01774,0.04,nc,nc73901611,2023-06-16T18:55:14.507Z,"10km SSE of Parkfield, CA",earthquake,0.5,0.34,0.066,7,reviewed,nc,nc
2023-06-16T02:35:58.200Z,38.8455009,-122.8171692,1.63,0.92,md,18,62,0.01034,0.02,nc,nc73901606,2023-06-16T04:59:17.462Z,"9km WNW of Cobb, CA",earthquake,0.22,0.56,0.2,17,automatic,nc,nc
2023-06-16T02:30:53.110Z,38.8143333,-122.8143333,3.01,1.22,md,42,48,0.009641,0.05,nc,nc73901601,2023-06-16T18:28:18.338Z,"6km NW of The Geysers, CA",earthquake,0.16,0.29,0.16,35,reviewed,nc,nc
2023-06-16T02:29:55.360Z,58.1683333333333,-155.396666666667,2.63,-0.06,ml,5,268,,0.05,av,av91926981,2023-06-16T06:36:25.020Z,"87 km NW of Karluk, Alaska",earthquake,0.69,0.49,0.256235995380843,5,reviewed,av,av
2023-06-16T02:29:19.849Z,69.4893,-143.6277,10.5,1.3,ml,,,,0.51,ak,ak0237o842z4,2023-06-20T15:14:17.927Z,"71 km S of Kaktovik, Alaska",earthquake,,2.3,,,reviewed,ak,ak
2023-06-16T02:23:41.300Z,58.18,-155.3245,3.78,0.55,ml,7,202,,0.05,av,av91926976,2023-06-16T06:43:10.170Z,"85 km NW of Karluk, Alaska",earthquake,0.38,0.76,0.299686223516547,7,reviewed,av,av
2023-06-16T02:22:49.960Z,18.8923333333333,-67.366,56.18,3.01,md,11,286,0.4867,0.25,pr,pr71413588,2023-06-16T03:11:48.520Z,"52 km NNW of San Antonio, Puerto Rico",earthquake,1.24,2.27,0.142789459840222,5,reviewed,pr,pr
2023-06-16T02:08:05.680Z,46.22116666666667,-119.59766666666667,7.05,1.27,ml,14,213,0.0625,0.08,uw,uw61933541,2023-06-16T04:31:51.610Z,"9 km WSW of Benton City, Washington",earthquake,0.5,0.21,0.09553815879660887,10,reviewed,uw,uw
2023-06-16T02:05:41.180Z,35.967,-117.6835,4.23,1.07,ml,18,61,0.1028,0.12,ci,ci40486976,2023-06-16T17:39:02.013Z,"20km E of Little Lake, CA",earthquake,0.24,0.5,0.052,4,reviewed,ci,ci
2023-06-16T02:03:44.760Z,15.987,-96.2771,36.286,4.8,mb,70,172,2.695,1.1,us,us7000k8uk,2023-06-16T15:21:17.454Z,"6 km WSW of Santiago Xanica, Mexico",earthquake,9.25,8.709,0.029,373,reviewed,us,us
2023-06-16T01:57:09.241Z,55.6866,162.8089,35,4.2,mb,23,114,3.611,0.82,us,us7000k8um,2023-06-16T03:39:25.040Z,"63 km SSE of Ust’-Kamchatsk Staryy, Russia",earthquake,10.15,1.945,0.136,15,reviewed,us,us
2023-06-16T01:54:19.720Z,19.1488342285156,-155.369338989258,28.9899997711182,2.27,ml,50,182,,0.129999995,hv,hv73452337,2023-06-16T03:15:51.040Z,"12 km ESE of Pāhala, Hawaii",earthquake,0.59,0.819999993,4.29,7,automatic,hv,hv
2023-06-16T01:53:47.338Z,60.9583,-150.2599,46.8,1.4,ml,,,,0.35,ak,ak0237o7nuod,2023-06-20T15:14:17.720Z,"23 km E of Point Possession, Alaska",earthquake,,0.5,,,reviewed,ak,ak
2023-06-16T01:44:55.479Z,35.45416667,-98.04866667,7.19,1.43,ml,38,68,0.03419329011,0.4,ok,ok2023lrkz,2023-06-21T15:39:13.679Z,"11 km NW of Union City, Oklahoma",earthquake,,0.7,0.28,19,reviewed,ok,ok
2023-06-16T01:28:43.494Z,65.4484,-144.6257,10.5,0.9,ml,,,,0.27,ak,ak0237o7ihh9,2023-06-20T15:14:17.534Z,"16 km SSE of Central, Alaska",earthquake,,1.2,,,reviewed,ak,ak
2023-06-16T01:24:39.140Z,33.9158333,-116.6926667,15.87,0.62,ml,24,54,0.07606,0.09,ci,ci40486952,2023-06-16T17:34:55.256Z,"9km E of Cabazon, CA",earthquake,0.16,0.48,0.127,14,reviewed,ci,ci
2023-06-16T01:20:44.983Z,69.6315,-144.6672,18,1.5,ml,,,,0.42,ak,ak0237o7grv6,2023-06-20T15:14:17.347Z,"68 km SW of Kaktovik, Alaska",earthquake,,1.5,,,reviewed,ak,ak
2023-06-16T01:18:47.970Z,19.1611671447754,-155.470504760742,32.1699981689453,2.53,ml,48,100,,0.129999995,hv,hv73452307,2023-06-16T01:40:32.040Z,"4 km S of Pāhala, Hawaii",earthquake,0.53,0.839999974,2.72,20,automatic,hv,hv
2023-06-16T01:17:07.320Z,44.968833333333336,-117.96433333333333,-0.96,1.6,ml,5,192,0.482,0.42,uw,uw61933536,2023-06-16T04:50:52.680Z,"6 km NNW of Haines, Oregon",explosion,1.79,31.61,0.029478155804650186,3,reviewed,uw,uw
2023-06-16T01:12:21.016Z,65.1449,-149.0748,14.2,2.4,ml,,,,0.62,ak,ak0237o7f04x,2023-06-20T15:14:12.791Z,"northern Alaska",earthquake,,0.1,,,reviewed,ak,ak
2023-06-16T01:10:38.000Z,37.6378333,-119.0478333,-0.48,0.7,md,14,212,0.01569,0.05,nc,nc73901596,2023-06-16T04:36:12.293Z,"6km W of Mammoth Lakes, CA",earthquake,0.43,0.28,0.393,14,reviewed,nc,nc
2023-06-16T01:01:22.980Z,18.5756666666667,-65.4398333333333,114.29,3.43,md,20,203,0.3057,0.36,pr,pr71413558,2023-06-16T01:29:06.770Z,"33 km NNW of Culebra, Puerto Rico",earthquake,3.2,1.24,0.059358599730142,7,reviewed,pr,pr
2023-06-16T00:59:58.237Z,63.4857,-151.7946,14.5,1.1,ml,,,,0.51,ak,ak0237o73q65,2023-06-20T15:14:12.590Z,"7 km SSW of Denali National Park, Alaska",earthquake,,0.2,,,reviewed,ak,ak
2023-06-16T00:55:13.391Z,-23.7742,-175.5275,10,4.8,mb,50,121,2.609,0.41,us,us7000k8uf,2023-06-27T04:20:29.040Z,"275 km SSW of ‘Ohonua, Tonga",earthquake,7.09,1.771,0.097,33,reviewed,us,us
2023-06-16T00:51:59.801Z,-8.0599,120.1472,197.735,4,mb,23,63,2.147,0.53,us,us7000kaiv,2023-06-27T04:48:53.040Z,"Flores region, Indonesia",earthquake,8.95,9.979,0.212,6,reviewed,us,us
2023-06-16T00:50:10.910Z,37.1458333,-121.156,5.78,2.15,md,52,52,0.07736,0.19,nc,nc73901591,2023-06-18T22:32:45.222Z,"19km SW of Gustine, CA",earthquake,0.2,0.71,0.13,60,reviewed,nc,nc
2023-06-16T00:47:44.870Z,58.182,-155.284333333333,3.83,0.79,ml,6,232,,0.05,av,av91926941,2023-06-16T06:29:35.760Z,"84 km NW of Karluk, Alaska",earthquake,0.52,0.97,0.462490800999693,6,reviewed,av,av
2023-06-16T00:41:40.510Z,38.784832,-122.6999969,1.68,1.16,md,9,154,0.01664,0.03,nc,nc73901586,2023-06-16T03:50:13.106Z,"1km NNW of Anderson Springs, CA",earthquake,0.71,1.17,0.18,9,automatic,nc,nc
2023-06-16T00:40:42.110Z,19.1784992218018,-155.482666015625,35.3199996948242,2.58,ml,53,77,,0.100000001,hv,hv73452262,2023-06-24T04:53:08.040Z,"2 km S of Pāhala, Hawaii",earthquake,0.47,0.699999988,2.88,25,automatic,hv,hv
2023-06-16T00:38:13.589Z,51.6553,179.8383,11.8,1.2,ml,,,,0.51,ak,ak0237o6z4q6,2023-06-20T15:14:17.160Z,"244 km W of Adak, Alaska",earthquake,,0.5,,,reviewed,ak,ak
2023-06-16T00:32:14.086Z,63.6544,-149.7627,117.7,1.4,ml,,,,0.43,ak,ak0237o6xugw,2023-06-20T15:14:16.953Z,"Central Alaska",earthquake,,0.5,,,reviewed,ak,ak
2023-06-16T00:21:15.006Z,61.2979,-146.7987,15,1.9,ml,,,,0.48,ak,ak0237o6vhlm,2023-06-20T15:14:12.357Z,"30 km NW of Valdez, Alaska",earthquake,,0.3,,,reviewed,ak,ak
2023-06-16T00:21:11.880Z,33.3921667,-116.8885,14.67,0.34,ml,17,113,0.04412,0.12,ci,ci40486928,2023-06-16T00:59:18.554Z,"5km NNW of Palomar Observatory, CA",earthquake,0.33,0.66,0.08,6,reviewed,ci,ci
2023-06-16T00:10:35.480Z,19.3438339233398,-155.123168945312,1.55999994277954,1.70000005,md,36,112,,0.230000004,hv,hv73452237,2023-06-16T00:13:39.350Z,"13 km S of Fern Forest, Hawaii",earthquake,0.46,0.649999976,0.569999993,15,automatic,hv,hv
2023-06-15T23:45:24.002Z,61.3893,-150.9604,65.1,1.3,ml,,,,0.3,ak,ak0237mx69yo,2023-06-20T00:39:54.722Z,"28 km NNE of Beluga, Alaska",earthquake,,1.2,,,reviewed,ak,ak
2023-06-15T23:38:15.396Z,56.6625,-135.1366,4,2.1,ml,,,,0.76,ak,ak0237mx4r9d,2023-06-20T19:20:33.767Z,"45 km SSE of Sitka, Alaska",earthquake,,0.5,,,reviewed,ak,ak
2023-06-15T23:27:50.106Z,31.94501103,-103.3461734,7.905419922,2.5,ml,12,88,0.03069787557,0.1,tx,tx2023lrgm,2023-06-16T11:20:25.583Z,"23 km SW of Jal, New Mexico",earthquake,1.942424365,1.611542561,0.1,15,reviewed,tx,tx
2023-06-15T23:26:35.840Z,38.806,-122.7826667,2.25,1.84,md,57,34,0.007412,0.06,nc,nc73901576,2023-06-16T17:34:13.991Z,"4km NW of The Geysers, CA",earthquake,0.14,0.21,0.181,46,reviewed,nc,nc
2023-06-15T23:18:22.460Z,44.741,-112.714666666667,5.42,0.71,ml,6,115,0.129,0.06,mb,mb90018488,2023-06-16T16:38:09.870Z,"15 km NW of Lima, Montana",earthquake,0.53,1.51,0.161368595150958,8,reviewed,mb,mb
2023-06-15T23:10:41.740Z,33.6348333,-116.6908333,13.67,0.63,ml,22,61,0.03683,0.09,ci,ci40486904,2023-06-16T01:05:49.029Z,"9km N of Anza, CA",earthquake,0.26,0.36,0.119,10,reviewed,ci,ci
2023-06-15T22:58:16.380Z,38.8334999,-122.8138351,1.18,0.89,md,17,69,0.01051,0.05,nc,nc73901571,2023-06-16T00:14:13.557Z,"8km W of Cobb, CA",earthquake,0.24,0.52,0.24,16,automatic,nc,nc
2023-06-15T22:55:03.400Z,38.8263321,-122.8553314,1.64,0.77,md,8,210,0.01975,0.02,nc,nc73901561,2023-06-15T23:51:13.428Z,"10km WNW of The Geysers, CA",earthquake,0.47,0.92,0.2,9,automatic,nc,nc
2023-06-15T22:51:58.330Z,38.8153343,-122.8205032,3.07,0.73,md,14,59,0.009361,0.07,nc,nc73901556,2023-06-15T23:40:12.373Z,"7km NW of The Geysers, CA",earthquake,0.38,1.1,0.38,16,automatic,nc,nc
2023-06-15T22:45:48.020Z,38.8003349,-122.7723312,3.34,0.77,md,9,118,0.01412,0.01,nc,nc73901546,2023-06-15T23:13:13.227Z,"3km NNW of The Geysers, CA",earthquake,0.78,1.66,0.05,8,automatic,nc,nc
2023-06-15T22:43:05.420Z,47.54683333333333,-122.33433333333333,30.53,1.92,ml,45,25,0.03077,0.37,uw,uw61933521,2023-06-16T17:49:46.480Z,"3 km NNE of White Center, Washington",earthquake,0.45,0.75,0.2715294688654546,28,reviewed,uw,uw
2023-06-15T22:42:57.260Z,38.8003349,-122.7693329,3.12,0.75,md,15,96,0.01566,0.02,nc,nc73901541,2023-06-15T23:04:13.165Z,"3km NNW of The Geysers, CA",earthquake,0.3,0.7,0.08,14,automatic,nc,nc
2023-06-15T22:27:23.994Z,-22.0541,169.7722,10,4.5,mb,20,117,2.224,0.38,us,us7000kaca,2023-06-26T04:55:08.040Z,"203 km ESE of Tadine, New Caledonia",earthquake,5.05,1.845,0.18,9,reviewed,us,us
2023-06-15T22:25:20.240Z,33.9958333,-116.8376667,18.46,0.71,ml,17,141,0.04641,0.12,ci,ci40486888,2023-06-16T01:19:29.858Z,"9km NNE of Banning, CA",earthquake,0.28,0.53,0.117,11,reviewed,ci,ci
2023-06-15T22:21:44.049Z,62.7531,-150.4338,81.2,1.5,ml,,,,0.41,ak,ak0237mwfqr7,2023-06-20T00:39:52.436Z,"Central Alaska",earthquake,,0.4,,,reviewed,ak,ak
2023-06-15T22:18:36.460Z,38.7735,-122.7203333,1.36,1.37,md,38,43,0.01241,0.05,nc,nc73901531,2023-06-16T02:25:13.418Z,"2km W of Anderson Springs, CA",earthquake,0.17,0.24,0.158,31,reviewed,nc,nc
2023-06-15T22:16:37.785Z,62.1192,-147.7907,19.9,1.6,ml,,,,0.71,ak,ak0237mwenl2,2023-06-20T00:39:52.207Z,"35 km NNW of Glacier View, Alaska",earthquake,,1,,,reviewed,ak,ak
2023-06-15T22:08:21.459Z,31.67570812,-104.4277513,6.568603515999999,2.4,ml,20,55,0.01987908331,0.2,tx,tx2023lrdw,2023-06-16T10:57:32.510Z,"western Texas",earthquake,1.2425180380000003,1.261399966,0.1,20,reviewed,tx,tx
2023-06-15T22:02:57.432Z,34.9699,23.4992,52.255,4.1,mb,47,246,1.183,0.64,us,us7000k8t3,2023-06-24T04:52:07.394Z,"33 km SSW of Palaióchora, Greece",earthquake,9.56,11.129,0.09,34,reviewed,us,us
2023-06-15T22:02:00.640Z,38.8403333,-122.8246667,1.94,0.47,md,26,68,0.008628,0.02,nc,nc73901526,2023-06-15T23:28:12.306Z,"9km WNW of Cobb, CA",earthquake,0.18,0.39,0.141,25,reviewed,nc,nc
2023-06-15T22:01:52.916Z,63.6754,-149.3846,110.4,1.4,ml,,,,0.47,ak,ak0237mwbh2z,2023-06-20T00:39:54.538Z,"Central Alaska",earthquake,,0.8,,,reviewed,ak,ak
2023-06-15T21:49:58.579Z,36.47133333,-96.79816667,0,1.33,ml,20,147,0.04229170093,0.55,ok,ok2023lrdf,2023-06-20T19:17:09.972Z,"Oklahoma",quarry blast,,1,0.21,10,reviewed,ok,ok
2023-06-15T21:46:07.820Z,38.8278351,-122.7986679,1.94,0.77,md,7,140,0.0124,0,nc,nc73901521,2023-06-15T22:14:11.849Z,"7km W of Cobb, CA",earthquake,0.44,1.48,0.18,10,automatic,nc,nc
2023-06-15T21:40:46.721Z,-10.8625,161.2446,10,4.5,mb,46,36,1.906,0.65,us,us7000kac9,2023-06-26T04:43:34.040Z,"Solomon Islands",earthquake,6.66,1.877,0.095,33,reviewed,us,us
2023-06-15T21:36:06.150Z,19.173999786377,-155.48649597168,32.8699989318848,2.27999997,md,39,94,,0.100000001,hv,hv73452157,2023-06-15T21:41:38.020Z,"3 km SSW of Pāhala, Hawaii",earthquake,0.61,1.03999996,0.319999993,21,automatic,hv,hv
2023-06-15T21:34:47.332Z,38.7489,-118.5338,16.6,1.6,ml,9,87.64,0.451,0.1715,nn,nn00861275,2023-06-16T16:28:50.365Z,"California-Nevada border region",earthquake,,1.5,0.3,6,reviewed,nn,nn
2023-06-15T21:20:28.520Z,53.4231666666667,-168.239833333333,3.34,1.13,ml,6,280,,0.23,av,av91107638,2023-06-16T20:21:26.950Z,"68 km NE of Nikolski, Alaska",earthquake,1.16,0.9,0.299592509625501,6,reviewed,av,av
2023-06-15T21:07:35.646Z,61.4918,-149.9362,19.3,1.9,ml,,,,0.51,ak,ak0237mvradz,2023-06-20T00:39:51.951Z,"3 km SSE of Big Lake, Alaska",earthquake,,0.4,,,reviewed,ak,ak
2023-06-15T20:53:52.020Z,37.7905,-122.1888333,9.22,0.97,md,17,82,0.01337,0.06,nc,nc73901516,2023-06-16T06:54:12.122Z,"4km E of Oakland, CA",earthquake,0.23,0.5,0.278,13,reviewed,nc,nc
2023-06-15T20:41:36.505Z,2.8577,122.5893,532.394,4.1,mb,44,121,3.878,0.71,us,us7000k8sj,2023-06-16T14:14:11.040Z,"261 km NNW of Gorontalo, Indonesia",earthquake,12.84,11.086,0.094,31,reviewed,us,us
2023-06-15T20:40:22.382Z,62.3882,-151.7364,85.6,1.3,ml,,,,0.25,ak,ak0237mvcwfy,2023-06-20T00:39:54.349Z,"47 km NNW of Skwentna, Alaska",earthquake,,0.9,,,reviewed,ak,ak
2023-06-15T20:34:17.510Z,36.8855,-121.611,2.45,1.47,md,27,58,0.0153,0.15,nc,nc73901511,2023-06-17T05:33:16.224Z,"3km E of Aromas, CA",earthquake,0.31,0.53,0.271,22,reviewed,nc,nc
2023-06-15T20:34:00.003Z,60.6517,-143.1283,13.2,1,ml,,,,0.4,ak,ak0237mvbh3l,2023-06-20T00:39:51.757Z,"87 km S of McCarthy, Alaska",earthquake,,0.2,,,reviewed,ak,ak
2023-06-15T20:32:27.400Z,17.9538333333333,-66.9656666666667,14.95,2.49,md,4,216,0.08491,0.05,pr,pr71413548,2023-06-15T21:39:38.820Z,"6 km WSW of Guánica, Puerto Rico",earthquake,0.75,0.68,0.222469677803152,3,reviewed,pr,pr
2023-06-15T20:28:53.043Z,36.9991,-116.4089,3.6,0.6,ml,16,97.09,0.003,0.1197,nn,nn00861274,2023-06-16T16:22:32.891Z,"32 km ENE of Beatty, Nevada",earthquake,,1,0.27,7,reviewed,nn,nn
2023-06-15T20:20:58.120Z,19.354,-63.9545,33,3.69,md,10,301,1.4167,0.27,pr,pr2023166001,2023-06-26T15:58:17.040Z,"143 km NE of Cruz Bay, U.S. Virgin Islands",earthquake,1.87,18.01,0.15,4,reviewed,pr,pr
2023-06-15T20:17:50.630Z,46.90716666666667,-121.8755,10.98,0.38,ml,20,126,0.04192,0.1,uw,uw61933501,2023-06-15T22:18:38.000Z,"Washington",earthquake,0.29,0.59,0.18017228741839036,7,reviewed,uw,uw
2023-06-15T20:17:19.324Z,61.897,-148.4212,4,1.5,ml,,,,0.92,ak,ak0237mv7ypz,2023-06-20T00:39:51.534Z,"11 km N of Chickaloon, Alaska",earthquake,,0.2,,,reviewed,ak,ak
2023-06-15T20:06:45.419Z,61.1754,-147.1192,13.1,1.3,ml,,,,0.9,ak,ak0237mv5nuj,2023-06-20T00:39:51.338Z,"41 km W of Valdez, Alaska",earthquake,,0.6,,,reviewed,ak,ak
2023-06-15T20:02:58.476Z,63.0389,-151.0434,119.4,1.4,ml,,,,0.27,ak,ak0237mv4twn,2023-06-20T00:39:51.150Z,"62 km NNW of Petersville, Alaska",earthquake,,0.9,,,reviewed,ak,ak
2023-06-15T20:00:19.910Z,45.788833333333336,-123.03,-0.45,1.95,ml,6,179,0.1651,0.07,uw,uw61933496,2023-06-15T22:08:25.210Z,"12 km WNW of Scappoose, Oregon",explosion,0.76,31.61,0.1631973929543178,6,reviewed,uw,uw
2023-06-15T19:58:02.362Z,60.3334,-152.2986,82.9,1.9,ml,,,,0.53,ak,ak0237muva5w,2023-06-20T00:39:50.916Z,"47 km NW of Ninilchik, Alaska",earthquake,,0.5,,,reviewed,ak,ak
2023-06-15T19:39:55.374Z,62.7524,-148.4636,58.7,1.6,ml,,,,0.69,ak,ak0237murbo1,2023-06-20T00:39:50.677Z,"Central Alaska",earthquake,,0.4,,,reviewed,ak,ak
2023-06-15T19:35:42.550Z,34.0123333,-116.962,12.84,1.18,ml,40,65,0.08386,0.14,ci,ci40486816,2023-06-15T21:00:40.584Z,"8km ESE of Yucaipa, CA",earthquake,0.18,0.55,0.115,25,reviewed,ci,ci
2023-06-15T19:26:02.560Z,38.8208333,-122.822,2.4,0.35,md,24,61,0.009661,0.08,nc,nc73901506,2023-06-15T22:01:12.886Z,"8km NW of The Geysers, CA",earthquake,0.23,0.37,0.173,23,reviewed,nc,nc
2023-06-15T19:20:32.100Z,38.7825012,-122.757164,1.54,0.76,md,11,70,0.01354,0.02,nc,nc73901501,2023-06-15T19:23:11.389Z,"1km N of The Geysers, CA",earthquake,0.32,0.79,0.11,10,automatic,nc,nc
2023-06-15T19:18:45.290Z,38.783165,-122.757164,1.39,1.07,md,13,70,0.01412,0.03,nc,nc73901496,2023-06-15T19:21:26.283Z,"1km N of The Geysers, CA",earthquake,0.28,0.59,0.08,11,automatic,nc,nc
2023-06-15T19:10:11.705Z,64.3969,-163.6163,15.8,1.7,ml,,,,0.52,ak,ak0237mul0ib,2023-06-20T19:20:34.150Z,"northern Alaska",earthquake,,0.7,,,reviewed,ak,ak
2023-06-15T19:09:39.291Z,58.2527,-155.0262,2.7,1.5,ml,,,,0.3,ak,ak0237mukuy9,2023-06-20T00:39:50.493Z,"83 km NNW of Karluk, Alaska",earthquake,,0.3,,,reviewed,ak,ak
2023-06-15T19:07:34.652Z,-34.5264,-71.8898,43.6,5,mb,116,67,0.679,0.92,us,us7000k8rm,2023-06-26T15:41:46.432Z,"49 km WNW of Santa Cruz, Chile",earthquake,4.01,5.562,0.035,270,reviewed,us,us
2023-06-15T19:03:37.174Z,-12.6047,167.0168,215.637,4.5,mb,84,55,7.619,0.7,us,us7000k8rn,2023-06-26T15:27:55.040Z,"152 km NNW of Sola, Vanuatu",earthquake,8.38,5.089,0.049,125,reviewed,us,us
2023-06-15T19:03:30.950Z,46.0048333333333,-112.464,-2,1.87,ml,13,168,0.06338,0.07,mb,mb90018428,2023-06-15T19:51:31.630Z,"5 km E of Butte, Montana",quarry blast,0.41,31.61,0.124951150607927,15,reviewed,mb,mb
2023-06-15T19:02:29.290Z,38.8086667,-122.7945,2.25,0.43,md,17,50,0.0009383,0.02,nc,nc73901491,2023-06-15T21:09:41.616Z,"5km NW of The Geysers, CA",earthquake,0.24,0.27,0.367,17,reviewed,nc,nc
2023-06-15T18:50:26.500Z,47.35483333333333,-117.86866666666667,-0.67,2.18,ml,7,103,0.1528,0.32,uw,uw61933481,2023-06-16T11:17:12.373Z,"10 km NE of Sprague, Washington",explosion,0.85,31.61,0.10823899868797948,2,reviewed,uw,uw
2023-06-15T18:47:31.682Z,61.693,-150.2616,30.3,1.4,ml,,,,0.55,ak,ak0237mu7juu,2023-06-20T00:39:50.290Z,"13 km WSW of Willow, Alaska",earthquake,,1.1,,,reviewed,ak,ak
2023-06-15T18:42:10.682Z,61.4029,-150.0656,26.6,2,ml,,,,0.53,ak,ak0237mu6fna,2023-06-20T00:39:50.024Z,"6 km NW of Point MacKenzie, Alaska",earthquake,,0.9,,,reviewed,ak,ak
2023-06-15T18:39:30.320Z,33.487,-116.438,13.65,0.86,ml,19,76,0.03773,0.11,ci,ci40486792,2023-06-15T21:28:20.542Z,"23km SSW of La Quinta, CA",earthquake,0.24,0.63,0.097,15,reviewed,ci,ci
2023-06-15T18:38:03.360Z,38.7799988,-122.7573318,1,1.14,md,16,64,0.01136,0.03,nc,nc73901486,2023-06-15T20:05:20.137Z,"0km NNW of The Geysers, CA",earthquake,0.26,0.5,0.14,17,automatic,nc,nc
2023-06-15T18:25:12.200Z,38.8193321,-122.8223343,2.34,0.48,md,8,124,0.0104,0.01,nc,nc73901481,2023-06-15T18:26:46.667Z,"7km NW of The Geysers, CA",earthquake,0.44,1.12,0.36,8,automatic,nc,nc
2023-06-15T18:14:46.060Z,33.3718333,-116.9648333,7.94,0.82,ml,25,42,0.05862,0.16,ci,ci40486768,2023-06-15T20:53:07.656Z,"10km W of Palomar Observatory, CA",earthquake,0.26,0.67,0.104,17,reviewed,ci,ci
2023-06-15T18:06:28.174Z,-22.976,-177.13,175.089,7.2,mww,149,21,2.535,0.9,us,us7000k8qh,2023-06-23T14:45:44.782Z,"274 km SW of Houma, Tonga",earthquake,6.38,3.26,0.054,33,reviewed,us,us
2023-06-15T18:06:11.655Z,58.8363,-152.3109,47.6,2.7,ml,,,,0.8,ak,ak0237mtyq25,2023-06-22T18:52:50.040Z,"62 km SSW of Nanwalek, Alaska",earthquake,,0.4,,,reviewed,ak,ak
2023-06-15T18:03:48.590Z,40.2885,-124.4766667,12.94,3.12,ml,34,244,0.1026,0.17,nc,nc73901451,2023-06-22T18:51:02.040Z,"17km WSW of Petrolia, CA",earthquake,0.72,0.37,0.299,36,reviewed,nc,nc
2023-06-15T17:59:32.960Z,34.3975,-96.82283333,0,1.57,ml,49,151,0.3446323714,0.72,ok,ok2023lqvq,2023-06-20T19:00:13.552Z,"0 km SSE of Mill Creek, Oklahoma",quarry blast,,1,0.19,16,reviewed,ok,ok
2023-06-15T17:57:42.500Z,18.2288333333333,-66.9945,19.85,2.1,md,4,129,0.2468,0.05,pr,pr71413578,2023-06-16T16:10:02.950Z,"Puerto Rico region",earthquake,0.4,0.55,0.0337820544955116,3,reviewed,pr,pr
2023-06-15T17:55:42.970Z,37.5426667,-118.8223333,-1.39,1.63,md,18,231,0.04758,0.05,nc,nc73901446,2023-06-16T02:53:13.593Z,"13km W of Toms Place, CA",earthquake,1,0.41,0.17,17,reviewed,nc,nc
2023-06-15T17:53:15.520Z,51.5119,-178.4987,13.2,1.8,ml,,,,0.44,ak,ak0237mtndeo,2023-06-20T00:39:53.614Z,"135 km WSW of Adak, Alaska",earthquake,,0.9,,,reviewed,ak,ak
2023-06-15T17:53:14.312Z,64.6582,-152.4956,4.1,1.4,ml,,,,0.65,ak,ak0237mtndah,2023-06-20T00:39:49.826Z,"Central Alaska",earthquake,,0.4,,,reviewed,ak,ak
2023-06-15T17:52:54.600Z,-31.4297,-179.0705,143.156,4.5,mb,43,84,2.378,0.72,us,us7000kace,2023-06-22T18:47:23.040Z,"Kermadec Islands region",earthquake,10.2,5.535,0.119,21,reviewed,us,us
2023-06-15T17:52:48.820Z,38.8206673,-122.8221664,1.91,0.26,md,6,84,0.009831,0.02,nc,nc73901441,2023-06-15T17:54:21.987Z,"8km NW of The Geysers, CA",earthquake,0.46,1.74,0.11,8,automatic,nc,nc
2023-06-15T17:48:12.851Z,51.6927,178.629,86.3,2,ml,,,,0.55,ak,ak0237mtmamd,2023-06-20T00:39:53.423Z,"Rat Islands, Aleutian Islands, Alaska",earthquake,,0.6,,,reviewed,ak,ak
2023-06-15T17:40:19.670Z,38.7953339,-122.7693329,3.83,0.72,md,12,89,0.01468,0.02,nc,nc73901436,2023-06-15T18:38:13.608Z,"2km NNW of The Geysers, CA",earthquake,0.46,0.9,0.37,11,automatic,nc,nc
2023-06-15T17:35:19.790Z,58.24,-155.144333333333,3.96,-0.04,ml,5,256,,0.12,av,av91926691,2023-06-15T18:13:48.940Z,"85 km NNW of Karluk, Alaska",earthquake,0.91,0.69,0.140021488485421,5,reviewed,av,av
2023-06-15T17:35:14.940Z,40.4845,-124.532,17.03,2.58,md,30,265,0.1486,0.14,nc,nc73901431,2023-06-22T18:37:17.040Z,"25km WSW of Ferndale, CA",earthquake,0.79,0.36,0.173,37,reviewed,nc,nc
2023-06-15T17:32:17.070Z,38.8188324,-122.8193359,2.45,0.34,md,6,173,0.00855,0,nc,nc73901426,2023-06-15T18:25:13.522Z,"7km NW of The Geysers, CA",earthquake,0.62,0.93,0.16,7,automatic,nc,nc
2023-06-15T17:22:39.130Z,47.241,-113.191666666667,14.08,2.56,ml,25,77,0.1642,0.15,mb,mb90018383,2023-06-15T20:09:31.360Z,"23 km ENE of Seeley Lake, Montana",earthquake,0.31,0.52,0.301447758589351,26,reviewed,mb,mb
2023-06-15T17:20:52.009Z,28.3524,52.3563,16.411,4.3,mb,59,156,4.834,0.87,us,us7000k8q0,2023-06-22T16:05:15.040Z,"58 km SSW of Fīrūzābād, Iran",earthquake,4.8,5.118,0.082,42,reviewed,us,us
2023-06-15T17:09:55.140Z,32.8241667,-115.589,10.61,1.16,ml,15,128,0.06458,0.16,ci,ci40486760,2023-06-15T20:25:25.464Z,"3km SW of Imperial, CA",earthquake,0.39,0.79,0.159,8,reviewed,ci,ci
2023-06-15T17:08:46.890Z,32.8166667,-115.5915,13.65,1.31,ml,22,91,0.05691,0.21,ci,ci40486744,2023-06-15T20:09:09.984Z,"4km SSW of Imperial, CA",earthquake,0.44,0.79,0.215,14,reviewed,ci,ci
2023-06-15T17:01:18.510Z,32.8198333,-115.5875,13.24,1.52,ml,28,63,0.06124,0.23,ci,ci40486728,2023-06-15T19:53:26.290Z,"4km SSW of Imperial, CA",earthquake,0.39,0.56,0.257,15,reviewed,ci,ci
2023-06-15T16:54:02.176Z,51.2257,-177.506,25.6,1.7,ml,,,,0.33,ak,ak0237mt24hl,2023-06-20T00:39:53.239Z,"Andreanof Islands, Aleutian Islands, Alaska",earthquake,,2.7,,,reviewed,ak,ak
2023-06-15T16:48:28.910Z,38.8215,-122.8093333,3.48,-0.06,md,16,67,0.001979,0.05,nc,nc73901416,2023-06-15T23:06:21.492Z,"7km NW of The Geysers, CA",earthquake,0.46,0.51,0.166,15,reviewed,nc,nc
2023-06-15T16:45:47.040Z,39.2283333,-123.4801667,7.69,1.82,md,22,65,0.09551,0.07,nc,nc73901411,2023-06-15T22:29:11.938Z,"23km SSW of Willits, CA",earthquake,0.15,0.57,0.181,30,reviewed,nc,nc
2023-06-15T16:42:48.760Z,38.8264999,-122.7805023,1.33,0.39,md,8,83,0.009172,0.02,nc,nc73901406,2023-06-15T16:44:25.310Z,"5km W of Cobb, CA",earthquake,0.44,1.18,0.18,8,automatic,nc,nc
2023-06-15T16:41:38.230Z,38.8236667,-122.787,0.89,2.34,md,70,21,0.0115,0.07,nc,nc73901401,2023-06-16T00:36:12.704Z,"6km W of Cobb, CA",earthquake,0.1,0.15,0.17,62,reviewed,nc,nc
2023-06-15T16:39:02.143Z,62.1865,-150.0286,5.4,1.2,ml,,,,0.61,ak,ak0237msywod,2023-06-20T00:39:49.620Z,"9 km WNW of Susitna North, Alaska",earthquake,,0.5,,,reviewed,ak,ak
2023-06-15T16:38:31.840Z,45.9191666666667,-112.241,-2,1.54,ml,11,115,0.02479,0.14,mb,mb90018378,2023-06-15T19:56:53.010Z,"12 km WNW of Whitehall, Montana",quarry blast,0.57,31.61,0.131881841899655,13,reviewed,mb,mb
2023-06-15T16:33:33.873Z,62.3264,-149.7086,46.7,1.3,ml,,,,0.7,ak,ak0237msxowb,2023-06-20T00:39:53.034Z,"19 km NNE of Susitna North, Alaska",earthquake,,0.6,,,reviewed,ak,ak
2023-06-15T16:30:57.310Z,62.9689,-150.512,95.7,1.4,ml,,,,0.61,ak,ak0237msx3np,2023-06-20T00:39:49.412Z,"54 km NNE of Petersville, Alaska",earthquake,,0.6,,,reviewed,ak,ak
2023-06-15T16:24:50.055Z,59.9594,-141.1496,3.7,1.3,ml,,,,0.59,ak,ak0237msvspu,2023-06-20T19:20:33.950Z,"92 km WNW of Yakutat, Alaska",earthquake,,0.2,,,reviewed,ak,ak
2023-06-15T16:23:20.090Z,35.3725,-118.5028333,2,1.23,ml,21,80,0.1052,0.16,ci,ci40486696,2023-06-15T18:26:56.822Z,"24km S of Bodfish, CA",earthquake,0.31,0.55,0.188,15,reviewed,ci,ci
2023-06-15T16:21:54.210Z,32.9736667,-116.2565,11.45,0.55,ml,10,109,0.04376,0.17,ci,ci40486688,2023-06-15T19:20:16.301Z,"22km SSW of Ocotillo Wells, CA",earthquake,0.4,0.58,0.251,5,reviewed,ci,ci
2023-06-15T16:18:53.063Z,59.9607,-141.1529,2.3,1.5,ml,,,,0.38,ak,ak0237msun7q,2023-06-20T00:39:49.212Z,"92 km WNW of Yakutat, Alaska",earthquake,,0.5,,,reviewed,ak,ak
2023-06-15T16:14:35.000Z,35.47983333,-98.02116667,6.43,2.06,ml,51,65,0.05578905228,0.54,ok,ok2023lqsd,2023-06-15T16:58:32.511Z,"Oklahoma",earthquake,,1.3,0.22,17,reviewed,ok,ok
2023-06-15T16:14:32.240Z,38.8196667,-122.813,3.27,1.3,md,40,43,0.004369,0.03,nc,nc73901391,2023-06-15T20:29:19.270Z,"7km NW of The Geysers, CA",earthquake,0.17,0.28,0.115,29,reviewed,nc,nc
2023-06-15T16:14:01.888Z,61.5888,-141.1973,8.6,1.2,ml,,,,0.51,ak,ak0237mstjt4,2023-06-20T00:39:49.018Z,"Southern Alaska",earthquake,,0.5,,,reviewed,ak,ak
2023-06-15T16:12:05.660Z,61.5837,-141.1893,4.6,1.4,ml,,,,0.66,ak,ak0237mst4of,2023-06-20T00:39:48.812Z,"93 km E of McCarthy, Alaska",earthquake,,0.4,,,reviewed,ak,ak
2023-06-15T16:07:12.753Z,39.6501,-120.0611,6.6,0.8,ml,6,136.5,0.088,0.1422,nn,nn00861298,2023-06-16T17:36:51.501Z,"7 km WSW of Cold Springs, Nevada",earthquake,,3.2,0.16,4,reviewed,nn,nn
2023-06-15T15:59:37.700Z,35.281,-120.5563333,10.35,1.51,md,28,57,0.09227,0.06,nc,nc73901381,2023-06-16T00:22:15.751Z,"9km E of San Luis Obispo, CA",earthquake,0.18,0.41,0.212,20,reviewed,nc,nc
2023-06-15T15:52:05.570Z,36.0711667,-120.5443333,5.03,0.78,md,16,156,0.04207,0.07,nc,nc73901371,2023-06-15T20:10:05.784Z,"18km WSW of Coalinga, CA",earthquake,0.29,0.69,0.169,6,reviewed,nc,nc
2023-06-15T15:40:13.213Z,12.833,47.9844,10,4.9,mb,134,72,5.187,0.67,us,us7000k8nx,2023-06-17T14:31:33.040Z,"186 km N of Las Khorey, Somalia",earthquake,8.15,1.857,0.051,123,reviewed,us,us
2023-06-15T15:36:29.260Z,34.0111667,-117.212,11.74,0.77,ml,17,128,0.07149,0.17,ci,ci40486656,2023-06-15T19:15:26.639Z,"6km SSW of Redlands, CA",earthquake,0.4,0.85,0.098,10,reviewed,ci,ci
2023-06-15T15:28:07.361Z,59.3644,-152.9386,89.7,2.1,ml,,,,0.55,ak,ak0237msb4lm,2023-06-23T18:17:33.455Z,"57 km W of Nanwalek, Alaska",earthquake,,0.4,,,reviewed,ak,ak
2023-06-15T15:27:40.744Z,51.5811,-175.3047,30.7,2.6,ml,,,,0.52,ak,ak0237msazjh,2023-06-23T18:17:33.720Z,"97 km ESE of Adak, Alaska",earthquake,,1.9,,,reviewed,ak,ak
2023-06-15T15:15:46.010Z,38.8208333,-122.7876667,1.99,-0.23,md,11,77,0.009325,0.01,nc,nc73901361,2023-06-15T20:04:35.357Z,"6km NNW of The Geysers, CA",earthquake,0.32,0.49,0.089,9,reviewed,nc,nc
2023-06-15T15:15:30.323Z,59.0133,-146.3339,5.9,2,ml,,,,0.67,ak,ak0237ms8e4j,2023-06-23T18:17:36.094Z,"150 km SE of Chenega, Alaska",earthquake,,0.7,,,reviewed,ak,ak
2023-06-15T15:14:54.781Z,15.7998,-95.0421,41.586,4.2,mb,90,187,2.834,0.79,us,us7000k8nl,2023-06-17T15:15:39.040Z,"44 km SSE of Salina Cruz, Mexico",earthquake,9.26,11.888,0.058,88,reviewed,us,us
2023-06-15T15:05:04.586Z,59.9566,-151.8783,81.2,2.1,ml,,,,0.85,ak,ak0237ms66va,2023-06-23T18:17:33.135Z,"8 km W of Happy Valley, Alaska",earthquake,,0.5,,,reviewed,ak,ak
2023-06-15T15:02:01.149Z,36.26383333,-95.21816667,0,1.22,ml,22,180,0.1817643316,0.4,ok,ok2023lqpt,2023-06-20T18:33:47.714Z,"3 km NE of Sportsmen Acres, Oklahoma",quarry blast,,0.4,0.14,8,reviewed,ok,ok
2023-06-15T15:01:59.366Z,64.9662,-147.3771,0,1.4,ml,,,,0.44,ak,ak0237ms5gcw,2023-06-23T18:17:32.766Z,"11 km E of Fox, Alaska",explosion,,0,,,reviewed,ak,ak
2023-06-15T15:01:39.765Z,64.9067,-147.8978,11,0.9,ml,,,,0.52,ak,ak0237ms5eux,2023-06-23T18:17:32.941Z,"7 km NW of College, Alaska",earthquake,,0.3,,,reviewed,ak,ak
2023-06-15T14:58:42.970Z,58.1871666666667,-155.2615,4.23,0.24,ml,6,217,,0.27,av,av91926621,2023-06-15T17:45:39.750Z,"Alaska Peninsula",earthquake,1.18,2.16,0.30293167265925,6,reviewed,av,av
2023-06-15T14:53:40.301Z,51.5545,-177.5915,63,1.8,ml,,,,0.23,ak,ak0237mrv4i4,2023-06-23T18:17:35.901Z,"Andreanof Islands, Aleutian Islands, Alaska",earthquake,,1.2,,,reviewed,ak,ak
2023-06-15T14:40:20.372Z,63.0346,-150.7509,112.1,1.3,ml,,,,0.3,ak,ak0237mrsaoe,2023-06-23T18:17:35.694Z,"Central Alaska",earthquake,,0.4,,,reviewed,ak,ak
2023-06-15T14:35:56.020Z,35.7641667,-117.5765,11.79,0.75,ml,12,116,0.1587,0.11,ci,ci40486632,2023-06-15T19:09:53.914Z,"16km W of Searles Valley, CA",earthquake,0.33,0.99,0.048,3,reviewed,ci,ci
2023-06-15T14:22:54.689Z,61.7124,-150.2914,56.2,1.1,ml,,,,0.67,ak,ak0237mroicf,2023-06-23T18:17:35.489Z,"13 km WSW of Willow, Alaska",earthquake,,0.6,,,reviewed,ak,ak
2023-06-15T14:22:11.461Z,51.4281,-178.3922,21.303,2.6,ml,19,202,0.292,0.57,us,us7000k9ya,2023-06-25T14:43:33.040Z,"131 km WSW of Adak, Alaska",earthquake,4.25,5.348,0.085,18,reviewed,us,us
2023-06-15T14:17:26.540Z,33.9536667,-116.4463333,1.94,0.14,ml,3,270,0.03381,0.02,ci,ci40486616,2023-06-15T21:30:26.114Z,"5km E of Desert Hot Springs, CA",earthquake,0.7,0.55,0.03,2,reviewed,ci,ci
2023-06-15T13:42:27.095Z,53.6027,-163.4036,35,2.7,ml,16,234,1.183,0.45,us,us7000k9y9,2023-06-25T14:37:28.040Z,"",earthquake,5.84,2.018,0.128,8,reviewed,us,us
2023-06-15T13:37:22.310Z,33.1856667,-116.263,10.56,1.52,ml,71,25,0.0103,0.18,ci,ci40486584,2023-06-15T18:53:03.180Z,"13km SE of Borrego Springs, CA",earthquake,0.16,0.32,0.128,31,reviewed,ci,ci
2023-06-15T13:37:01.430Z,38.7248333,-122.9148333,6.94,1.29,md,44,94,0.06913,0.06,nc,nc73901346,2023-06-15T23:55:12.448Z,"13km SE of Cloverdale, CA",earthquake,0.18,0.48,0.227,39,reviewed,nc,nc
2023-06-15T13:25:22.964Z,31.64982658,-104.2625565,7.93112793,2.4,ml,38,67,0.02190166284,0.2,tx,tx2023lqmo,2023-06-15T15:51:34.639Z,"58 km NW of Toyah, Texas",earthquake,0.7953151515,0.7525203032,0.1,20,reviewed,tx,tx
2023-06-15T13:13:09.750Z,61.1772,-149.1806,26.9,1.6,ml,,,,0.67,ak,ak0237mr11uf,2023-06-23T18:17:32.093Z,"Southern Alaska",earthquake,,0.4,,,reviewed,ak,ak
2023-06-15T13:10:36.326Z,63.015,-150.8385,109.1,1.4,ml,,,,0.58,ak,ak0237mr0gv4,2023-06-23T18:17:31.867Z,"57 km N of Petersville, Alaska",earthquake,,0.6,,,reviewed,ak,ak
2023-06-15T13:04:45.969Z,61.6923,-151.3211,75.8,1.2,ml,,,,0.46,ak,ak0237mqz76d,2023-06-23T18:17:35.304Z,"33 km S of Skwentna, Alaska",earthquake,,0.3,,,reviewed,ak,ak
2023-06-15T13:01:31.852Z,63.2422,-151.6466,1,1.9,ml,,,,0.87,ak,ak0237mqyj2e,2023-06-23T18:17:31.614Z,"33 km S of Denali National Park, Alaska",earthquake,,0.2,,,reviewed,ak,ak
2023-06-15T12:57:26.273Z,64.6365,-147.6276,8.3,0.7,ml,,,,0.73,ak,ak0237mqp33a,2023-06-23T18:17:31.406Z,"18 km SW of North Pole, Alaska",earthquake,,0.3,,,reviewed,ak,ak
2023-06-15T12:54:15.244Z,53.9526,-163.9074,20.2,1.8,ml,,,,0.41,ak,ak0237mqof26,2023-06-23T18:17:35.120Z,"105 km SSW of False Pass, Alaska",earthquake,,0.7,,,reviewed,ak,ak
2023-06-15T12:40:24.280Z,33.5268333,-116.7303333,4.47,0.42,ml,22,52,0.0389,0.1,ci,ci40486544,2023-06-15T18:31:30.712Z,"6km WSW of Anza, CA",earthquake,0.15,0.26,0.164,11,reviewed,ci,ci
2023-06-15T12:37:23.169Z,66.3635,-141.9496,11.4,2.2,ml,,,,0.7,ak,ak0237mqksj7,2023-06-23T18:17:31.168Z,"85 km ESE of Chalkyitsik, Alaska",earthquake,,0.4,,,reviewed,ak,ak
2023-06-15T12:28:55.960Z,36.821,-120.75,9.67,1.81,md,36,65,0.01457,0.18,nc,nc73901341,2023-06-15T21:11:11.495Z,"18km SSW of South Dos Palos, CA",earthquake,0.41,0.29,0.234,35,reviewed,nc,nc
2023-06-15T12:18:24.244Z,66.4096,-142.0541,11,3.1,ml,,,,0.66,ak,ak0237mqgq0i,2023-06-23T18:17:30.879Z,"northern Alaska",earthquake,,0.8,,,reviewed,ak,ak
2023-06-15T12:14:11.998Z,53.5523,-164.532,7.4,1.8,ml,,,,0.36,ak,ak0237mqfu69,2023-06-23T18:17:34.939Z,"104 km SE of Akutan, Alaska",earthquake,,2.3,,,reviewed,ak,ak
2023-06-15T12:01:55.600Z,32.9183333,-116.3448333,9.19,1.77,ml,51,61,0.05023,0.19,ci,ci40486512,2023-06-15T13:12:40.920Z,"20km ENE of Pine Valley, CA",earthquake,0.21,0.58,0.199,27,reviewed,ci,ci
2023-06-15T11:51:53.770Z,40.2416667,-121.1515,5.89,2.87,md,41,28,0.007624,0.28,nc,nc73901331,2023-06-15T23:28:13.307Z,"4km NE of Almanor, CA",earthquake,0.41,0.66,0.18,86,reviewed,nc,nc
2023-06-15T11:47:24.275Z,61.6704,-150.8116,68.3,1.1,ml,,,,0.56,ak,ak0237mq1i5n,2023-06-23T18:17:34.751Z,"21 km NW of Susitna, Alaska",earthquake,,0.5,,,reviewed,ak,ak
2023-06-15T11:45:30.150Z,36.5843333,-121.1913333,7.42,1.17,md,21,137,0.01348,0.09,nc,nc73901326,2023-06-15T19:53:18.076Z,"7km NW of Pinnacles, CA",earthquake,0.32,0.46,0.206,16,reviewed,nc,nc
2023-06-15T11:43:41.220Z,36.5456667,-121.1296667,4.38,1.95,md,35,81,0.01863,0.12,nc,nc73901321,2023-06-15T19:32:15.947Z,"2km NE of Pinnacles, CA",earthquake,0.26,0.48,0.171,37,reviewed,nc,nc
2023-06-15T11:37:12.444Z,61.6649,-150.1778,8,2.2,ml,,,,0.96,ak,ak0237mpzc0u,2023-06-23T18:18:33.741Z,"11 km SW of Willow, Alaska",earthquake,,0.2,,,reviewed,ak,ak
2023-06-15T11:33:21.065Z,59.9709,-141.1324,14.5,1.1,ml,,,,0.67,ak,ak0237mpyhw9,2023-06-23T18:17:34.572Z,"92 km WNW of Yakutat, Alaska",earthquake,,0.1,,,reviewed,ak,ak
2023-06-15T11:31:37.350Z,38.969,-123.2598333,5.41,1.49,md,19,63,0.0598,0.08,nc,nc73901316,2023-06-15T20:41:19.472Z,"10km ESE of Boonville, CA",earthquake,0.19,0.52,0.162,21,reviewed,nc,nc
2023-06-15T11:28:57.662Z,61.6389,-150.1652,2,1.7,ml,,,,0.86,ak,ak0237mpxi4b,2023-06-23T18:17:30.279Z,"13 km SSW of Willow, Alaska",earthquake,,0.3,,,reviewed,ak,ak
2023-06-15T11:25:33.315Z,58.8987,-152.4347,51.3,2.1,ml,,,,0.72,ak,ak0237mpwt1n,2023-06-23T18:17:30.010Z,"58 km SSW of Nanwalek, Alaska",earthquake,,0.5,,,reviewed,ak,ak
2023-06-15T11:21:22.880Z,33.6468333,-116.7163333,12.92,0.72,ml,22,88,0.06419,0.14,ci,ci40486488,2023-06-15T13:12:23.393Z,"10km S of Idyllwild, CA",earthquake,0.25,0.47,0.158,18,reviewed,ci,ci
2023-06-15T11:21:04.657Z,61.2251,-147.5128,0,1.1,ml,,,,0.96,ak,ak0237mpvw8w,2023-06-23T18:17:29.834Z,"60 km NW of Tatitlek, Alaska",ice quake,,0,,,reviewed,ak,ak
2023-06-15T11:07:35.240Z,33.6428333,-116.7183333,12.5,1.5,ml,56,30,0.06214,0.19,ci,ci40486480,2023-06-15T13:12:30.393Z,"11km NNW of Anza, CA",earthquake,0.19,0.36,0.208,27,reviewed,ci,ci
2023-06-15T11:07:12.440Z,43.0326666666667,-110.8395,5.16,2.56,ml,23,96,0.3288,0.22,mb,mb90018358,2023-06-15T15:57:39.659Z,"Wyoming",earthquake,0.5,1.33,0.209565648048587,26,reviewed,mb,mb
2023-06-15T11:07:06.920Z,33.6393333,-116.7195,12.3,1.93,ml,69,29,0.0588,0.2,ci,ci40486472,2023-06-15T13:13:46.220Z,"10km NNW of Anza, CA",earthquake,0.17,0.34,0.276,26,reviewed,ci,ci
2023-06-15T11:06:43.696Z,52.3182,-163.2269,10,2.8,ml,12,264,2.355,0.52,us,us7000k9yc,2023-06-23T18:17:34.367Z,"264 km SE of Akutan, Alaska",earthquake,6.77,2.014,0.148,6,reviewed,us,us
2023-06-15T11:05:41.080Z,33.6453333,-116.7143333,12.88,0.5,ml,13,89,0.06566,0.08,ci,ci40486464,2023-06-15T13:12:55.396Z,"10km S of Idyllwild, CA",earthquake,0.28,0.53,0.294,12,reviewed,ci,ci
2023-06-15T11:00:14.658Z,60.2297,-152.6639,102.7,1.6,ml,,,,0.54,ak,ak0237mprerq,2023-06-23T18:17:34.146Z,"58 km WNW of Ninilchik, Alaska",earthquake,,0.2,,,reviewed,ak,ak
2023-06-15T10:39:34.320Z,33.4105,-116.35,14.19,0.92,ml,48,37,0.1292,0.19,ci,ci40486448,2023-06-15T18:59:58.147Z,"17km N of Borrego Springs, CA",earthquake,0.2,0.46,0.121,23,reviewed,ci,ci
2023-06-15T10:33:28.800Z,38.3151667,-122.1765,10.09,1.17,md,29,66,0.04648,0.14,nc,nc73901306,2023-06-15T19:23:11.892Z,"7km N of Green Valley, CA",earthquake,0.29,0.53,0.249,18,reviewed,nc,nc
2023-06-15T10:33:03.136Z,61.2479,-151.1471,59.3,1.4,ml,,,,0.62,ak,ak0237mpd0xf,2023-06-23T18:17:29.581Z,"12 km NNW of Beluga, Alaska",earthquake,,0.5,,,reviewed,ak,ak
2023-06-15T10:15:57.550Z,44.6641666666667,-111.8675,9.89,1.56,ml,25,54,0.1582,0.24,mb,mb90018353,2023-06-15T14:01:40.950Z,"42 km NE of Spencer, Idaho",earthquake,0.43,0.99,0.183403008477593,18,reviewed,mb,mb
2023-06-15T10:09:29.635Z,58.2451,-155.1574,2.8,1.4,ml,,,,0.49,ak,ak0237mp7xr1,2023-06-23T18:17:29.383Z,"86 km NNW of Karluk, Alaska",earthquake,,0.2,,,reviewed,ak,ak
2023-06-15T10:05:02.170Z,18.6263333333333,-66.3766666666667,93.29,3.12,md,14,208,0.2075,0.16,pr,pr71413528,2023-06-15T10:39:05.290Z,"Puerto Rico region",earthquake,1.21,0.7,0.0327487688453143,5,reviewed,pr,pr
2023-06-15T10:00:26.150Z,36.8545,-121.5951667,6.79,1.38,md,28,47,0.003865,0.17,nc,nc73901301,2023-06-22T01:24:15.760Z,"5km W of San Juan Bautista, CA",earthquake,0.36,0.84,0.225,26,reviewed,nc,nc
2023-06-15T09:51:56.270Z,38.8196678,-122.8238297,1.75,0.41,md,6,114,0.01137,0.01,nc,nc73901296,2023-06-15T10:24:14.545Z,"8km NW of The Geysers, CA",earthquake,0.64,1.07,0.24,8,automatic,nc,nc
2023-06-15T09:50:41.210Z,33.0321667,-116.0058333,7.32,1.21,ml,48,41,0.1429,0.17,ci,ci40486440,2023-06-15T18:38:05.630Z,"17km SE of Ocotillo Wells, CA",earthquake,0.19,0.68,0.107,26,reviewed,ci,ci
2023-06-15T09:49:22.850Z,52.1553333333333,-176.165333333333,8.42,1.11,ml,4,307,,0.12,av,av91926501,2023-06-15T17:53:45.940Z,"44 km NE of Adak, Alaska",earthquake,1,1.07,0.204516085923814,4,reviewed,av,av
2023-06-15T09:49:07.201Z,36.4036,-115.266,5.6,1.2,ml,26,232.75,0.134,0.1855,nn,nn00861243,2023-06-15T15:19:56.177Z,"25 km NW of Nellis Air Force Base, Nevada",earthquake,,4,0.15,13,reviewed,nn,nn
2023-06-15T09:47:28.050Z,43.0306666666667,-110.8265,5.47,2.6,ml,19,97,0.3329,0.17,mb,mb90018373,2023-06-15T17:05:08.850Z,"12 km ENE of Star Valley Ranch, Wyoming",earthquake,0.62,1.51,0.289552631039353,14,reviewed,mb,mb
2023-06-15T09:42:23.854Z,65.5142,-148.4787,7.2,1.5,ml,,,,0.77,ak,ak0237motk7o,2023-06-23T18:17:29.158Z,"3 km ESE of Livengood, Alaska",earthquake,,0.2,,,reviewed,ak,ak
2023-06-15T09:40:13.020Z,53.5365,-163.3014,34.9,2.2,ml,,,,0.42,ak,ak0237mot493,2023-06-23T18:17:28.962Z,"146 km S of False Pass, Alaska",earthquake,,1.6,,,reviewed,ak,ak
2023-06-15T09:39:51.570Z,32.819,-115.5855,11.35,1.39,ml,24,83,0.06131,0.25,ci,ci40486432,2023-06-15T18:30:59.173Z,"4km SSW of Imperial, CA",earthquake,0.38,0.57,0.248,10,reviewed,ci,ci
2023-06-15T09:12:22.966Z,56.2564,-156.5603,27.4,2.3,ml,,,,0.58,ak,ak0237mon4t9,2023-06-23T18:17:33.939Z,"114 km E of Chignik, Alaska",earthquake,,1.2,,,reviewed,ak,ak
2023-06-15T09:09:03.670Z,33.646,-116.7121667,13.04,0.5,ml,21,89,0.06502,0.13,ci,ci40486416,2023-06-15T13:13:32.396Z,"10km S of Idyllwild, CA",earthquake,0.29,0.49,0.097,12,reviewed,ci,ci
2023-06-15T09:04:04.318Z,-1.0046,29.254,10,4.6,mb,37,71,1.537,0.77,us,us7000k8m5,2023-06-23T09:55:29.629Z,"46 km WSW of Ntungamo, Uganda",earthquake,9.79,1.88,0.116,22,reviewed,us,us
2023-06-15T08:49:05.340Z,19.449333190918,-155.426666259766,0.730000019073486,1.79,ml,41,59,,0.209999993,hv,hv73451632,2023-06-15T08:54:36.800Z,"20 km W of Volcano, Hawaii",earthquake,0.32,0.730000019,0.08,3,automatic,hv,hv
2023-06-15T08:46:48.202Z,61.7484,-150.472,47.9,1.2,ml,,,,0.61,ak,ak0237mo91f6,2023-06-23T18:17:28.743Z,"22 km N of Susitna, Alaska",earthquake,,0.8,,,reviewed,ak,ak
2023-06-15T08:43:12.630Z,35.6608333,-117.4828333,6.21,0.77,ml,10,99,0.04833,0.18,ci,ci37549724,2023-06-15T18:24:35.069Z,"14km SSW of Searles Valley, CA",earthquake,0.48,1.06,0.101,5,reviewed,ci,ci
2023-06-15T08:43:01.470Z,35.6605,-117.4858333,7.7,1.25,ml,25,49,0.0508,0.18,ci,ci40486408,2023-06-15T18:26:07.547Z,"14km SSW of Searles Valley, CA",earthquake,0.24,0.95,0.136,13,reviewed,ci,ci
2023-06-15T08:40:28.990Z,19.1949996948242,-155.491165161133,34.939998626709,2.18000007,md,47,73,,0.140000001,hv,hv73451602,2023-06-15T08:43:38.240Z,"1 km WSW of Pāhala, Hawaii",earthquake,0.63,0.860000014,1.84000003,26,automatic,hv,hv
2023-06-15T08:23:16.030Z,44.7005,-110.6771667,6.4,1.64,ml,14,80,0.01234,0.13,uu,uu60542221,2023-06-15T13:41:03.040Z,"Wyoming",earthquake,0.38,0.5,0.582,3,reviewed,uu,uu
2023-06-15T08:05:32.850Z,62.3989,-149.7899,52.3,2.3,ml,,,,0.73,ak,ak0237mo07w1,2023-06-23T18:17:28.404Z,"Central Alaska",earthquake,,0.4,,,reviewed,ak,ak
2023-06-15T08:03:39.770Z,46.21633333333333,-119.5965,7.27,2.19,ml,25,143,0.06283,0.08,uw,uw61933451,2023-06-15T17:08:20.550Z,"9 km WSW of Benton City, Washington",earthquake,0.32,0.15,0.15415047468938337,23,reviewed,uw,uw
2023-06-15T07:51:59.178Z,60.1715,-136.9006,1.1,1.8,ml,,,,0.49,ak,ak0237mnopad,2023-06-19T16:17:40.684Z,"84 km NNW of Mosquito Lake, Alaska",earthquake,,0.3,,,reviewed,ak,ak
2023-06-15T07:49:14.190Z,31.332,-115.5798333,16.98,1.98,ml,9,85,0.1844,0.18,ci,ci40486384,2023-06-15T19:43:51.748Z,"103km ESE of Maneadero, B.C., MX",earthquake,0.36,1.3,0.038,2,reviewed,ci,ci
2023-06-15T07:46:49.590Z,46.222,-119.60283333333334,7.34,0.8,ml,13,210,0.05908,0.05,uw,uw61933446,2023-06-15T17:19:19.530Z,"",earthquake,0.52,0.19,0.08110590355661762,10,reviewed,uw,uw
2023-06-15T07:34:15.389Z,61.4306,-150.1521,8.7,1.7,ml,,,,0.53,ak,ak0237mnkyr8,2023-06-19T16:17:40.432Z,"12 km NW of Point MacKenzie, Alaska",earthquake,,0.3,,,reviewed,ak,ak
2023-06-15T07:26:53.070Z,46.224,-119.60233333333333,6.98,1.29,ml,14,164,0.05977,0.08,uw,uw61933441,2023-06-15T17:02:33.890Z,"Washington",earthquake,0.6,0.22,0.10114568321946371,12,reviewed,uw,uw
2023-06-15T07:26:26.647Z,69.7689,-143.7445,9.3,1.5,ml,,,,0.33,ak,ak0237mnj9vs,2023-06-19T16:17:41.257Z,"40 km S of Kaktovik, Alaska",earthquake,,0.2,,,reviewed,ak,ak
2023-06-15T07:24:59.920Z,36.7635,-121.4186667,12.2,0.65,md,16,80,0.02294,0.09,nc,nc73901291,2023-06-15T19:00:59.539Z,"7km SW of Ridgemark, CA",earthquake,0.28,0.5,0.141,10,reviewed,nc,nc
2023-06-15T07:19:29.710Z,38.833,-122.7985,2.35,1.44,md,44,29,0.008351,0.03,nc,nc73901286,2023-06-15T20:49:15.386Z,"7km W of Cobb, CA",earthquake,0.15,0.24,0.149,37,reviewed,nc,nc
2023-06-15T07:14:33.533Z,61.6191,-150.0629,12.1,1.4,ml,,,,0.48,ak,ak0237mngpr7,2023-06-19T16:17:40.217Z,"12 km NNW of Big Lake, Alaska",earthquake,,0.4,,,reviewed,ak,ak
2023-06-15T07:05:26.970Z,34.9961667,-119.167,-0.88,1.76,ml,29,70,0.1428,0.29,ci,ci40486376,2023-06-15T18:02:39.808Z,"17km N of Pine Mountain Club, CA",earthquake,0.34,0.85,0.156,24,reviewed,ci,ci
2023-06-15T07:04:18.460Z,33.9016667,-116.293,8.1,0.74,ml,34,94,0.1023,0.12,ci,ci40486368,2023-06-15T17:56:14.708Z,"13km NE of Thousand Palms, CA",earthquake,0.19,0.62,0.072,10,reviewed,ci,ci
2023-06-15T06:56:00.096Z,61.038,-149.5183,29,1.1,ml,,,,0.41,ak,ak0237mn44kb,2023-06-19T16:17:40.026Z,"Southern Alaska",earthquake,,0.4,,,reviewed,ak,ak
2023-06-15T06:55:45.660Z,33.706,-116.755,15.91,0.47,ml,21,74,0.03443,0.09,ci,ci40486360,2023-06-15T17:47:30.097Z,"5km SW of Idyllwild, CA",earthquake,0.21,0.3,0.13,8,reviewed,ci,ci
2023-06-15T06:55:17.983Z,60.5464,-152.1307,99.1,1.5,ml,,,,0.29,ak,ak0237mn41dp,2023-06-19T16:17:39.823Z,"45 km W of Salamatof, Alaska",earthquake,,0.3,,,reviewed,ak,ak
2023-06-15T06:53:28.260Z,38.8198318,-122.82267,2.25,0.48,md,10,68,0.01046,0.01,nc,nc73901281,2023-06-15T08:39:12.911Z,"7km NW of The Geysers, CA",earthquake,0.31,0.71,0.27,12,automatic,nc,nc
2023-06-15T06:51:07.389Z,36.42983333,-96.92633333,3.01,0.43,ml,28,76,0.02789452614,0.18,ok,ok2023lpzo,2023-06-20T13:21:40.780Z,"14 km NW of Pawnee, Oklahoma",earthquake,,0.8,0.2,13,reviewed,ok,ok
2023-06-15T06:47:05.719Z,35.12866667,-97.6045,5.46,1.15,ml,62,75,0.08818269555,0.52,ok,ok2023lpzl,2023-06-20T18:17:46.770Z,"Oklahoma",earthquake,,1.1,0.27,21,reviewed,ok,ok
2023-06-15T06:30:00.330Z,18.4665,-68.9336,156,3.96,md,16,203,0.5542,0.55,pr,pr2023166000,2023-06-15T07:09:32.040Z,"5 km NE of La Romana, Dominican Republic",earthquake,5.64,2.38,0.08,7,reviewed,pr,pr
2023-06-15T06:29:49.900Z,58.9876,-152.5939,73.4,1.6,ml,,,,0.33,ak,ak0237mmyj87,2023-06-19T16:17:39.607Z,"56 km SW of Nanwalek, Alaska",earthquake,,0.4,,,reviewed,ak,ak
2023-06-15T06:17:09.440Z,36.5085,-89.555,7.99,1.58,md,23,49,0.03219,0.04,nm,nm60529616,2023-06-20T15:39:24.270Z,"5 km ESE of Marston, Missouri",earthquake,0.43,0.82,0.155848884994084,20,reviewed,nm,nm
2023-06-15T05:54:52.828Z,12.4215,47.9004,10,4.5,mb,45,132,5.024,0.43,us,us7000k8lq,2023-06-15T06:26:27.040Z,"143 km NNW of Las Khorey, Somalia",earthquake,9.44,1.874,0.094,34,reviewed,us,us
2023-06-15T05:54:42.727Z,31.65171499,-104.4073455,6.645727539,2,ml,45,72,0.02152173595,0.2,tx,tx2023lpxs,2023-06-15T17:32:58.818Z,"58 km S of Whites City, New Mexico",earthquake,0.7211829523,0.676833828,0,7,reviewed,tx,tx
2023-06-15T05:46:58.042Z,-23.095,170.3361,10,4.8,mb,34,104,2.708,0.41,us,us7000k8lp,2023-06-15T06:14:53.040Z,"295 km E of Vao, New Caledonia",earthquake,8.36,1.885,0.116,27,reviewed,us,us
2023-06-15T05:42:53.740Z,34.8983333,-117.5636667,2.47,1.48,ml,28,94,0.03331,0.15,ci,ci40486336,2023-06-15T17:25:41.481Z,"14km SE of Boron, CA",earthquake,0.23,0.26,0.132,24,reviewed,ci,ci
2023-06-15T05:40:01.620Z,38.8358333,-122.8093333,2.26,-0.18,md,12,68,0.01243,0.02,nc,nc73901276,2023-06-15T09:22:13.999Z,"8km WNW of Cobb, CA",earthquake,0.3,0.76,0.336,11,reviewed,nc,nc
2023-06-15T05:37:33.350Z,33.6693333,-116.7575,13.47,0.3,ml,19,103,0.05519,0.13,ci,ci40486328,2023-06-15T20:44:25.441Z,"9km SSW of Idyllwild, CA",earthquake,0.32,0.47,0.189,3,reviewed,ci,ci
2023-06-15T05:37:00.032Z,63.0755,-151.1158,6.9,1,ml,,,,0.51,ak,ak0237mmephx,2023-06-19T16:17:39.406Z,"60 km SSE of Denali National Park, Alaska",earthquake,,0.2,,,reviewed,ak,ak
2023-06-15T05:35:57.070Z,33.6708333,-116.7578333,13.69,0.56,ml,25,106,0.05426,0.12,ci,ci40486320,2023-06-15T16:58:40.470Z,"8km SSW of Idyllwild, CA",earthquake,0.21,0.38,0.156,7,reviewed,ci,ci
2023-06-15T05:35:47.970Z,33.6638333,-116.7451667,12.33,0.07,ml,10,189,0.05382,0.19,ci,ci37549564,2023-06-15T17:07:16.002Z,"9km SSW of Idyllwild, CA",earthquake,0.68,1.36,0.073,4,reviewed,ci,ci
2023-06-15T05:34:56.330Z,33.2506667,-116.3028333,12.49,1.79,ml,76,22,0.07085,0.19,ci,ci40486312,2023-06-15T16:53:18.610Z,"7km E of Borrego Springs, CA",earthquake,0.15,0.45,0.102,47,reviewed,ci,ci
2023-06-15T05:32:37.770Z,44.2648333333333,-115.181666666667,18.08,2.35,ml,16,69,0.8289,0.18,mb,mb90018348,2023-06-15T14:41:19.660Z,"southern Idaho",earthquake,0.46,1.11,0.164914531304746,26,reviewed,mb,mb
2023-06-15T05:21:58.180Z,52.8069,-168.5421,39.7,1.6,ml,,,,0.65,ak,ak0237mmbeiy,2023-06-19T16:17:41.065Z,"26 km SE of Nikolski, Alaska",earthquake,,1.4,,,reviewed,ak,ak
2023-06-15T05:19:51.790Z,35.8328333,-117.8013333,3.02,0.7,ml,12,113,0.03827,0.13,ci,ci40486304,2023-06-15T16:39:21.801Z,"15km SE of Little Lake, CA",earthquake,0.27,0.72,0.034,3,reviewed,ci,ci
2023-06-15T05:17:45.900Z,19.32200050354,-155.754165649414,8.82999992370605,1.83000004,md,32,106,,0.209999993,hv,hv73451502,2023-06-15T05:20:48.580Z,"18 km SE of Honaunau-Napoopoo, Hawaii",earthquake,0.51,0.560000002,0.910000026,8,automatic,hv,hv
2023-06-15T05:12:25.210Z,46.560833333333335,-119.5465,15.47,0.79,ml,16,87,0.07435,0.08,uw,uw61933431,2023-06-15T16:59:07.860Z,"30 km W of Basin City, Washington",earthquake,0.28,0.52,0.13093586968943327,13,reviewed,uw,uw
2023-06-15T05:11:55.785Z,61.5928,-148.2883,16.7,0.9,ml,,,,0.52,ak,ak0237mm98z9,2023-06-19T16:17:39.221Z,"24 km SSE of Chickaloon, Alaska",earthquake,,0.4,,,reviewed,ak,ak
2023-06-15T05:01:28.740Z,36.5505,-121.1301667,2.62,1.53,md,26,116,0.02235,0.13,nc,nc73901271,2023-06-15T19:42:16.008Z,"2km NNE of Pinnacles, CA",earthquake,0.29,0.38,0.181,24,reviewed,nc,nc
2023-06-15T04:59:13.202Z,63.2741,-151.3614,5.9,1.4,ml,,,,0.56,ak,ak0237mly0mw,2023-06-19T16:17:39.014Z,"34 km SSE of Denali National Park, Alaska",earthquake,,0.2,,,reviewed,ak,ak
2023-06-15T04:52:56.574Z,60.3715,-147.7421,13.9,1.9,ml,,,,0.58,ak,ak0237mlwlw8,2023-06-19T16:17:38.787Z,"37 km NNE of Chenega, Alaska",earthquake,,0.5,,,reviewed,ak,ak
2023-06-15T04:49:18.925Z,51.8658,-179.9325,125.7,3.3,ml,,,,0.56,ak,ak0237mlvvvu,2023-06-19T16:17:38.535Z,"227 km W of Adak, Alaska",earthquake,,0.2,,,reviewed,ak,ak
2023-06-15T04:44:09.140Z,35.6483333,-118.3161667,7.52,1.7,ml,24,69,0.05499,0.15,ci,ci40486288,2023-06-15T13:16:00.250Z,"14km ESE of Wofford Heights, CA",earthquake,0.24,0.57,0.241,21,reviewed,ci,ci
2023-06-15T04:35:13.510Z,33.9708333,-118.4236667,10.59,1.29,ml,23,106,0.01373,0.19,ci,ci40486280,2023-06-15T16:37:42.183Z,"3km ESE of Marina del Rey, CA",earthquake,0.33,0.42,0.19,18,reviewed,ci,ci
2023-06-15T04:30:51.042Z,11.6476,142.1888,34.38,4.8,mb,38,111,5.002,0.5,us,us7000k8lf,2023-06-16T01:56:44.040Z,"276 km NE of Fais, Micronesia",earthquake,11.48,5.845,0.055,103,reviewed,us,us
2023-06-15T04:20:35.930Z,38.7806664,-122.7651672,1.65,1.04,md,16,78,0.009941,0.03,nc,nc73901261,2023-06-15T04:42:13.518Z,"1km WNW of The Geysers, CA",earthquake,0.27,0.5,0.11,15,automatic,nc,nc
2023-06-15T04:11:15.220Z,33.4775,-116.4798333,3.16,1.23,ml,57,78,0.06436,0.2,ci,ci40486256,2023-06-15T16:29:48.750Z,"20km ESE of Anza, CA",earthquake,0.17,0.49,0.135,25,reviewed,ci,ci
2023-06-15T03:51:40.730Z,44.2791666666667,-115.164333333333,7.2,1.89,ml,10,68,0.8146,0.18,mb,mb90018343,2023-06-15T14:17:01.270Z,"19 km WNW of Stanley, Idaho",earthquake,0.61,1.35,0.187442217440261,7,reviewed,mb,mb
2023-06-15T03:43:06.373Z,61.0508,-150.2823,49.7,1.1,ml,,,,0.27,ak,ak0237ml954g,2023-06-19T16:17:38.337Z,"26 km ENE of Point Possession, Alaska",earthquake,,0.5,,,reviewed,ak,ak
2023-06-15T03:21:30.791Z,32.6717,94.302,17.406,4.5,mb,52,76,4.02,0.5,us,us7000k8ky,2023-06-16T01:05:11.040Z,"249 km ENE of Nagqu, China",earthquake,9.71,4.821,0.093,34,reviewed,us,us
2023-06-15T03:10:26.516Z,62.8056,-148.9698,65.7,2.9,ml,,,,0.53,ak,ak0237ml2419,2023-06-19T16:17:37.975Z,"65 km S of Cantwell, Alaska",earthquake,,0.2,,,reviewed,ak,ak
2023-06-15T03:07:51.930Z,38.8236667,-122.8498333,2.8,1.88,md,52,32,0.006726,0.07,nc,nc73901251,2023-06-15T19:15:13.841Z,"10km WNW of The Geysers, CA",earthquake,0.16,0.24,0.161,48,reviewed,nc,nc
2023-06-15T03:07:23.800Z,58.2478333333333,-155.146,33.52,0.35,ml,10,132,,0.17,av,av91107523,2023-06-15T20:40:47.720Z,"85 km NNW of Karluk, Alaska",earthquake,0.58,0.74,0.2655902731669,9,reviewed,av,av
2023-06-15T03:06:56.910Z,58.2575,-155.147666666667,31.96,0.27,ml,9,129,,0.06,av,av91107508,2023-06-15T20:17:57.360Z,"86 km NNW of Karluk, Alaska",earthquake,0.36,0.54,0.27542764810162,8,reviewed,av,av
2023-06-15T03:06:02.840Z,58.2518333333333,-155.149666666667,32.76,0.1,ml,9,130,,0.14,av,av91107503,2023-06-15T20:11:29.170Z,"",earthquake,0.87,0.98,0.359656422505936,8,reviewed,av,av
2023-06-15T03:05:26.050Z,18.037,-66.7865,15.54,2.34,md,7,148,0.1076,0.18,pr,pr71413508,2023-06-15T03:20:06.150Z,"2 km NNE of Guayanilla, Puerto Rico",earthquake,0.59,1.61,0.06812959833427,5,reviewed,pr,pr
2023-06-15T03:03:43.060Z,37.239,-121.6148333,6.94,1.86,md,61,44,0.05061,0.09,nc,nc73901246,2023-06-15T18:49:15.681Z,"13km NNE of Morgan Hill, CA",earthquake,0.13,0.26,0.215,54,reviewed,nc,nc
2023-06-15T02:59:56.820Z,36.5436667,-121.1316667,3.55,1.43,md,26,110,0.01606,0.11,nc,nc73901241,2023-06-15T19:12:11.821Z,"2km NE of Pinnacles, CA",earthquake,0.24,0.39,0.123,21,reviewed,nc,nc
2023-06-15T02:40:11.850Z,46.22516666666667,-119.60166666666667,7.17,1.02,ml,11,146,0.06046,0.05,uw,uw61933411,2023-06-15T16:55:11.670Z,"Washington",earthquake,0.47,0.22,0.09440681085768043,9,reviewed,uw,uw
2023-06-15T02:22:21.740Z,33.336,-116.3611667,9.84,0.77,ml,27,162,0.01051,0.2,ci,ci40486232,2023-06-15T16:17:23.323Z,"9km N of Borrego Springs, CA",earthquake,0.38,0.56,0.096,9,reviewed,ci,ci
2023-06-15T02:20:02.900Z,63.4383,-147.7321,13.2,0.8,ml,,,,0.61,ak,ak0237mkirp4,2023-06-19T16:17:37.756Z,"61 km E of Cantwell, Alaska",earthquake,,0.2,,,reviewed,ak,ak
2023-06-15T02:19:23.281Z,13.7495,120.7447,112,6.2,mww,129,24,9.025,0.56,us,us7000k8jz,2023-06-17T07:02:03.914Z,"11 km SSE of Hukay, Philippines",earthquake,7.87,1.845,0.034,84,reviewed,us,us
2023-06-15T02:03:39.333Z,36.648,-116.2747,6.4,-0.4,ml,11,199.3,0.052,0.0815,nn,nn00861412,2023-06-19T18:05:22.174Z,"52 km SE of Beatty, Nevada",earthquake,,1.7,0.03,2,reviewed,nn,nn
2023-06-15T01:53:45.131Z,62.9429,-149.5751,70.5,1,ml,,,,0.37,ak,ak0237mk4i0h,2023-06-19T16:17:40.874Z,"59 km SSW of Cantwell, Alaska",earthquake,,0.2,,,reviewed,ak,ak
2023-06-15T01:46:32.022Z,-29.2921,-176.94,35,5.1,mb,68,64,0.857,0.59,us,us7000k8ju,2023-06-15T23:49:40.040Z,"Kermadec Islands region",earthquake,9.48,1.863,0.048,138,reviewed,us,us
2023-06-15T01:46:20.460Z,36.1965,-89.4495,9.09,1.7,md,22,48,0.04105,0.05,nm,nm60529586,2023-06-20T17:40:29.550Z,"8 km SSE of Ridgely, Tennessee",earthquake,0.21,0.49,0.0668380398474555,15,reviewed,nm,nm
2023-06-15T01:42:58.190Z,33.5503333,-116.4133333,10.58,0.54,ml,21,116,0.02878,0.09,ci,ci40486216,2023-06-15T16:07:17.251Z,"16km SW of La Quinta, CA",earthquake,0.18,0.29,0.111,9,reviewed,ci,ci
2023-06-15T01:34:05.380Z,37.4723333,-118.8461667,6.46,1.1,md,20,170,0.1183,0.03,nc,nc73901221,2023-06-15T20:17:20.207Z,"18km SW of Toms Place, CA",earthquake,0.55,1.18,0.087,14,reviewed,nc,nc
2023-06-15T01:31:54.587Z,60.146,-151.5075,7.4,1.2,ml,,,,0.69,ak,ak0237mjzssv,2023-06-19T16:17:37.561Z,"11 km SSW of Clam Gulch, Alaska",earthquake,,0.5,,,reviewed,ak,ak
2023-06-15T01:29:33.596Z,59.4127,-154.2678,4.1,1.5,ml,,,,0.91,ak,ak0237mjzc13,2023-06-19T16:17:37.349Z,"20 km SE of Pope-Vannoy Landing, Alaska",earthquake,,0.4,,,reviewed,ak,ak
2023-06-15T01:25:48.425Z,59.6105,-152.3376,63.6,2,ml,,,,0.66,ak,ak0237mjyi6k,2023-06-19T16:17:36.910Z,"33 km WSW of Anchor Point, Alaska",earthquake,,0.3,,,reviewed,ak,ak
2023-06-15T01:25:44.362Z,63.1652,-150.8968,127.8,1.4,ml,,,,0.34,ak,ak0237mjyhue,2023-06-19T16:17:37.140Z,"58 km SE of Denali National Park, Alaska",earthquake,,0.3,,,reviewed,ak,ak
2023-06-15T01:13:05.542Z,33.5871,141.1257,35,4.4,mb,29,130,1.195,1,us,us7000k8jq,2023-06-15T23:30:46.040Z,"188 km SSE of Katsuura, Japan",earthquake,4.93,1.926,0.135,16,reviewed,us,us
2023-06-15T01:09:56.368Z,-9.1854,123.8442,35,4.7,mb,40,54,8.025,0.69,us,us7000k8jp,2023-06-15T22:53:05.040Z,"",earthquake,8.71,1.916,0.101,30,reviewed,us,us
2023-06-15T01:08:10.350Z,58.256,-155.142666666667,32.54,-0.03,ml,11,96,,0.23,av,av91107493,2023-06-15T19:44:51.930Z,"86 km NNW of Karluk, Alaska",earthquake,0.77,1.08,0.303229433157606,10,reviewed,av,av
2023-06-15T01:06:10.044Z,60.2583,-151.174,57.1,1.6,ml,,,,0.52,ak,ak0237mjucmy,2023-06-19T16:17:36.686Z,"10 km SSE of Kasilof, Alaska",earthquake,,0.3,,,reviewed,ak,ak
2023-06-15T01:06:07.160Z,36.6513,-116.2739,6.9,-0.3,ml,7,194.18,0.053,0.0695,nn,nn00861411,2023-06-19T17:59:10.600Z,"51 km ESE of Beatty, Nevada",earthquake,,3.3,0.02,2,reviewed,nn,nn
2023-06-15T01:05:15.430Z,58.268,-155.132,32.25,-0.28,ml,8,88,,0.07,av,av91107488,2023-06-15T19:35:13.600Z,"Alaska Peninsula",earthquake,0.48,0.61,0.273833557397014,7,reviewed,av,av
2023-06-15T01:03:53.210Z,38.7813339,-122.7578354,1.13,0.72,md,10,71,0.01227,0.02,nc,nc73901211,2023-06-15T01:24:14.380Z,"0km NNW of The Geysers, CA",earthquake,0.26,0.62,0.4,9,automatic,nc,nc
2023-06-15T01:03:01.970Z,58.2623333333333,-155.145,33.11,0.34,ml,11,92,,0.15,av,av91926211,2023-06-15T19:08:45.480Z,"87 km NNW of Karluk, Alaska",earthquake,0.5,0.8,0.26645610353663,10,reviewed,av,av
2023-06-15T00:59:50.980Z,58.2458333333333,-155.155333333333,32.32,-0.16,ml,9,166,,0.08,av,av91107473,2023-06-15T18:33:38.320Z,"86 km NNW of Karluk, Alaska",earthquake,0.73,0.49,0.320943251835704,9,reviewed,av,av
2023-06-15T00:59:17.413Z,53.9213,-166.5309,6.7,0.6,ml,,,,0.51,ak,ak0237mjkak9,2023-06-19T16:17:36.492Z,"3 km NNE of Dutch Harbor, Alaska",earthquake,,25.1,,,reviewed,ak,ak
2023-06-15T00:57:20.856Z,60.2546,-151.1554,57.3,3,ml,,,,0.86,ak,ak0237mjjvde,2023-06-19T16:17:36.131Z,"11 km SE of Kasilof, Alaska",earthquake,,0.2,,,reviewed,ak,ak
2023-06-15T00:45:25.390Z,58.2745,-155.131666666667,31.43,-0.25,ml,11,85,,0.15,av,av91107468,2023-06-15T18:07:00.820Z,"88 km NNW of Karluk, Alaska",earthquake,0.77,0.76,0.284384891072157,10,reviewed,av,av
2023-06-15T00:43:28.010Z,19.3304996490479,-155.227493286133,25.5599994659424,2.02999997,md,40,61,,0.109999999,hv,hv73451352,2023-06-15T00:46:36.630Z,"12 km S of Volcano, Hawaii",earthquake,0.55,0.529999971,0.560000002,19,automatic,hv,hv
2023-06-15T00:38:07.318Z,51.667,179.8862,96.1,3.3,ml,,,,0.63,ak,ak0237mjfrt2,2023-06-19T16:17:35.879Z,"241 km W of Adak, Alaska",earthquake,,0.4,,,reviewed,ak,ak
2023-06-15T00:36:31.708Z,63.2283,-150.6282,119.6,2,ml,,,,0.61,ak,ak0237mjfe6c,2023-06-19T16:17:35.597Z,"64 km ESE of Denali National Park, Alaska",earthquake,,0.4,,,reviewed,ak,ak
2023-06-15T00:33:59.050Z,34.208,-118.0136667,14.45,2.2,ml,83,28,0.04015,0.19,ci,ci40486168,2023-06-15T15:57:11.430Z,"6km NE of Sierra Madre, CA",earthquake,0.15,0.3,0.196,97,reviewed,ci,ci
2023-06-15T00:24:25.439Z,37.1466,-116.4937,10.3,0.6,ml,17,107.88,0.145,0.1976,nn,nn00861238,2023-06-15T14:58:13.715Z,"35 km NE of Beatty, Nevada",earthquake,,2.4,0.27,7,reviewed,nn,nn
2023-06-15T00:20:05.250Z,36.5491667,-121.1266667,2.89,1.5,md,26,115,0.02286,0.1,nc,nc73901206,2023-06-15T19:42:16.135Z,"2km NE of Pinnacles, CA",earthquake,0.25,0.33,0.169,22,reviewed,nc,nc
2023-06-15T00:08:26.220Z,33.8898333,-116.2705,7.01,0.9,ml,17,91,0.08822,0.19,ci,ci40486152,2023-06-15T15:04:38.429Z,"14km NE of Thousand Palms, CA",earthquake,0.36,1.13,0.065,5,reviewed,ci,ci
2023-06-15T00:01:58.421Z,-29.2915,-177.1798,50.581,5,mb,50,121,0.648,0.67,us,us7000k8jh,2023-06-16T13:37:31.040Z,"",earthquake,8.96,6.467,0.076,55,reviewed,us,us
2023-06-14T23:58:57.958Z,23.5519,121.5229,28.815,4.4,mb,37,85,0.261,0.75,us,us7000k8jg,2023-06-15T02:39:44.792Z,"",earthquake,2.43,5.483,0.143,14,reviewed,us,us
2023-06-14T23:54:10.330Z,33.1478333,-115.9775,7.66,1.81,ml,60,36,0.02559,0.18,ci,ci40486136,2023-06-15T14:58:04.300Z,"14km E of Ocotillo Wells, CA",earthquake,0.15,0.39,0.13,46,reviewed,ci,ci
2023-06-14T23:52:42.330Z,33.8965,-116.2728333,7.27,0.83,ml,12,99,0.08759,0.13,ci,ci40486144,2023-06-15T14:30:09.826Z,"14km NE of Thousand Palms, CA",earthquake,0.31,1.18,0.061,6,reviewed,ci,ci
2023-06-14T23:49:38.680Z,38.8371658,-122.7943344,2.48,0.28,md,8,84,0.003355,0.02,nc,nc73901201,2023-06-15T00:08:15.942Z,"6km WNW of Cobb, CA",earthquake,0.48,1.05,0.16,8,automatic,nc,nc
2023-06-14T23:45:15.822Z,61.5804,-148.0021,2.8,0.7,ml,,,,0.8,ak,ak0237l9mwuk,2023-06-18T06:49:49.073Z,"31 km SW of Glacier View, Alaska",earthquake,,0.4,,,reviewed,ak,ak
2023-06-14T23:41:32.120Z,63.5568,-148.2435,1.8,0.9,ml,,,,0.38,ak,ak0237l9m38d,2023-06-18T06:49:48.886Z,"38 km ESE of Denali Park, Alaska",earthquake,,0.3,,,reviewed,ak,ak
2023-06-14T23:41:28.370Z,47.495,-112.691666666667,22.44,1.3,ml,15,154,0.2859,0.1,mb,mb90018328,2023-06-15T14:10:19.130Z,"Western Montana",earthquake,0.56,1.94,0.163158838506307,5,reviewed,mb,mb
2023-06-14T23:40:07.980Z,53.9138333333333,-166.676333333333,4.75,-0.59,ml,4,194,,0.07,av,av91926156,2023-06-27T01:29:06.150Z,"",earthquake,0.51,0.73,0.166273207164745,4,reviewed,av,av
2023-06-14T23:40:04.560Z,46.6341666666667,-113.262,4.25,0.97,ml,10,118,0.2343,0.11,mb,mb90018368,2023-06-15T16:29:46.840Z,"9 km WSW of Drummond, Montana",earthquake,0.46,8.86,0.224180878503627,4,reviewed,mb,mb
2023-06-14T23:34:55.634Z,51.5523,-178.5124,11.7,1.9,ml,,,,0.45,ak,ak0237l9kn17,2023-06-27T01:24:08.060Z,"134 km WSW of Adak, Alaska",earthquake,,0.2,,,reviewed,ak,ak
2023-06-14T23:33:27.667Z,39.6194,-119.9678,5.7,1.1,ml,5,120.25,0.013,0.0963,nn,nn00861296,2023-06-16T17:18:19.077Z,"Nevada",earthquake,,1.8,0.4,5,reviewed,nn,nn
2023-06-14T23:30:22.780Z,46.81816666666667,-121.95066666666666,6.25,-0.35000000000000003,md,14,185,0.0236,0.1,uw,uw61933386,2023-06-16T05:58:29.230Z,"9 km NE of Ashford, Washington",earthquake,0.5,0.44,0.27340856699781446,14,reviewed,uw,uw
2023-06-14T23:18:00.729Z,64.3418,-163.6093,10.8,2,ml,,,,0.62,ak,ak0237l9h3c8,2023-06-18T06:49:51.426Z,"35 km SW of Golovin, Alaska",earthquake,,0.3,,,reviewed,ak,ak
2023-06-14T23:17:49.744Z,64.7315,-149.5231,18.1,0.7,ml,,,,0.42,ak,ak0237l9gzjp,2023-06-18T06:49:48.693Z,"24 km NW of Four Mile Road, Alaska",earthquake,,0.2,,,reviewed,ak,ak
2023-06-14T23:15:59.900Z,33.5915,-117.257,15.1,1.03,ml,32,51,0.05208,0.16,ci,ci40486112,2023-06-15T14:21:26.482Z,"2km ESE of Wildomar, CA",earthquake,0.23,0.44,0.159,13,reviewed,ci,ci
2023-06-14T23:14:35.360Z,46.219166666666666,-119.6015,7.12,0.47000000000000003,ml,10,149,0.05961,0.06,uw,uw61933376,2023-06-16T05:46:50.060Z,"Washington",earthquake,0.55,0.24,0.08529657584015266,5,reviewed,uw,uw
2023-06-14T23:13:35.503Z,65.0035,-147.1365,0,0.9,ml,,,,0.19,ak,ak0237l9g35k,2023-06-18T06:49:48.506Z,"northern Alaska",explosion,,0,,,reviewed,ak,ak
2023-06-14T23:10:41.198Z,57.4523,-154.6365,31.2,1.9,ml,,,,0.4,ak,ak0237l9fgtu,2023-06-18T06:49:48.299Z,"16 km SW of Karluk, Alaska",earthquake,,0.6,,,reviewed,ak,ak
2023-06-14T23:08:46.470Z,58.2601666666667,-155.093833333333,4.35,0.11,ml,9,146,,0.18,av,av91926131,2023-06-27T01:15:03.070Z,"85 km NNW of Karluk, Alaska",earthquake,0.45,0.63,0.173093037779753,9,reviewed,av,av
2023-06-14T23:07:02.278Z,64.9705,-150.8649,12.2,1.6,ml,,,,0.59,ak,ak0237l9eqoe,2023-06-18T06:49:48.094Z,"11 km WSW of Manley Hot Springs, Alaska",earthquake,,0.1,,,reviewed,ak,ak
2023-06-14T23:04:12.270Z,33.6535,-116.7665,12.33,0.23,ml,16,112,0.05969,0.08,ci,ci40486104,2023-06-14T23:16:35.351Z,"11km SSW of Idyllwild, CA",earthquake,0.25,0.41,0.095,7,reviewed,ci,ci
2023-06-14T23:03:58.710Z,36.5506667,-121.129,3.67,1.28,md,23,93,0.02299,0.1,nc,nc73901196,2023-06-15T19:21:15.883Z,"2km NNE of Pinnacles, CA",earthquake,0.27,0.4,0.162,20,reviewed,nc,nc
2023-06-14T22:59:46.150Z,45.82516666666667,-122.46816666666666,-0.93,1.58,ml,8,289,0.1127,0.11,uw,uw61933366,2023-06-16T05:36:27.230Z,"Washington-Oregon border region",explosion,1.92,31.61,0.11946189827546572,5,reviewed,uw,uw
2023-06-14T22:51:24.480Z,46.220333333333336,-119.5995,7.03,0.64,ml,8,213,0.06113,0.07,uw,uw61933361,2023-06-16T05:23:14.590Z,"9 km WSW of Benton City, Washington",earthquake,0.67,0.31,0.1094087761484876,6,reviewed,uw,uw
2023-06-14T22:51:07.262Z,39.6153,-119.9742,5.6,1.4,ml,11,110.94,0.013,0.1834,nn,nn00861295,2023-06-16T17:15:13.147Z,"Nevada",earthquake,,1.5,0.26,7,reviewed,nn,nn
2023-06-14T22:50:17.260Z,35.12466667,-97.72066667,5.83,0.96,ml,28,85,0.1007802235,0.34,ok,ok2023lpjs,2023-06-20T17:55:37.649Z,"Oklahoma",earthquake,,0.9,0.14,9,reviewed,ok,ok
2023-06-14T22:45:44.293Z,62.079,-150.4944,14.3,1,ml,,,,0.59,ak,ak0237l91jcw,2023-06-18T06:49:47.888Z,"",earthquake,,0.3,,,reviewed,ak,ak
2023-06-14T22:38:46.693Z,31.36238202,-103.6651269,7.905419922,1.6,ml,19,33,0.1099441331,0.2,tx,tx2023lpjj,2023-06-16T12:05:48.775Z,"12 km W of Lindsay, Texas",earthquake,1.045218588,1.889650724,0.1,15,reviewed,tx,tx
2023-06-14T22:27:42.300Z,46.223166666666664,-119.599,6.83,1.11,ml,14,211,0.06189,0.07,uw,uw61933351,2023-06-16T05:00:12.450Z,"",earthquake,0.5,0.21,0.10723317747313721,9,reviewed,uw,uw
2023-06-14T22:22:48.220Z,35.8396667,-121.5566667,4.47,1.53,md,22,209,0.1715,0.17,nc,nc73901186,2023-06-15T22:28:11.935Z,"20km S of Lopez Point, CA",earthquake,0.47,1.69,0.166,21,reviewed,nc,nc
2023-06-14T22:18:50.400Z,46.222,-119.60466666666667,7.21,0.54,ml,9,233,0.05782,0.04,uw,uw61933341,2023-06-16T04:56:55.430Z,"10 km WSW of Benton City, Washington",earthquake,1,0.21,0.028960878850889105,5,reviewed,uw,uw
2023-06-14T22:14:53.190Z,46.218666666666664,-119.59716666666667,7.01,0.65,ml,8,238,0.06255,0.05,uw,uw61933326,2023-06-15T22:38:18.410Z,"9 km WSW of Benton City, Washington",earthquake,1.24,0.35,0.15934805432893606,6,reviewed,uw,uw
2023-06-14T21:53:20.727Z,53.6343,-165.4905,62.9,1.2,ml,,,,0.3,ak,ak0237l8hrqg,2023-06-18T06:49:51.229Z,"58 km SSE of Akutan, Alaska",earthquake,,2.7,,,reviewed,ak,ak
2023-06-14T21:40:34.310Z,34.377,-96.85583333,0,1.46,ml,59,141,0.3572298993,0.44,ok,ok2023lphk,2023-06-20T12:57:38.693Z,"4 km SW of Mill Creek, Oklahoma",quarry blast,,0.5,0.22,19,reviewed,ok,ok
2023-06-14T21:40:14.404Z,12.0545,-86.7724,91.148,4.8,mb,64,136,0.521,0.85,us,us7000k8iy,2023-06-16T02:02:14.304Z,"30 km WNW of Villa El Carmen, Nicaragua",earthquake,5.84,5.204,0.03,348,reviewed,us,us
2023-06-14T21:34:39.377Z,63.7453,-149.5555,115,1.1,ml,,,,0.28,ak,ak0237l8dqkh,2023-06-18T06:49:51.037Z,"31 km WSW of Healy, Alaska",earthquake,,0.5,,,reviewed,ak,ak
2023-06-14T21:16:08.690Z,33.5135,-116.7598333,10.97,0.24,ml,16,93,0.04183,0.08,ci,ci40485976,2023-06-14T22:28:06.973Z,"9km WSW of Anza, CA",earthquake,0.23,0.44,0.146,7,reviewed,ci,ci
2023-06-14T21:05:46.060Z,37.4446667,-118.6596667,3.02,1.13,md,7,117,0.1193,0.03,nc,nc73901176,2023-06-15T21:33:14.621Z,"6km WNW of Round Valley, CA",earthquake,0.96,31.61,0.281,8,reviewed,nc,nc
2023-06-14T21:04:32.060Z,33.7043333,-117.3371667,-0.53,1.61,ml,36,58,0.03079,0.23,ci,ci40485960,2023-06-14T22:24:13.446Z,"4km NNW of Lake Elsinore, CA",quarry blast,0.3,31.61,0.145,24,reviewed,ci,ci
2023-06-14T20:56:12.290Z,58.2271666666667,-155.161333333333,4.41,-0.38,ml,7,123,,0.26,av,av91926096,2023-06-27T01:08:05.170Z,"84 km NNW of Karluk, Alaska",earthquake,0.7,1.34,0.186364568348781,7,reviewed,av,av
2023-06-14T20:44:55.350Z,52.7186666666667,-169.581166666667,3.05,0.5,ml,4,240,,0.31,av,av91926091,2023-06-27T00:57:39.090Z,"54 km WSW of Nikolski, Alaska",earthquake,3.33,1.98,0.409477015812276,4,reviewed,av,av
2023-06-14T20:38:48.107Z,-17.7727,-178.6371,555.499,4.3,mb,33,76,3.154,0.74,us,us7000ka44,2023-06-22T16:00:31.040Z,"219 km E of Levuka, Fiji",earthquake,8.31,8.184,0.125,18,reviewed,us,us
2023-06-14T20:29:41.340Z,37.1418333,-121.1641667,6.46,1.55,md,24,53,0.08106,0.18,nc,nc73901171,2023-06-15T07:30:12.500Z,"20km SW of Gustine, CA",earthquake,0.42,1.23,0.167,19,reviewed,nc,nc
2023-06-14T20:24:59.750Z,62.8298,-151.5787,2.8,0.9,ml,,,,0.39,ak,ak0237l7q7c1,2023-06-18T06:49:47.689Z,"55 km NW of Petersville, Alaska",earthquake,,0.2,,,reviewed,ak,ak
2023-06-14T20:21:09.262Z,57.1348,-155.8146,5.6,2,ml,,,,0.58,ak,ak0237l7pgft,2023-06-18T06:49:47.486Z,"95 km WSW of Karluk, Alaska",earthquake,,0.5,,,reviewed,ak,ak
2023-06-14T20:18:29.004Z,67.2197,-143.2057,11,1.5,ml,,,,0.31,ak,ak0237l7ouz7,2023-06-18T06:49:47.300Z,"66 km NNE of Chalkyitsik, Alaska",earthquake,,0.3,,,reviewed,ak,ak
2023-06-14T20:18:14.066Z,59.8162,-152.6861,92.7,1.7,ml,,,,0.53,ak,ak0237l7oudp,2023-06-18T06:49:47.052Z,"48 km W of Anchor Point, Alaska",earthquake,,0.2,,,reviewed,ak,ak
2023-06-14T20:11:45.716Z,61.7593,-150.038,37,1.4,ml,,,,0.55,ak,ak0237l7ndvd,2023-06-18T06:49:46.833Z,"1 km N of Willow, Alaska",earthquake,,0.5,,,reviewed,ak,ak
2023-06-14T20:06:27.730Z,62.6702,-149.4557,66.3,1,ml,,,,0.4,ak,ak0237l7ma0l,2023-06-18T06:49:50.836Z,"41 km NE of Chase, Alaska",earthquake,,0.4,,,reviewed,ak,ak
2023-06-14T19:59:01.840Z,33.6435,-116.75,12.6,0.2,ml,10,122,0.05105,0.07,ci,ci40485920,2023-06-14T22:45:16.242Z,"11km SSW of Idyllwild, CA",earthquake,0.29,0.52,0.142,3,reviewed,ci,ci
2023-06-14T19:56:02.399Z,-29.4731,-176.8014,10,4.6,mb,31,214,0.999,0.93,us,us7000ka42,2023-06-22T15:48:25.040Z,"",earthquake,8.86,1.845,0.146,14,reviewed,us,us
2023-06-14T19:38:16.030Z,45.8061666666667,-113.7535,5.01,1.03,ml,9,189,0.5615,0.18,mb,mb90018308,2023-06-14T22:13:23.050Z,"Idaho-Montana border region",earthquake,1.42,12.76,0.0548938987876355,6,reviewed,mb,mb
2023-06-14T19:36:28.429Z,-20.4174,-178.1588,561.517,4.3,mb,34,72,2.864,0.76,us,us7000k8hf,2023-06-22T15:29:53.040Z,"",earthquake,14.46,7.794,0.126,18,reviewed,us,us
2023-06-14T19:36:16.490Z,38.8388329,-122.8233337,1.86,0.68,md,13,88,0.009494,0.01,nc,nc73901166,2023-06-14T20:09:16.584Z,"9km WNW of Cobb, CA",earthquake,0.28,0.66,0.45,13,automatic,nc,nc
2023-06-14T19:34:31.457Z,61.5517,-151.6111,1.8,1.7,ml,,,,0.48,ak,ak0237l76uqp,2023-06-18T06:49:46.604Z,"50 km SSW of Skwentna, Alaska",earthquake,,0.2,,,reviewed,ak,ak
2023-06-14T19:23:08.795Z,31.64324205,-103.9799828,7.005639647999999,1.7,ml,14,56,0.03986819981,0.1,tx,tx2023lpcw,2023-06-15T17:56:32.200Z,"36 km W of Mentone, Texas",earthquake,1.504643655,1.215932636,0.1,7,reviewed,tx,tx
2023-06-14T19:20:17.469Z,51.1945,179.1044,29.556,2.9,ml,17,260,0.222,0.4,us,us7000k8ip,2023-06-22T15:24:59.040Z,"",earthquake,7.05,11.389,0.097,14,reviewed,us,us
2023-06-14T19:07:14.964Z,52.7173,157.2128,191.932,4.2,mb,63,112,0.49,0.55,us,us7000k8h6,2023-06-22T15:25:43.040Z,"Kamchatka Peninsula, Russia",earthquake,12.41,5.177,0.084,39,reviewed,us,us
2023-06-14T19:01:00.942Z,31.95696747,-103.3504654,7.288427734,2.9,ml,27,78,0.03151553527,0.2,tx,tx2023lpcd,2023-06-22T15:13:39.040Z,"22 km SW of Jal, New Mexico",earthquake,1.346907562,1.113995601,0.1,14,reviewed,tx,tx
2023-06-14T18:59:49.450Z,34.992,-118.1891667,-0.91,1.23,ml,18,57,0.1175,0.27,ci,ci40485864,2023-06-14T22:33:15.081Z,"7km SSW of Mojave, CA",quarry blast,0.55,31.61,0.135,24,reviewed,ci,ci
2023-06-14T18:56:38.261Z,51.6235,178.7473,61.6,2,ml,,,,0.27,ak,ak0237l6q5f6,2023-06-18T06:49:50.655Z,"Rat Islands, Aleutian Islands, Alaska",earthquake,,0.4,,,reviewed,ak,ak
2023-06-14T18:54:03.702Z,32.35656738,-101.6894531,7.776611328000001,1.8,ml,31,57,0.04428329182,0.2,tx,tx2023lpbz,2023-06-15T18:17:25.225Z,"19 km S of Ackerly, Texas",earthquake,0.8124450879,0.7489140347,0,6,reviewed,tx,tx
2023-06-14T18:54:00.135Z,52.5359,-169.4677,23.6,1.5,ml,,,,0.4,ak,ak0237l6pn1p,2023-06-18T06:49:50.471Z,"Fox Islands, Aleutian Islands, Alaska",earthquake,,3.1,,,reviewed,ak,ak
2023-06-14T18:48:24.855Z,50.3579,179.1013,10,3.5,ml,21,280,1.03,0.48,us,us7000k9b8,2023-06-22T15:06:39.040Z,"Rat Islands, Aleutian Islands, Alaska",earthquake,6.1,1.996,0.085,18,reviewed,us,us
2023-06-14T18:41:20.372Z,52.7266,-163.8873,13.8,2,ml,,,,0.39,ak,ak0237l6mwat,2023-06-18T06:49:50.262Z,"200 km SE of Akutan, Alaska",earthquake,,1.7,,,reviewed,ak,ak
2023-06-14T18:33:30.930Z,34.0345,-116.3251667,9.73,1.2,ml,32,47,0.06401,0.12,ci,ci40485832,2023-06-14T22:01:52.100Z,"11km S of Joshua Tree, CA",earthquake,0.16,0.35,0.117,23,reviewed,ci,ci
2023-06-14T18:33:14.680Z,60.04,-153.092666666667,-0.36,-0.27,ml,4,195,,0.04,av,av91926011,2023-06-27T00:20:30.400Z,"63 km ENE of Pedro Bay, Alaska",earthquake,0.36,1.44,0.440286731967939,4,reviewed,av,av
2023-06-14T18:30:45.657Z,65.2477,-152.1754,9.8,1.8,ml,,,,0.44,ak,ak0237l6klf0,2023-06-18T06:49:45.975Z,"9 km NNW of Tanana, Alaska",earthquake,,0.3,,,reviewed,ak,ak
2023-06-14T18:27:37.580Z,36.5421667,-121.1298333,3.67,1.63,md,21,116,0.01599,0.07,nc,nc73901161,2023-06-14T23:42:17.780Z,"2km NE of Pinnacles, CA",earthquake,0.2,0.32,0.197,21,reviewed,nc,nc
2023-06-14T18:25:50.170Z,36.5495,-121.1291667,3.31,1.35,md,18,122,0.02194,0.11,nc,nc73901156,2023-06-14T21:53:19.159Z,"2km NNE of Pinnacles, CA",earthquake,0.33,0.46,0.105,14,reviewed,nc,nc
2023-06-14T18:25:47.424Z,61.3525,-147.9722,13.9,0.8,ml,,,,0.54,ak,ak0237l6jivr,2023-06-18T06:49:45.787Z,"51 km ESE of Knik River, Alaska",earthquake,,0.2,,,reviewed,ak,ak
2023-06-14T18:24:16.550Z,38.7801666,-122.7668304,1.3,1,md,9,113,0.00947,0.02,nc,nc73901151,2023-06-14T18:51:16.099Z,"1km WNW of The Geysers, CA",earthquake,0.37,0.8,0.13,10,automatic,nc,nc
2023-06-14T18:09:00.710Z,46.206833333333336,-119.60466666666667,8.41,0.56,ml,7,250,0.05733,0.05,uw,uw61933226,2023-06-15T22:34:07.140Z,"10 km SW of Benton City, Washington",earthquake,1.05,1.49,0.0629542554715023,5,reviewed,uw,uw
2023-06-14T18:08:51.247Z,3.5335,126.5933,51.031,4.5,mb,37,105,2.85,0.6,us,us7000k8gx,2023-06-22T14:54:58.040Z,"241 km SSE of Sarangani, Philippines",earthquake,11.84,7.588,0.108,25,reviewed,us,us
2023-06-14T18:06:50.730Z,36.891,-121.6178333,-0.12,1.52,md,21,70,0.02174,0.11,nc,nc73901146,2023-06-15T04:58:24.398Z,"2km E of Aromas, CA",quarry blast,0.23,31.61,0.217,22,reviewed,nc,nc
2023-06-14T18:04:14.630Z,53.9336666666667,-166.554,9.97,0,ml,10,159,,0.22,av,av91926006,2023-06-27T00:23:53.990Z,"4 km N of Dutch Harbor, Alaska",earthquake,0.98,1.42,0.15039678846348,10,reviewed,av,av
2023-06-14T17:57:51.680Z,35.7946667,-117.5921667,6.45,1.35,ml,24,62,0.1411,0.11,ci,ci40485808,2023-06-14T21:56:43.090Z,"17km W of Searles Valley, CA",earthquake,0.18,0.66,0.151,12,reviewed,ci,ci
2023-06-14T17:56:30.700Z,32.7101667,-115.5423333,9.71,2.13,ml,42,63,0.06082,0.22,ci,ci40485800,2023-06-14T21:52:49.550Z,"3km SSW of Heber, CA",earthquake,0.26,0.54,0.224,27,reviewed,ci,ci
2023-06-14T17:54:58.698Z,58.1632,-155.3824,5.9,1.2,ml,,,,0.31,ak,ak0237l64bw9,2023-06-26T23:13:35.620Z,"86 km NW of Karluk, Alaska",earthquake,,0.2,,,reviewed,ak,ak
2023-06-14T17:45:56.793Z,57.9139,-137.8306,13.6,2.4,ml,,,,0.33,ak,ak0237l62edb,2023-06-21T21:11:26.040Z,"93 km WSW of Elfin Cove, Alaska",earthquake,,2.3,,,reviewed,ak,ak
2023-06-14T17:30:11.120Z,40.5226667,-124.406,18.46,1.88,md,23,214,0.07031,0.07,nc,nc73901131,2023-06-17T02:52:14.391Z,"13km WSW of Ferndale, CA",earthquake,0.79,0.32,0.063,13,reviewed,nc,nc
2023-06-14T17:29:12.960Z,44.7001667,-110.6793333,6.59,0.77,md,9,81,0.01265,0.04,uu,uu60542181,2023-06-14T19:34:23.830Z,"30 km S of Mammoth, Wyoming",earthquake,0.47,0.42,0.022,3,reviewed,uu,uu
2023-06-14T17:28:50.350Z,34.577,-118.0271667,9.05,1.06,ml,23,39,0.04987,0.09,ci,ci40485760,2023-06-14T21:37:21.019Z,"7km E of Palmdale, CA",earthquake,0.15,0.36,0.174,14,reviewed,ci,ci
2023-06-14T17:27:24.375Z,37.1367,-115.6383,0,1.1,ml,29,148.89,0.251,0.1112,nn,nn00861218,2023-06-14T21:35:40.287Z,"49 km WSW of Alamo, Nevada",earthquake,,0,0.33,15,reviewed,nn,nn
2023-06-14T17:22:22.016Z,58.2623,-155.122,3.1,1.1,ml,,,,0.49,ak,ak0237l5xe29,2023-06-26T23:00:05.370Z,"Alaska Peninsula",earthquake,,0.1,,,reviewed,ak,ak
2023-06-14T17:22:11.380Z,58.247,-155.154333333333,3.78,0.39,ml,9,106,,0.06,av,av91925991,2023-06-26T23:10:48.840Z,"86 km NNW of Karluk, Alaska",earthquake,0.24,0.46,0.268657233904803,9,reviewed,av,av
2023-06-14T17:21:19.900Z,33.9561667,-117.1113333,16.12,0.98,ml,29,75,0.07911,0.15,ci,ci40485736,2023-06-14T20:13:42.726Z,"6km WSW of Calimesa, CA",earthquake,0.2,0.59,0.136,19,reviewed,ci,ci
2023-06-14T17:21:17.490Z,38.8256683,-122.7961655,2.5,1.1,md,22,55,0.0111,0.02,nc,nc73901126,2023-06-14T19:37:16.415Z,"6km W of Cobb, CA",earthquake,0.21,0.5,0.19,24,automatic,nc,nc
2023-06-14T17:08:42.922Z,58.2037,-155.2996,3.5,0.9,ml,,,,0.47,ak,ak0237l5ufqq,2023-06-26T22:54:40.400Z,"Alaska Peninsula",earthquake,,0.2,,,reviewed,ak,ak
2023-06-14T17:07:01.975Z,-6.1628,152.7864,10,4.2,mb,30,89,2.054,0.88,us,us7000ka40,2023-06-21T20:25:54.040Z,"209 km SSE of Kokopo, Papua New Guinea",earthquake,9.88,1.898,0.124,18,reviewed,us,us
2023-06-14T17:03:37.939Z,57.8827,-137.7636,19.9,2.7,ml,,,,0.62,ak,ak0237l5tcp9,2023-06-21T21:09:54.040Z,"90 km WSW of Elfin Cove, Alaska",earthquake,,1.3,,,reviewed,ak,ak
2023-06-14T16:59:00.700Z,32.6798333,-115.916,10.45,1.12,ml,20,83,0.03265,0.16,ci,ci40485712,2023-06-14T19:43:54.223Z,"10km SE of Ocotillo, CA",earthquake,0.28,0.43,0.11,17,reviewed,ci,ci
2023-06-14T16:58:09.599Z,57.8742,-154.0936,43.8,1.8,ml,,,,0.39,ak,ak0237l5jncj,2023-06-18T06:49:44.772Z,"37 km N of Larsen Bay, Alaska",earthquake,,0.5,,,reviewed,ak,ak
2023-06-14T16:57:51.920Z,47.084833333333336,-122.1055,13.13,0.6900000000000001,ml,15,188,0.09917,0.25,uw,uw61933201,2023-06-15T18:55:49.800Z,"0 km NNW of Crocker, Washington",earthquake,0.82,1.12,0.057862836456958,2,reviewed,uw,uw
2023-06-14T16:53:52.492Z,-29.0312,-176.6069,13.745,5.5,mww,70,59,1.172,0.9,us,us7000k8gg,2023-06-15T16:57:43.500Z,"Kermadec Islands region",earthquake,6.62,4.173,0.08,15,reviewed,us,us
2023-06-14T16:50:32.098Z,24.8795,122.55,22.189,4.3,mb,21,79,0.587,0.74,us,us7000k8gf,2023-06-16T01:30:34.040Z,"64 km NW of Yonakuni, Japan",earthquake,3.34,7.731,0.237,5,reviewed,us,us
2023-06-14T16:49:29.818Z,62.3429,-151.1504,72.7,1.1,ml,,,,0.41,ak,ak0237l5hplf,2023-06-18T06:49:44.559Z,"26 km SW of Petersville, Alaska",earthquake,,0.3,,,reviewed,ak,ak
2023-06-14T16:44:04.563Z,61.7253,-150.1465,38.7,1.1,ml,,,,0.51,ak,ak0237l5gn0o,2023-06-18T06:49:49.840Z,"6 km WSW of Willow, Alaska",earthquake,,0.9,,,reviewed,ak,ak
2023-06-14T16:43:39.514Z,61.4702,-149.4133,23.5,0.9,ml,,,,0.63,ak,ak0237l5ghvf,2023-06-18T06:49:44.370Z,"11 km ESE of Knik-Fairview, Alaska",earthquake,,0.6,,,reviewed,ak,ak
2023-06-14T16:40:28.936Z,61.4546,-149.3459,10.7,1.1,ml,,,,0.8,ak,ak0237l5ftyc,2023-06-18T06:49:44.178Z,"14 km SSW of Gateway, Alaska",earthquake,,0.1,,,reviewed,ak,ak
2023-06-14T16:31:42.214Z,62.158,-152.0876,103.5,1,ml,,,,0.2,ak,ak0237l5dxm5,2023-06-18T06:49:49.456Z,"40 km WNW of Skwentna, Alaska",earthquake,,0.4,,,reviewed,ak,ak
2023-06-14T16:30:38.208Z,53.9117,-161.749,23.2,1.9,ml,,,,0.32,ak,ak0237l5dpl8,2023-06-18T06:49:49.644Z,"133 km SSE of King Cove, Alaska",earthquake,,9.1,,,reviewed,ak,ak
2023-06-14T16:30:07.415Z,51.2149,-178.7375,39.2,1.9,ml,,,,0.54,ak,ak0237l5dn7p,2023-06-18T06:49:49.264Z,"163 km WSW of Adak, Alaska",earthquake,,1.4,,,reviewed,ak,ak
2023-06-14T16:25:59.440Z,58.1856666666667,-155.309833333333,2.51,-0.11,ml,6,238,,0.03,av,av91925961,2023-06-26T21:49:40.880Z,"85 km NW of Karluk, Alaska",earthquake,0.66,0.37,0.300422719252051,6,reviewed,av,av
2023-06-14T16:18:20.490Z,51.8568333333333,-178.05,-1.76,1.16,ml,4,160,,0.23,av,av91925956,2023-06-26T21:47:43.950Z,"97 km W of Adak, Alaska",earthquake,0.63,1.58,0.144710267420406,4,reviewed,av,av
2023-06-14T16:16:55.330Z,37.5485,-118.8805,5.45,0.85,md,17,254,0.05819,0.02,nc,nc73901116,2023-06-14T23:18:13.646Z,"13km SE of Mammoth Lakes, CA",earthquake,0.77,1.29,0.104,15,reviewed,nc,nc
2023-06-14T16:07:21.247Z,53.8608,-166.8918,4.9,1,ml,,,,0.49,ak,ak0237l58qwy,2023-06-26T21:45:45.010Z,"23 km W of Dutch Harbor, Alaska",earthquake,,0.2,,,reviewed,ak,ak
2023-06-14T16:02:51.290Z,46.214333333333336,-119.59416666666667,7.37,0.62,ml,9,222,0.06436,0.08,uw,uw61933156,2023-06-15T18:34:43.160Z,"9 km WSW of Benton City, Washington",earthquake,0.86,0.24,0.0628686901458338,4,reviewed,uw,uw
2023-06-14T15:59:46.950Z,46.22,-119.60033333333334,6.85,0.34,ml,7,213,0.06051,0.08,uw,uw61502663,2023-06-15T18:22:34.690Z,"9 km WSW of Benton City, Washington",earthquake,0.77,0.28,0.03214654283875035,4,reviewed,uw,uw
2023-06-14T15:58:14.020Z,46.20583333333333,-119.61483333333334,9.58,0.31,md,7,230,0.05043,0.07,uw,uw61933146,2023-06-20T17:15:52.760Z,"11 km WSW of Benton City, Washington",earthquake,0.88,0.72,0.0829933481154651,6,reviewed,uw,uw
2023-06-14T15:51:17.650Z,46.246,-119.544,8.46,0.52,ml,7,206,0.08682,0.08,uw,uw61933141,2023-06-15T18:08:15.620Z,"4 km WSW of Benton City, Washington",earthquake,0.48,1.1,0.04603176301290446,5,reviewed,uw,uw
2023-06-14T15:45:21.560Z,58.1845,-155.321833333333,2.42,0.54,ml,9,199,,0.09,av,av91925936,2023-06-26T21:11:55.290Z,"",earthquake,0.32,0.37,0.332860848056988,10,reviewed,av,av
2023-06-14T15:40:20.440Z,58.1896666666667,-155.311833333333,3.3,0.74,ml,12,193,,0.12,av,av91925926,2023-06-26T21:15:53.470Z,"85 km NW of Karluk, Alaska",earthquake,0.43,0.75,0.436726020058566,12,reviewed,av,av
2023-06-14T15:40:14.260Z,38.8320007,-122.815834,1.96,1.09,md,19,52,0.0097,0.05,nc,nc73901106,2023-06-14T15:59:26.010Z,"8km NW of The Geysers, CA",earthquake,0.24,0.47,0.19,21,automatic,nc,nc
2023-06-14T15:33:16.330Z,38.117,-112.817,4.27,0.91,md,12,120,0.1429,0.1,uu,uu60542171,2023-06-14T15:41:28.490Z,"14 km SE of Minersville, Utah",earthquake,0.6,5.46,0.326,6,reviewed,uu,uu
2023-06-14T15:31:51.212Z,61.2621,-149.9715,39.8,2.8,ml,,,,0.72,ak,ak0237l4simt,2023-06-18T09:32:16.816Z,"6 km NW of Anchorage, Alaska",earthquake,,0.4,,,reviewed,ak,ak
2023-06-14T15:30:45.566Z,61.0881,-148.7379,14.7,1.7,ml,,,,0.77,ak,ak0237l4sahe,2023-06-18T09:28:59.002Z,"Southern Alaska",earthquake,,0.6,,,reviewed,ak,ak
2023-06-14T15:30:30.180Z,35.209,-118.6793333,7.57,0.79,ml,8,144,0.02334,0.11,ci,ci40485672,2023-06-14T22:42:08.407Z,"14km E of Arvin, CA",earthquake,0.44,0.65,0.195,2,reviewed,ci,ci
2023-06-14T15:30:01.890Z,53.9303333333333,-166.598166666667,10.23,-0.55,ml,6,269,,0.09,av,av91925916,2023-06-26T21:19:38.000Z,"5 km NW of Dutch Harbor, Alaska",earthquake,0.62,0.55,0.209559667535811,6,reviewed,av,av
2023-06-14T15:29:52.049Z,35.91316667,-95.1505,0,1.42,ml,56,107,0.5731875211,0.45,ok,ok2023love,2023-06-20T13:16:46.586Z,"2 km SSW of Hulbert, Oklahoma",quarry blast,,0.5,0.14,14,reviewed,ok,ok
2023-06-14T15:29:37.743Z,-35.732,-73.5752,23.434,4.2,mb,29,198,1.06,0.78,us,us7000k8fg,2023-06-16T02:25:44.040Z,"Off the coast of Maule, Chile",earthquake,5.44,8.91,0.305,3,reviewed,us,us
2023-06-14T15:27:37.200Z,58.1845,-155.313833333333,2.59,0.31,ml,9,197,,0.08,av,av91925911,2023-06-26T21:39:57.810Z,"85 km NW of Karluk, Alaska",earthquake,0.33,0.36,0.289173794450903,10,reviewed,av,av
2023-06-14T15:25:24.050Z,58.1873333333333,-155.3265,3.78,0.52,ml,9,199,,0.09,av,av91925906,2023-06-26T21:31:09.150Z,"86 km NW of Karluk, Alaska",earthquake,0.37,0.67,0.356421508747622,9,reviewed,av,av
2023-06-14T15:21:44.096Z,31.6712923,-104.3644586,6.131567383,2.1,ml,29,68,0.05314812138,0.2,tx,tx2023louy,2023-06-15T16:37:06.475Z,"55 km S of Whites City, New Mexico",earthquake,0.859960364,0.8049058567000001,0.2,14,reviewed,tx,tx
2023-06-14T15:20:55.273Z,62.7939,-149.2997,74.5,1.4,ml,,,,0.61,ak,ak0237l4q653,2023-06-18T09:28:59.559Z,"56 km NE of Chase, Alaska",earthquake,,0.4,,,reviewed,ak,ak
2023-06-14T15:19:55.300Z,19.4111671447754,-155.331832885742,3.35999989509583,1.89,ml,38,77,,0.159999996,hv,hv73450922,2023-06-14T15:25:25.940Z,"10 km WSW of Volcano, Hawaii",earthquake,0.32,0.930000007,0.53,10,automatic,hv,hv
2023-06-14T15:18:43.000Z,38.8335,-122.7901667,2.01,1.25,md,45,41,0.004904,0.03,nc,nc73901101,2023-06-14T23:06:15.583Z,"6km WNW of Cobb, CA",earthquake,0.12,0.19,0.136,37,reviewed,nc,nc
2023-06-14T15:17:03.110Z,58.1833333333333,-155.329333333333,0.78,0.06,ml,8,201,,0.12,av,av91925901,2023-06-26T21:26:42.850Z,"85 km NW of Karluk, Alaska",earthquake,0.66,2.26,0.331803581244415,8,reviewed,av,av
2023-06-14T15:13:01.526Z,62.5038,-151.8155,89.1,1,ml,,,,0.58,ak,ak0237l4ojzc,2023-06-18T09:29:02.698Z,"54 km W of Petersville, Alaska",earthquake,,0.5,,,reviewed,ak,ak
2023-06-14T15:12:23.740Z,51.8595,-178.082333333333,1.36,0.43,ml,4,203,,0.32,av,av91925896,2023-06-26T21:23:30.510Z,"99 km W of Adak, Alaska",earthquake,1.15,3.31,0.185591057230782,4,reviewed,av,av
2023-06-14T15:07:39.492Z,35.6705,140.6901,52.148,4.5,mb,41,143,2.189,0.91,us,us7000k8uu,2023-06-16T03:40:11.040Z,"near the east coast of Honshu, Japan",earthquake,8.15,7.879,0.104,27,reviewed,us,us
2023-06-14T15:06:42.339Z,35.6677,140.7442,49.859,4.4,mb,65,141,2.231,0.99,us,us7000k8e9,2023-06-16T03:42:21.040Z,"10 km ESE of Asahi, Japan",earthquake,7.9,7.774,0.083,42,reviewed,us,us
2023-06-14T15:06:05.130Z,64.9758,-147.382,0,0.9,ml,,,,0.31,ak,ak0237l4n281,2023-06-18T17:04:22.241Z,"11 km E of Fox, Alaska",explosion,,0,,,reviewed,ak,ak
2023-06-14T15:00:54.067Z,61.9828,-149.5685,20.5,1.2,ml,,,,0.69,ak,ak0237l4lvnh,2023-06-18T09:28:58.580Z,"24 km SE of Susitna North, Alaska",earthquake,,0.6,,,reviewed,ak,ak
2023-06-14T14:56:06.365Z,58.1827,-155.3248,4.6,1.2,ml,,,,0.3,ak,ak0237l4ccis,2023-06-26T20:13:52.640Z,"85 km NW of Karluk, Alaska",earthquake,,0.3,,,reviewed,ak,ak
2023-06-14T14:52:48.480Z,58.1853333333333,-155.321166666667,2.39,0.14,ml,9,199,,0.07,av,av91925886,2023-06-26T20:07:13.110Z,"85 km NW of Karluk, Alaska",earthquake,0.25,0.41,0.315124095208514,9,reviewed,av,av
2023-06-14T14:52:28.290Z,58.188,-155.304666666667,3.47,-0.59,ml,5,193,,0.11,av,av91108598,2023-06-26T20:09:46.140Z,"Alaska Peninsula",earthquake,0.65,1.55,0.177896828189256,5,reviewed,av,av
2023-06-14T14:52:08.010Z,32.9391667,-116.287,11.54,0.76,ml,21,66,0.02065,0.19,ci,ci40485616,2023-06-14T17:58:10.789Z,"26km ENE of Pine Valley, CA",earthquake,0.31,0.74,0.14,9,reviewed,ci,ci
2023-06-14T14:49:41.280Z,32.9355,-116.2838333,10.41,2.37,ml,82,32,0.02516,0.19,ci,ci40485608,2023-06-14T19:36:08.480Z,"26km ENE of Pine Valley, CA",earthquake,0.14,0.38,0.107,25,reviewed,ci,ci
2023-06-14T14:47:59.880Z,58.1877,-155.3109,7.1,1.4,ml,,,,0.41,ak,ak0237l4amcl,2023-06-26T20:04:22.000Z,"85 km NW of Karluk, Alaska",earthquake,,0.3,,,reviewed,ak,ak
2023-06-14T14:42:00.350Z,58.1821666666667,-155.339833333333,-0.43,0.92,ml,7,204,,0.08,av,av91108593,2023-06-27T03:10:21.040Z,"86 km NW of Karluk, Alaska",earthquake,0.68,2.77,0.290202104181454,7,reviewed,av,av
2023-06-14T14:41:35.196Z,58.2067,-155.3071,2.1,1.8,ml,,,,0.42,ak,ak0237l4970f,2023-06-26T19:58:12.340Z,"Alaska Peninsula",earthquake,,0.3,,,reviewed,ak,ak
2023-06-14T14:40:47.280Z,58.1868333333333,-155.317,2.69,0.79,ml,9,196,,0.05,av,av91108588,2023-06-26T19:53:44.940Z,"85 km NW of Karluk, Alaska",earthquake,0.36,0.34,0.346185565928253,9,reviewed,av,av
2023-06-14T14:40:46.970Z,58.1455,-155.3885,3.9,1.3,ml,,,,0.35,ak,ak0237l490b2,2023-06-26T19:45:34.350Z,"84 km NW of Karluk, Alaska",earthquake,,0.6,,,reviewed,ak,ak
2023-06-14T14:30:10.755Z,62.9161,-150.3001,84.6,1.1,ml,,,,0.49,ak,ak0237l46s9f,2023-06-18T09:29:02.498Z,"52 km NNE of Petersville, Alaska",earthquake,,0.7,,,reviewed,ak,ak
2023-06-14T14:29:23.520Z,51.8583333333333,-178.049666666667,-1.8,0.88,ml,4,158,,0.17,av,av91925861,2023-06-26T19:33:32.250Z,"97 km W of Adak, Alaska",earthquake,0.48,1.22,0.376750232008299,4,reviewed,av,av
2023-06-14T14:27:44.322Z,37.6218,72.3987,191.645,4.1,mb,31,74,1.912,0.52,us,us7000k8e3,2023-06-16T14:24:34.040Z,"74 km N of Khandūd, Afghanistan",earthquake,7.34,7.993,0.197,7,reviewed,us,us
2023-06-14T14:26:22.810Z,33.2701667,-116.433,5,0.85,ml,32,54,0.01341,0.17,ci,ci40485592,2023-06-14T19:12:57.711Z,"6km WNW of Borrego Springs, CA",earthquake,0.17,0.29,0.114,19,reviewed,ci,ci
2023-06-14T14:25:26.022Z,29.1757,130.4379,30.731,4.6,mb,75,106,2.326,0.68,us,us7000k8e1,2023-06-16T14:16:18.040Z,"114 km NE of Tatsugō, Japan",earthquake,5.26,5.549,0.077,50,reviewed,us,us
2023-06-14T14:25:23.111Z,59.2231,-151.7301,58.8,1.6,ml,,,,0.33,ak,ak0237l45qlk,2023-06-18T09:28:57.608Z,"15 km SSE of Port Graham, Alaska",earthquake,,0.8,,,reviewed,ak,ak
2023-06-14T14:23:05.830Z,18.0025,-66.9911666666667,8.14,2.51,md,14,126,0.06026,0.19,pr,pr71413463,2023-06-14T15:10:15.370Z,"Puerto Rico region",earthquake,0.36,1.19,0.176601771812668,10,reviewed,pr,pr
2023-06-14T14:22:58.265Z,58.2141,-155.1354,5.8,1.9,ml,,,,0.5,ak,ak0237l4567s,2023-06-26T19:31:49.640Z,"82 km NNW of Karluk, Alaska",earthquake,,0.2,,,reviewed,ak,ak
2023-06-14T14:17:31.203Z,51.2364,-176.0399,16.1,1.5,ml,,,,0.43,ak,ak0237l441j4,2023-06-18T09:29:02.316Z,"Andreanof Islands, Aleutian Islands, Alaska",earthquake,,1.1,,,reviewed,ak,ak
2023-06-14T14:14:24.790Z,38.8378333,-122.8065,1.85,0.31,md,12,59,0.01263,0.02,nc,nc73901081,2023-06-15T18:48:27.768Z,"7km WNW of Cobb, CA",earthquake,0.28,0.54,0.532,11,reviewed,nc,nc
2023-06-14T14:12:22.875Z,53.0251,-167.737,53.4,1.4,ml,,,,0.33,ak,ak0237l42wl3,2023-06-18T09:28:57.219Z,"76 km E of Nikolski, Alaska",earthquake,,1.8,,,reviewed,ak,ak
2023-06-14T14:10:25.200Z,53.9283333333333,-166.595666666667,10.07,0.04,ml,6,269,,0.05,av,av91925841,2023-06-26T19:21:02.330Z,"",earthquake,0.73,0.41,0.19063085257517,6,reviewed,av,av
2023-06-14T14:06:30.610Z,38.8413315,-122.8239975,1.73,0.65,md,12,95,0.009381,0.01,nc,nc73901076,2023-06-14T16:11:19.067Z,"9km WNW of Cobb, CA",earthquake,0.32,0.81,0.38,13,automatic,nc,nc
2023-06-14T13:58:02.363Z,31.64038082,-104.4524457,6.799975586,2,ml,30,96,0.02354114744,0.2,tx,tx2023losd,2023-06-14T20:57:04.739Z,"59 km S of Whites City, New Mexico",earthquake,1.285732702,0.9153455423,0,7,reviewed,tx,tx
2023-06-14T13:55:28.770Z,37.1393333,-121.5946667,9.18,1.23,md,28,87,0.035,0.09,nc,nc73901071,2023-06-15T19:03:11.765Z,"5km E of Morgan Hill, CA",earthquake,0.27,0.44,0.148,20,reviewed,nc,nc
2023-06-14T13:53:27.227Z,51.86,-178.0437,3.7,1.8,ml,,,,0.59,ak,ak0237l3qbhb,2023-06-18T09:28:57.018Z,"97 km W of Adak, Alaska",earthquake,,0.1,,,reviewed,ak,ak
2023-06-14T13:47:47.489Z,60.6472,-149.1314,9.7,1.5,ml,,,,0.55,ak,ak0237l3p2nh,2023-06-18T09:28:56.776Z,"22 km NE of Moose Pass, Alaska",earthquake,,0.2,,,reviewed,ak,ak
2023-06-14T13:45:03.355Z,62.9672,-150.4792,93.8,1,ml,,,,0.39,ak,ak0237l3ojtr,2023-06-18T09:29:02.127Z,"54 km NNE of Petersville, Alaska",earthquake,,0.8,,,reviewed,ak,ak
2023-06-14T13:43:22.000Z,51.8508333333333,-178.0645,2.8,0.8,ml,4,194,,0.31,av,av91925831,2023-06-27T03:12:27.680Z,"98 km W of Adak, Alaska",earthquake,1.14,1.6,0.272436541991322,4,reviewed,av,av
2023-06-14T13:37:40.590Z,33.1541667,-115.9801667,7.37,0.97,ml,29,56,0.01938,0.16,ci,ci40485536,2023-06-14T19:05:07.570Z,"14km E of Ocotillo Wells, CA",earthquake,0.2,0.51,0.152,17,reviewed,ci,ci
2023-06-14T13:29:14.207Z,62.3822,-149.1012,15,0.6,ml,,,,0.4,ak,ak0237l3l5l1,2023-06-18T17:04:21.468Z,"46 km ENE of Susitna North, Alaska",earthquake,,0.9,,,reviewed,ak,ak
2023-06-14T13:08:56.520Z,33.8171667,-117.6488333,9.18,0.75,ml,13,59,0.03965,0.12,ci,ci40485512,2023-06-14T18:57:50.938Z,"10km SW of Corona, CA",earthquake,0.32,0.52,0.141,5,reviewed,ci,ci
2023-06-14T13:04:03.764Z,51.661,-176.202,58.8,1.6,ml,,,,0.37,ak,ak0237l3fri0,2023-06-18T09:29:01.933Z,"38 km SE of Adak, Alaska",earthquake,,1,,,reviewed,ak,ak
2023-06-14T12:56:40.429Z,63.145,-150.5923,121.3,1.2,ml,,,,0.36,ak,ak0237l35jyi,2023-06-18T09:29:01.735Z,"71 km SE of Denali National Park, Alaska",earthquake,,0.8,,,reviewed,ak,ak
2023-06-14T12:53:50.107Z,64.5302,-163.5853,7,1.9,ml,,,,0.6,ak,ak0237l34xl2,2023-06-18T17:04:23.618Z,"18 km SSW of White Mountain, Alaska",earthquake,,0.9,,,reviewed,ak,ak
2023-06-14T12:49:52.149Z,63.3508,-151.0587,9.5,1.4,ml,,,,0.77,ak,ak0237l34233,2023-06-18T09:28:56.392Z,"39 km ESE of Denali National Park, Alaska",earthquake,,0.3,,,reviewed,ak,ak
2023-06-14T12:49:34.640Z,38.8131676,-122.803833,3.12,0.56,md,9,106,0.008448,0.06,nc,nc73901066,2023-06-14T13:16:18.152Z,"6km NW of The Geysers, CA",earthquake,0.54,0.96,0.37,9,automatic,nc,nc
2023-06-14T12:46:54.217Z,64.5111,-163.6546,2.9,2.3,ml,,,,0.73,ak,ak0237l33fv1,2023-06-18T09:29:01.379Z,"22 km SSW of White Mountain, Alaska",earthquake,,0.9,,,reviewed,ak,ak
2023-06-14T12:40:04.240Z,33.3335,-116.6765,12.53,0.73,ml,34,54,0.09794,0.15,ci,ci40485480,2023-06-14T18:50:34.520Z,"7km NW of Warner Springs, CA",earthquake,0.2,0.55,0.119,19,reviewed,ci,ci
2023-06-14T12:36:05.690Z,33.1483333,-115.9835,7.55,0.79,ml,23,55,0.02555,0.15,ci,ci40485472,2023-06-14T18:43:39.442Z,"14km E of Ocotillo Wells, CA",earthquake,0.22,0.4,0.075,13,reviewed,ci,ci
2023-06-14T12:30:21.506Z,65.3979,-144.6648,1.2,1.1,ml,,,,0.71,ak,ak0237l2zxv1,2023-06-18T09:28:56.198Z,"20 km SSE of Central, Alaska",earthquake,,0.3,,,reviewed,ak,ak
2023-06-14T12:29:59.630Z,33.3256667,-116.2828333,10.74,1.19,ml,55,25,0.07059,0.16,ci,ci40485464,2023-06-14T18:38:05.080Z,"12km NE of Borrego Springs, CA",earthquake,0.16,0.32,0.159,25,reviewed,ci,ci
2023-06-14T12:29:31.647Z,60.7711,-151.2397,62.1,1.3,ml,,,,0.66,ak,ak0237l2zqg7,2023-06-18T09:28:55.988Z,"9 km NNE of Nikiski, Alaska",earthquake,,0.6,,,reviewed,ak,ak
2023-06-14T12:27:53.280Z,47.6621666666667,-112.996666666667,8.43,1.17,ml,14,139,0.2862,0.12,mb,mb90018258,2023-06-14T14:23:32.680Z,"Western Montana",earthquake,0.47,1.84,0.140296878907472,5,reviewed,mb,mb
2023-06-14T12:27:43.030Z,65.3732,-144.6971,4.6,1.4,ml,,,,0.66,ak,ak0237l2zcd3,2023-06-18T09:28:55.777Z,"22 km SSE of Central, Alaska",earthquake,,0.3,,,reviewed,ak,ak
2023-06-14T12:24:40.560Z,47.6616666666667,-113.001333333333,9.14,1.14,ml,15,139,0.2893,0.1,mb,mb90018253,2023-06-14T14:13:44.060Z,"Western Montana",earthquake,0.34,1.51,0.134207308674219,5,reviewed,mb,mb
2023-06-14T12:24:38.510Z,19.2415008544922,-155.391494750977,31.1000003814697,1.77999997,md,40,143,,0.119999997,hv,hv73450832,2023-06-14T12:27:57.610Z,"10 km ENE of Pāhala, Hawaii",earthquake,0.61,0.720000029,0.879999995,3,automatic,hv,hv
2023-06-14T12:22:19.465Z,51.543,-178.4608,9.8,1.5,ml,,,,0.53,ak,ak0237l2y7zw,2023-06-18T17:04:23.415Z,"131 km WSW of Adak, Alaska",earthquake,,0.4,,,reviewed,ak,ak
2023-06-14T12:21:23.290Z,58.1646666666667,-155.3235,1.8,0.17,ml,5,254,,0.08,av,av91107768,2023-06-17T01:43:43.820Z,"Alaska Peninsula",earthquake,0.81,0.59,0.245620052880387,5,reviewed,av,av
2023-06-14T12:21:09.730Z,58.2645,-155.149333333333,35.31,0.54,ml,9,130,,0.16,av,av91107763,2023-06-17T01:40:26.610Z,"87 km NNW of Karluk, Alaska",earthquake,0.74,0.78,0.264339491774701,9,reviewed,av,av
2023-06-14T12:21:02.100Z,58.2411666666667,-155.156333333333,32.52,0.45,ml,11,155,,0.15,av,av91925806,2023-06-17T01:34:08.930Z,"85 km NNW of Karluk, Alaska",earthquake,0.55,0.81,0.313495818232548,11,reviewed,av,av
2023-06-14T12:19:28.190Z,58.2438333333333,-155.140333333333,32.2,0.64,ml,9,148,,0.07,av,av91107773,2023-06-17T01:50:35.760Z,"85 km NNW of Karluk, Alaska",earthquake,0.42,0.66,0.377088679262648,8,reviewed,av,av
2023-06-14T12:16:40.469Z,58.3574,-156.0577,145.9,1.9,ml,,,,0.51,ak,ak0237l2wz92,2023-06-18T09:28:55.566Z,"50 km SE of King Salmon, Alaska",earthquake,,0.6,,,reviewed,ak,ak
2023-06-14T12:15:33.949Z,50.2965,178.9846,10,4.1,mb,46,180,1.102,1,us,us7000k8df,2023-06-18T17:04:21.217Z,"Rat Islands, Aleutian Islands, Alaska",earthquake,7.87,1.642,0.082,41,reviewed,us,us
2023-06-14T12:11:57.520Z,52.1112,178.8248,172.8,2.3,ml,,,,0.5,ak,ak0237l2vy20,2023-06-18T09:29:00.987Z,"Rat Islands, Aleutian Islands, Alaska",earthquake,,0.8,,,reviewed,ak,ak
2023-06-14T12:11:16.910Z,59.6979,-152.9331,95.2,1.5,ml,,,,0.46,ak,ak0237l2vuu6,2023-06-18T09:28:55.078Z,"62 km W of Anchor Point, Alaska",earthquake,,0.4,,,reviewed,ak,ak
2023-06-14T12:07:53.340Z,38.8269997,-122.8043365,1.74,0.79,md,9,72,0.005748,0.02,nc,nc73901056,2023-06-14T12:50:14.926Z,"7km NW of The Geysers, CA",earthquake,0.33,0.93,0.18,11,automatic,nc,nc
2023-06-14T12:05:47.790Z,38.8278333,-122.7995,1.92,0.18,md,13,65,0.009373,0.03,nc,nc73901051,2023-06-14T22:54:14.519Z,"7km W of Cobb, CA",earthquake,0.24,0.39,0.441,11,reviewed,nc,nc
2023-06-14T11:58:08.748Z,63.227,-149.0558,4,1.5,ml,,,,0.83,ak,ak0237l2kd6g,2023-06-18T09:28:54.829Z,"19 km SSW of Cantwell, Alaska",earthquake,,0.2,,,reviewed,ak,ak
2023-06-14T11:55:48.082Z,53.4471,-163.3711,6.2,2.3,ml,,,,0.47,ak,ak0237l2jx6q,2023-06-18T17:04:21.001Z,"156 km S of False Pass, Alaska",earthquake,,0.8,,,reviewed,ak,ak
2023-06-14T11:52:12.650Z,58.2633333333333,-155.146166666667,32.29,0.18,ml,12,92,,0.09,av,av91925756,2023-06-17T00:58:17.670Z,"87 km NNW of Karluk, Alaska",earthquake,0.41,0.63,0.297818706810753,11,reviewed,av,av
2023-06-14T11:44:51.520Z,58.1748333333333,-155.294666666667,2.5,0.22,ml,9,199,,0.04,av,av91925751,2023-06-26T17:29:51.670Z,"Alaska Peninsula",earthquake,0.29,0.34,0.366212531123329,9,reviewed,av,av
2023-06-14T11:42:37.528Z,61.5216,-146.3822,29.1,1,ml,,,,0.67,ak,ak0237l2h44k,2023-06-18T09:28:54.396Z,"43 km N of Valdez, Alaska",earthquake,,0.8,,,reviewed,ak,ak
2023-06-14T11:37:06.183Z,51.4613,-178.2502,13.1,1.9,ml,,,,0.61,ak,ak0237l2fz33,2023-06-18T09:28:54.178Z,"120 km WSW of Adak, Alaska",earthquake,,0.6,,,reviewed,ak,ak
2023-06-14T11:36:05.708Z,60.2144,-149.9972,35.6,1.1,ml,,,,0.26,ak,ak0237l2frcq,2023-06-18T09:29:00.798Z,"32 km SSW of Cooper Landing, Alaska",earthquake,,0.8,,,reviewed,ak,ak
2023-06-14T11:34:11.230Z,38.8446655,-122.81633,0.84,0.69,md,13,84,0.01139,0.04,nc,nc73901046,2023-06-14T12:28:13.788Z,"8km WNW of Cobb, CA",earthquake,0.25,0.67,0.33,12,automatic,nc,nc
2023-06-14T11:22:45.086Z,69.0768,-144.7003,15.4,1.3,ml,,,,0.62,ak,ak0237l2cucs,2023-06-18T17:04:23.232Z,"111 km NNE of Arctic Village, Alaska",earthquake,,0.9,,,reviewed,ak,ak
2023-06-14T11:22:12.100Z,35.8933333,-120.437,10.16,0.9,md,35,67,0.007389,0.09,nc,nc73901041,2023-06-14T22:41:19.431Z,"1km SW of Parkfield, CA",earthquake,0.3,0.28,0.194,16,reviewed,nc,nc
2023-06-14T11:19:26.360Z,37.4525,-118.6506667,-0.58,1.3,md,18,153,0.1974,0.07,nc,nc73901036,2023-06-14T22:31:14.375Z,"6km NW of Round Valley, CA",earthquake,0.36,5.77,0.141,16,reviewed,nc,nc
2023-06-14T11:17:26.540Z,19.2681666666667,-155.372,31.85,2.76,ml,60,133,,0.13,hv,hv73450772,2023-06-14T23:19:10.350Z,"Island of Hawaii, Hawaii",earthquake,0.38,0.45,0.202855897828029,35,reviewed,hv,hv
2023-06-14T11:14:46.136Z,55.3161,-159.5865,2.6,1.4,ml,,,,0.43,ak,ak0237l2b4q3,2023-06-18T17:04:23.053Z,"58 km E of Sand Point, Alaska",earthquake,,1.1,,,reviewed,ak,ak
2023-06-14T11:13:32.080Z,46.19566666666667,-122.1945,3.45,0.08,ml,7,132,0.02346,0.04,uw,uw61502648,2023-06-15T18:06:09.900Z,"Washington",earthquake,0.52,0.62,0.13911200389148554,4,reviewed,uw,uw
2023-06-14T11:09:55.169Z,49.4966,-116.7321,11.291,2.4,ml,21,154,1.26,0.77,us,us7000k8du,2023-06-15T18:03:38.170Z,"",earthquake,2.71,7.412,0.069,28,reviewed,us,us
2023-06-14T11:05:50.280Z,33.672,-116.7018333,15.84,0.11,ml,12,108,0.02358,0.15,ci,ci37526757,2023-06-14T18:14:12.680Z,"8km SSE of Idyllwild, CA",earthquake,0.56,0.83,0.137,3,reviewed,ci,ci
2023-06-14T11:05:41.890Z,33.6748333,-116.7041667,15.14,0.3,ml,22,102,0.02601,0.11,ci,ci40485448,2023-06-14T18:10:50.655Z,"7km S of Idyllwild, CA",earthquake,0.23,0.41,0.113,12,reviewed,ci,ci
2023-06-14T11:05:13.210Z,33.703,-116.7443333,16.25,0.04,ml,8,170,0.02643,0.08,ci,ci37526765,2023-06-14T18:18:19.784Z,"5km SSW of Idyllwild, CA",earthquake,0.38,0.36,0.186,3,reviewed,ci,ci
2023-06-14T11:01:37.770Z,38.8069992,-122.8215027,2.09,1.1,md,15,66,0.00628,0.02,nc,nc73901026,2023-06-14T14:54:15.646Z,"6km WNW of The Geysers, CA",earthquake,0.27,0.46,0.23,16,automatic,nc,nc
2023-06-14T11:01:29.761Z,52.1531,-167.0967,8.7,1.9,ml,,,,0.53,ak,ak0237l28b9g,2023-06-18T09:28:53.977Z,"148 km SE of Nikolski, Alaska",earthquake,,2.1,,,reviewed,ak,ak
2023-06-14T10:51:15.588Z,62.6339,-151.3007,87.4,1.4,ml,,,,0.37,ak,ak0237l1xk74,2023-06-18T09:28:53.759Z,"31 km WNW of Petersville, Alaska",earthquake,,0.5,,,reviewed,ak,ak
2023-06-14T10:48:28.561Z,-7.0874,117.0953,606.527,4.4,mb,36,78,1.856,0.61,us,us7000k8d9,2023-06-14T11:05:16.040Z,"152 km NNW of Pototano, Indonesia",earthquake,11.31,7.321,0.117,21,reviewed,us,us
2023-06-14T10:25:40.423Z,65.0056,-151.2285,11.5,1.4,ml,,,,0.68,ak,ak0237l1s1d6,2023-06-18T09:28:53.558Z,"28 km W of Manley Hot Springs, Alaska",earthquake,,0.3,,,reviewed,ak,ak
2023-06-14T10:24:53.500Z,19.1681671142578,-155.483505249023,30.1399993896484,2.12,ml,50,152,,0.140000001,hv,hv73450757,2023-06-14T10:30:25.880Z,"3 km S of Pāhala, Hawaii",earthquake,0.51,0.910000026,4.43,7,automatic,hv,hv
2023-06-14T10:16:30.606Z,36.6588,-116.275,6.5,-0.1,ml,21,106.24,0.053,0.106,nn,nn00861209,2023-06-14T18:42:47.335Z,"California-Nevada border region",earthquake,,0.9,0.39,9,reviewed,nn,nn
2023-06-14T10:00:37.180Z,17.8626666666667,-66.8448333333333,5.57,2.73,md,8,249,0.1165,0.08,pr,pr71413428,2023-06-14T10:47:52.180Z,"13 km SSE of Maria Antonia, Puerto Rico",earthquake,0.56,0.35,0.081288023595091,5,reviewed,pr,pr
2023-06-14T09:59:52.190Z,38.8068352,-122.8233337,2.37,1.05,md,9,119,0.004997,0.02,nc,nc73901021,2023-06-14T10:55:13.253Z,"7km WNW of The Geysers, CA",earthquake,0.42,0.96,0.29,10,automatic,nc,nc
2023-06-14T09:56:49.600Z,38.8310013,-122.8479996,1.49,0.65,md,11,99,0.007743,0.02,nc,nc73901016,2023-06-14T10:30:21.103Z,"10km NW of The Geysers, CA",earthquake,0.3,0.67,0.3,12,automatic,nc,nc
2023-06-14T09:54:34.250Z,34.1783333,-117.4355,6.74,0.45,ml,21,67,0.063,0.12,ci,ci40485432,2023-06-14T18:04:44.535Z,"6km SSW of Devore, CA",earthquake,0.22,0.5,0.089,12,reviewed,ci,ci
2023-06-14T09:44:14.650Z,58.2411666666667,-155.144333333333,30.01,-0.16,ml,7,106,,0.13,av,av91107733,2023-06-17T00:21:59.090Z,"85 km NNW of Karluk, Alaska",earthquake,0.77,1.17,0.357676709292557,7,reviewed,av,av
2023-06-14T09:43:55.490Z,37.4556667,-118.8703333,4.12,1.01,md,14,282,0.1381,0.02,nc,nc73901011,2023-06-14T11:28:14.428Z,"20km SW of Toms Place, CA",earthquake,3.2,2.25,0.122,12,reviewed,nc,nc
2023-06-14T09:41:28.130Z,53.9303333333333,-166.550333333333,10.59,0.69,ml,15,156,,0.24,av,av91925721,2023-06-17T00:02:03.620Z,"4 km N of Dutch Harbor, Alaska",earthquake,1,1.32,0.148942986772102,15,reviewed,av,av
2023-06-14T09:38:21.422Z,53.4388,-163.5014,17.3,2.2,ml,,,,0.52,ak,ak0237l19d1o,2023-06-18T17:04:20.794Z,"157 km S of False Pass, Alaska",earthquake,,1.5,,,reviewed,ak,ak
2023-06-14T09:30:39.389Z,31.50059051,-104.0314621,6.440063477,1.9,ml,17,66,0.0394098225,0.2,tx,tx2023loji,2023-06-15T12:24:15.450Z,"30 km NW of Toyah, Texas",earthquake,0.9425946266000002,0.9689601474,0.1,23,reviewed,tx,tx
2023-06-14T09:28:45.460Z,58.2335,-155.099666666667,31.28,0.33,ml,12,92,,0.26,av,av91107723,2023-06-18T09:27:08.919Z,"83 km NNW of Karluk, Alaska",earthquake,1.31,1.3,0.268779421432927,11,reviewed,av,av
2023-06-14T09:26:54.960Z,58.2341666666667,-155.137333333333,28.61,0.73,ml,12,108,,0.1,av,av91107718,2023-06-16T23:53:35.080Z,"84 km NNW of Karluk, Alaska",earthquake,0.39,0.52,0.342949962856911,12,reviewed,av,av
2023-06-14T09:26:39.830Z,58.2383333333333,-155.114666666667,28.62,0.25,ml,11,96,,0.14,av,av91925701,2023-06-18T09:27:30.400Z,"",earthquake,0.49,0.65,0.338567900407974,10,reviewed,av,av
2023-06-14T09:25:00.121Z,67.3518,-163.8097,8.6,3.1,ml,,,,0.59,ak,ak0237l16iu4,2023-06-18T17:04:22.806Z,"northern Alaska",earthquake,,0.6,,,reviewed,ak,ak
2023-06-14T09:17:08.899Z,53.6583,-167.1851,7.7,1.4,ml,,,,0.67,ak,ak0237l14tt4,2023-06-18T17:04:20.592Z,"49 km WSW of Unalaska, Alaska",earthquake,,0.3,,,reviewed,ak,ak
2023-06-14T09:15:58.363Z,53.6539,-167.1796,6.6,2.3,ml,,,,0.76,ak,ak0237l14i75,2023-06-26T02:22:34.610Z,"49 km WSW of Unalaska, Alaska",earthquake,,0.4,,,reviewed,ak,ak
2023-06-14T09:14:20.710Z,53.5993333333333,-167.077666666667,12.06,0.57,ml,9,208,,0.07,av,av91925691,2023-06-26T02:18:26.770Z,"47 km SW of Unalaska, Alaska",earthquake,1.09,2.14,0.14746608132874,9,reviewed,av,av
2023-06-14T09:09:54.300Z,53.721,-166.74,6.85,-0.21,ml,6,296,,0.22,av,av91925686,2023-06-26T02:14:48.030Z,"",earthquake,1.4,2.42,0.246735651618494,6,reviewed,av,av
2023-06-14T09:09:40.300Z,-6.5735,131.3516,36.324,4.5,mb,22,148,2.495,0.63,us,us7000k8d3,2023-06-14T10:43:54.040Z,"186 km SW of Tual, Indonesia",earthquake,9.73,8.298,0.145,14,reviewed,us,us
2023-06-14T08:58:13.791Z,37.141,-116.4998,8.8,0.3,ml,12,107.14,0.152,0.0761,nn,nn00861208,2023-06-14T18:02:36.465Z,"Nevada",earthquake,,2.8,0.39,4,reviewed,nn,nn
2023-06-14T08:50:40.865Z,37.1437,-116.4995,10.6,0.3,ml,15,108.27,0.151,0.1229,nn,nn00861207,2023-06-14T17:50:14.256Z,"34 km NE of Beatty, Nevada",earthquake,,2.5,0.24,9,reviewed,nn,nn
2023-06-14T08:50:07.193Z,57.7785,-153.1335,43.2,1.4,ml,,,,0.23,ak,ak0237l0qgn7,2023-06-18T17:04:22.611Z,"17 km WSW of Port Lions, Alaska",earthquake,,0.9,,,reviewed,ak,ak
2023-06-14T08:34:21.412Z,51.4855,-175.9425,21,1.2,ml,,,,0.35,ak,ak0237l0n2bj,2023-06-18T17:04:22.426Z,"64 km SE of Adak, Alaska",earthquake,,1.3,,,reviewed,ak,ak
2023-06-14T08:34:02.435Z,61.5829,-146.5891,12.7,1.1,ml,,,,0.61,ak,ak0237l0n0ru,2023-06-18T09:28:52.698Z,"46 km SSE of Nelchina, Alaska",earthquake,,0.3,,,reviewed,ak,ak
2023-06-14T08:30:27.580Z,33.6451667,-116.7048333,13.31,0.9,ml,33,54,0.06629,0.18,ci,ci40485400,2023-06-14T13:05:28.790Z,"10km NNW of Anza, CA",earthquake,0.26,0.4,0.232,23,reviewed,ci,ci
2023-06-14T08:20:28.790Z,38.8241653,-122.8085022,3.51,0.84,md,18,65,0.001449,0.06,nc,nc73901006,2023-06-14T08:47:20.489Z,"7km NW of The Geysers, CA",earthquake,0.33,0.94,0.22,19,automatic,nc,nc
2023-06-14T08:16:50.810Z,19.1626663208008,-155.482330322266,31.9099998474121,2.14,ml,47,111,,0.0900000036,hv,hv73450722,2023-06-14T08:22:23.320Z,"4 km S of Pāhala, Hawaii",earthquake,0.39,0.769999981,4.31,8,automatic,hv,hv
2023-06-14T08:15:24.647Z,59.9155,-148.3944,0.4,1.6,ml,,,,0.65,ak,ak0237l0j004,2023-06-18T17:04:20.174Z,"27 km SW of Chenega, Alaska",earthquake,,0.4,,,reviewed,ak,ak
2023-06-14T08:14:29.571Z,61.3561,-147.5046,0,1.2,ml,,,,0.57,ak,ak0237l0iswx,2023-06-18T17:04:19.993Z,"Southern Alaska",ice quake,,0,,,reviewed,ak,ak
2023-06-14T08:14:16.140Z,37.4845,-118.7776667,-1.62,1.55,md,11,312,0.113,0.05,nc,nc73901001,2023-06-14T10:42:15.177Z,"12km SW of Toms Place, CA",earthquake,4.06,3.24,0.121,12,reviewed,nc,nc
2023-06-14T08:06:36.360Z,58.1666666666667,-155.377666666667,-2.16,0.04,ml,11,120,,0.08,av,av91925676,2023-06-26T02:04:56.250Z,"86 km NW of Karluk, Alaska",earthquake,0.33,1.67,0.332033350813679,11,reviewed,av,av
2023-06-14T07:55:20.630Z,31.6008333,-115.5998333,6.38,2.11,ml,8,110,0.2614,0.19,ci,ci40485392,2023-06-14T18:44:01.920Z,"81km SSW of Alberto Oviedo Mota, B.C., MX",earthquake,0.45,2.69,0.105,10,reviewed,ci,ci
2023-06-14T07:54:23.346Z,61.5027,-147.8057,20,0.8,ml,,,,0.52,ak,ak0237l05x3l,2023-06-19T22:36:30.386Z,"34 km SSW of Glacier View, Alaska",earthquake,,1.2,,,reviewed,ak,ak
2023-06-14T07:51:53.732Z,51.5656,-177.3386,60.7,1.4,ml,,,,0.32,ak,ak0237l05cds,2023-06-19T22:36:30.186Z,"59 km SW of Adak, Alaska",earthquake,,0.8,,,reviewed,ak,ak
2023-06-14T07:50:52.205Z,54.5676,-159.7502,11.1,2.3,ml,,,,0.37,ak,ak0237l054jo,2023-06-19T22:36:32.758Z,"",earthquake,,1.5,,,reviewed,ak,ak
2023-06-14T07:48:54.870Z,38.4885,-112.8355,-0.47,0.88,ml,9,214,0.0154,0.08,uu,uu60542166,2023-06-14T13:35:46.060Z,"Utah",earthquake,0.36,0.12,0.182,2,reviewed,uu,uu
2023-06-14T07:45:56.350Z,44.8518333333333,-112.881833333333,4.42,0.6,ml,7,140,0.03371,0.06,mb,mb90018243,2023-06-14T13:48:38.360Z,"Idaho-Montana border region",earthquake,0.75,0.47,0.162817635980544,8,reviewed,mb,mb
2023-06-14T07:42:32.606Z,61.4889,-146.3802,27.6,1.2,ml,,,,0.51,ak,ak0237l03d8p,2023-06-19T22:36:29.961Z,"39 km N of Valdez, Alaska",earthquake,,0.6,,,reviewed,ak,ak
2023-06-14T07:37:32.430Z,19.9436666666667,-155.439166666667,35.39,1.76,md,33,135,,0.19,hv,hv73450692,2023-06-14T23:30:39.170Z,"13 km SW of Pa‘auilo, Hawaii",earthquake,0.52,0.82,0.0507472174031136,11,reviewed,hv,hv
2023-06-14T07:28:15.590Z,36.5418333,-121.1368333,2.97,1.5,md,27,113,0.01217,0.11,nc,nc73900996,2023-06-15T00:08:16.942Z,"1km NNE of Pinnacles, CA",earthquake,0.18,0.2,0.176,23,reviewed,nc,nc
2023-06-14T07:24:26.740Z,46.9721666666667,-114.189333333333,12.11,0.66,ml,14,104,0.119,0.12,mb,mb90018238,2023-06-14T13:40:56.840Z,"Idaho-Montana border region",earthquake,0.4,1.27,0.284675694744851,4,reviewed,mb,mb
2023-06-14T07:22:00.270Z,39.2031667,-123.1718333,1.55,1.25,md,12,82,0.1005,0.09,nc,nc73900991,2023-06-14T10:16:15.019Z,"7km NNE of Ukiah, CA",earthquake,0.29,1.33,0.149,11,reviewed,nc,nc
2023-06-14T07:19:45.473Z,57.9089,-154.3342,52,2,ml,,,,0.61,ak,ak0237kzygt0,2023-06-19T22:36:29.742Z,"38 km N of Karluk, Alaska",earthquake,,0.6,,,reviewed,ak,ak
2023-06-14T07:14:38.384Z,59.7092,-151.6174,53.3,1.5,ml,,,,0.39,ak,ak0237kzxdn6,2023-06-19T22:36:29.536Z,"4 km NW of Diamond Ridge, Alaska",earthquake,,0.6,,,reviewed,ak,ak
2023-06-14T07:13:42.070Z,17.9453333333333,-66.952,7.84,2.37,md,7,213,0.07529,0.07,pr,pr71413413,2023-06-14T07:27:21.240Z,"5 km WSW of Guánica, Puerto Rico",earthquake,0.76,0.22,0.114751884947556,6,reviewed,pr,pr
2023-06-14T07:05:29.480Z,35.6568333,-117.5306667,1.45,0.82,ml,17,80,0.08749,0.13,ci,ci40485376,2023-06-14T18:40:51.753Z,"14km ENE of Ridgecrest, CA",earthquake,0.22,0.38,0.123,7,reviewed,ci,ci
2023-06-14T06:57:43.230Z,36.9571667,-121.4391667,8.67,1.57,md,48,51,0.07716,0.09,nc,nc73900986,2023-06-14T22:19:15.308Z,"13km ESE of Gilroy, CA",earthquake,0.16,0.42,0.185,49,reviewed,nc,nc
2023-06-14T06:56:38.470Z,33.1425,-116.4678333,4.82,0.72,ml,33,62,0.06962,0.19,ci,ci40485368,2023-06-14T18:38:02.785Z,"14km ENE of Julian, CA",earthquake,0.26,0.55,0.156,8,reviewed,ci,ci
2023-06-14T06:52:47.810Z,38.8366667,-122.7945,2.15,1.19,md,45,49,0.003683,0.02,nc,nc73900981,2023-06-15T02:15:13.661Z,"6km WNW of Cobb, CA",earthquake,0.13,0.24,0.184,39,reviewed,nc,nc
2023-06-14T06:52:31.900Z,38.8375015,-122.8010025,1.62,0.71,md,12,65,0.008373,0.03,nc,nc73900976,2023-06-14T07:10:15.911Z,"7km WNW of Cobb, CA",earthquake,0.28,0.66,0.16,12,automatic,nc,nc
2023-06-14T06:47:25.080Z,51.4768333333333,-178.446333333333,9.76,1,ml,7,227,,0.09,av,av91925626,2023-06-27T03:08:30.400Z,"132 km WSW of Adak, Alaska",earthquake,1.34,1.03,0.220479190365163,7,reviewed,av,av
2023-06-14T06:46:56.260Z,58.2673333333333,-155.027166666667,3.57,-0.2,ml,11,123,,0.22,av,av91925621,2023-06-27T03:05:40.550Z,"84 km NNW of Karluk, Alaska",earthquake,0.35,0.77,0.245531820825329,11,reviewed,av,av
2023-06-14T06:44:29.292Z,55.26,-159.8184,6.8,1.9,ml,,,,0.61,ak,ak0237kzics5,2023-06-19T22:36:29.341Z,"44 km ESE of Sand Point, Alaska",earthquake,,0.4,,,reviewed,ak,ak
2023-06-14T06:40:45.240Z,38.8346672,-122.7978363,2.04,1.08,md,18,57,0.006943,0.06,nc,nc73900971,2023-06-14T06:58:13.840Z,"7km WNW of Cobb, CA",earthquake,0.26,0.52,0.13,20,automatic,nc,nc
2023-06-14T06:40:15.189Z,35.3665,-98.078,10.59,0.66,ml,10,105,0.07018622707,0.25,ok,ok2023lods,2023-06-20T17:28:36.356Z,"12 km WSW of Union City, Oklahoma",earthquake,,2,0.19,5,reviewed,ok,ok
2023-06-14T06:36:09.547Z,51.6537,178.7354,68.5,1.5,ml,,,,0.35,ak,ak0237kzglmi,2023-06-19T22:36:32.570Z,"Rat Islands, Aleutian Islands, Alaska",earthquake,,0.8,,,reviewed,ak,ak
2023-06-14T06:32:50.190Z,58.1656666666667,-155.365,2.48,0.54,ml,11,219,,0.08,av,av91925601,2023-06-27T02:59:32.720Z,"85 km NW of Karluk, Alaska",earthquake,0.32,0.42,0.380620891356608,11,reviewed,av,av
2023-06-14T06:28:15.720Z,19.6561,-65.8823,84,3.89,md,15,283,1.3449,0.51,pr,pr2023165006,2023-06-14T07:53:22.040Z,"133 km N of San Juan, Puerto Rico",earthquake,4.62,10.47,0.03,7,reviewed,pr,pr
2023-06-14T06:21:29.928Z,65.4085,-144.665,2.5,1.4,ml,,,,0.56,ak,ak0237kzdfio,2023-06-19T23:33:44.132Z,"19 km SSE of Central, Alaska",earthquake,,0.3,,,reviewed,ak,ak
2023-06-14T06:19:33.515Z,52.231,-169.9573,6.2,2.2,ml,,,,0.61,ak,ak0237kzd0yf,2023-06-19T22:36:28.732Z,"108 km SW of Nikolski, Alaska",earthquake,,0.7,,,reviewed,ak,ak
2023-06-14T06:18:24.341Z,64.4221,-163.6138,24.4,2.1,ml,,,,0.51,ak,ak0237kzcrtm,2023-06-19T23:33:44.715Z,"northern Alaska",earthquake,,3,,,reviewed,ak,ak
2023-06-14T06:17:07.470Z,19.150333404541,-155.489166259766,30.5900001525879,1.98000002,md,35,163,,0.150000006,hv,hv73450602,2023-06-14T06:20:26.910Z,"5 km S of Pāhala, Hawaii",earthquake,0.81,1.10000002,0.980000019,3,automatic,hv,hv
2023-06-14T06:10:20.420Z,33.4608333,-116.8873333,15.44,0.57,ml,32,30,0.02902,0.17,ci,ci40485352,2023-06-14T18:31:54.628Z,"3km NW of Aguanga, CA",earthquake,0.21,0.47,0.124,11,reviewed,ci,ci
2023-06-14T06:07:20.010Z,33.1465,-115.9788333,7.65,1.64,ml,55,41,0.02693,0.18,ci,ci40485344,2023-06-14T18:27:36.820Z,"14km E of Ocotillo Wells, CA",earthquake,0.15,0.39,0.14,55,reviewed,ci,ci
2023-06-14T06:07:05.800Z,19.1611671447754,-155.48616027832,32.9799995422363,2,md,39,160,,0.140000001,hv,hv73450592,2023-06-14T06:10:16.970Z,"Island of Hawaii, Hawaii",earthquake,0.71,1.08000004,1.64999998,10,automatic,hv,hv
2023-06-14T06:06:34.470Z,40.216,-121.1718333,4.86,2.14,md,24,55,0.03758,0.08,nc,nc73900966,2023-06-14T17:37:51.451Z,"0km ESE of Almanor, CA",earthquake,0.29,0.29,0.193,32,reviewed,nc,nc
2023-06-14T06:05:13.997Z,51.405,-177.6006,40.7,1.5,ml,,,,0.61,ak,ak0237kz9yur,2023-06-19T22:36:28.532Z,"84 km SW of Adak, Alaska",earthquake,,0.5,,,reviewed,ak,ak
2023-06-14T05:55:19.890Z,53.8405,-167.060666666667,36.22,0.52,ml,9,306,,0.25,av,av91925581,2023-06-27T02:54:34.210Z,"34 km W of Dutch Harbor, Alaska",earthquake,4.52,2,0.224154342053168,9,reviewed,av,av
2023-06-14T05:52:00.015Z,62.857,-149.6931,74.2,1.1,ml,,,,0.5,ak,ak0237kyykrr,2023-06-19T22:36:28.332Z,"50 km NNE of Chase, Alaska",earthquake,,0.6,,,reviewed,ak,ak
2023-06-14T05:46:42.668Z,51.3178,179.6569,42.3,2.2,ml,,,,0.26,ak,ak0237kyxdru,2023-06-19T22:36:28.093Z,"264 km WSW of Adak, Alaska",earthquake,,0.9,,,reviewed,ak,ak
2023-06-14T05:44:04.810Z,53.9243333333333,-166.5925,10.03,-0.12,ml,6,269,,0.09,av,av91108613,2023-06-27T02:42:14.580Z,"5 km NW of Dutch Harbor, Alaska",earthquake,0.72,0.64,0.159176571406085,6,reviewed,av,av
2023-06-14T05:43:46.220Z,53.93,-166.598333333333,10.51,-0.09,ml,6,269,,0.1,av,av91925566,2023-06-27T02:39:21.510Z,"5 km NW of Dutch Harbor, Alaska",earthquake,0.63,0.58,0.267056376509054,6,reviewed,av,av
2023-06-14T05:39:46.320Z,58.1795,-155.361166666667,3.11,0.39,ml,10,210,,0.1,av,av91925561,2023-06-27T02:34:24.120Z,"Alaska Peninsula",earthquake,0.4,1.25,0.297404202535777,11,reviewed,av,av
2023-06-14T05:34:29.030Z,36.5475,-121.128,3.12,1.17,md,19,120,0.0209,0.13,nc,nc73900961,2023-06-15T00:36:15.093Z,"2km NE of Pinnacles, CA",earthquake,0.27,0.42,0.207,14,reviewed,nc,nc
2023-06-14T05:32:06.560Z,35.6696667,-118.171,10.83,0.63,ml,9,123,0.06368,0.13,ci,ci40485328,2023-06-14T13:04:49.600Z,"25km ESE of Kernville, CA",earthquake,0.54,0.6,0.136,6,reviewed,ci,ci
2023-06-14T05:28:52.539Z,58.1937,-155.3079,2.8,1.3,ml,,,,0.45,ak,ak0237kytjl0,2023-06-27T02:23:51.230Z,"86 km NW of Karluk, Alaska",earthquake,,0.5,,,reviewed,ak,ak
2023-06-14T05:25:39.768Z,52.587,-163.5289,9.1,2.2,ml,,,,0.51,ak,ak0237kyt09a,2023-06-19T22:36:27.694Z,"228 km SE of Akutan, Alaska",earthquake,,6.7,,,reviewed,ak,ak
2023-06-14T05:20:22.620Z,60.0336666666667,-153.080666666667,2.96,-0.66,ml,4,167,,0.2,av,av91925531,2023-06-17T00:56:06.910Z,"63 km ENE of Pedro Bay, Alaska",earthquake,0.89,2.06,0.21382158355016,4,reviewed,av,av
2023-06-14T05:14:33.850Z,35.1075,-119.0293333,11.06,2.43,ml,46,36,0.06615,0.3,ci,ci40485320,2023-06-14T17:57:52.465Z,"20km SSW of Lamont, CA",earthquake,0.29,0.69,0.179,53,reviewed,ci,ci
2023-06-14T05:13:27.399Z,35.35483333,-98.09116667,6.27,0.84,ml,29,105,0.08548322528,0.4,ok,ok2023loav,2023-06-20T17:13:36.052Z,"Oklahoma",earthquake,,1.1,0.26,11,reviewed,ok,ok
2023-06-14T05:12:55.931Z,51.6279,-177.3004,65,2.6,ml,,,,0.45,ak,ak0237kyq4gq,2023-06-19T22:36:27.470Z,"53 km WSW of Adak, Alaska",earthquake,,0.4,,,reviewed,ak,ak
2023-06-14T05:12:01.410Z,58.3243333333333,-154.894,17.84,0.38,ml,12,147,,0.15,av,av91925521,2023-06-16T21:54:08.030Z,"88 km NNW of Karluk, Alaska",earthquake,0.4,0.59,0.359917673574724,12,reviewed,av,av
2023-06-14T05:10:38.810Z,-3.1183,141.9858,35.321,4.8,mb,32,111,1.415,0.69,us,us7000k8cd,2023-06-14T05:28:54.040Z,"40 km W of Aitape, Papua New Guinea",earthquake,7.34,7.479,0.071,62,reviewed,us,us
2023-06-14T05:09:08.170Z,19.1593341827393,-155.492172241211,35.1199989318848,1.95000005,md,37,125,,0.119999997,hv,hv73450562,2023-06-14T05:12:24.970Z,"",earthquake,0.7,0.850000024,0.879999995,7,automatic,hv,hv
2023-06-14T05:08:20.510Z,36.5036667,-121.0758333,7.81,1.41,md,23,121,0.05039,0.06,nc,nc73900951,2023-06-14T11:39:16.499Z,"7km ESE of Pinnacles, CA",earthquake,0.24,0.47,0.174,18,reviewed,nc,nc
2023-06-14T05:06:43.340Z,51.8681666666667,-178.074333333333,2.37,0.76,ml,5,181,,0.2,av,av91925511,2023-06-17T00:45:36.490Z,"99 km W of Adak, Alaska",earthquake,1.04,1.71,0.319252892029277,5,reviewed,av,av
2023-06-14T04:55:24.460Z,35.6271667,-117.4586667,9.73,1.49,ml,25,68,0.04737,0.17,ci,ci40485312,2023-06-14T17:09:34.565Z,"16km SSW of Searles Valley, CA",earthquake,0.26,0.53,0.131,10,reviewed,ci,ci
2023-06-14T04:54:35.656Z,62.1746,-151.2353,70.2,2,ml,,,,0.62,ak,ak0237kydn9p,2023-06-19T22:36:27.199Z,"22 km NNE of Skwentna, Alaska",earthquake,,0.3,,,reviewed,ak,ak
2023-06-14T04:50:38.910Z,60.0646666666667,-153.083166666667,1.7,-0.77,ml,4,286,,0.14,av,av91925501,2023-06-17T00:27:15.970Z,"65 km ENE of Pedro Bay, Alaska",earthquake,1.32,0.81,0.14577741338223,4,reviewed,av,av
2023-06-14T04:45:59.720Z,33.9591667,-117.7113333,12.49,0.98,ml,52,49,0.0534,0.16,ci,ci40485296,2023-06-14T16:56:39.986Z,"6km SE of Chino Hills, CA",earthquake,0.24,0.42,0.078,12,reviewed,ci,ci
2023-06-14T04:44:49.253Z,63.4521,-147.4697,6.2,1.3,ml,,,,1.06,ak,ak0237kybj7i,2023-06-19T22:36:26.986Z,"74 km E of Cantwell, Alaska",earthquake,,0.2,,,reviewed,ak,ak
2023-06-14T04:42:26.840Z,61.5988,-146.4525,14.9,1.5,ml,,,,0.62,ak,ak0237kyb1zk,2023-06-19T22:36:26.725Z,"46 km SSE of Nelchina, Alaska",earthquake,,0.4,,,reviewed,ak,ak
2023-06-14T04:37:16.340Z,35.991,-121.4768333,12.19,1.5,md,37,172,0.1111,0.13,nc,nc73900946,2023-06-14T11:03:17.292Z,"9km ESE of Lopez Point, CA",earthquake,0.29,0.35,0.165,29,reviewed,nc,nc
2023-06-14T04:32:34.354Z,51.898,178.2163,151.1,2.3,ml,,,,0.32,ak,ak0237ky8xhj,2023-06-19T23:33:44.512Z,"Rat Islands, Aleutian Islands, Alaska",earthquake,,0.5,,,reviewed,ak,ak
2023-06-14T04:31:42.710Z,18.7875,-64.8543,33,3.82,md,21,268,0.4469,0.27,pr,pr2023165005,2023-06-15T01:34:48.040Z,"49 km N of Charlotte Amalie, U.S. Virgin Islands",earthquake,1.34,3.77,0.08,15,reviewed,pr,pr
2023-06-14T04:26:38.033Z,51.9308,177.7987,5,2.1,ml,,,,0.73,ak,ak0237ky7o33,2023-06-19T22:36:26.523Z,"Rat Islands, Aleutian Islands, Alaska",earthquake,,1,,,reviewed,ak,ak
2023-06-14T04:21:42.614Z,51.5522,-179.9159,71.5,1.9,ml,,,,0.43,ak,ak0237ky6l8v,2023-06-19T22:36:26.300Z,"229 km W of Adak, Alaska",earthquake,,0.5,,,reviewed,ak,ak
2023-06-14T04:21:30.830Z,36.9818333,-121.6421667,3.92,2.57,md,84,39,0.05324,0.16,nc,nc73900941,2023-06-20T15:00:53.078Z,"7km WSW of Gilroy, CA",earthquake,0.13,0.31,0.145,116,reviewed,nc,nc
2023-06-14T04:16:59.950Z,48.79633333333334,-121.8485,-0.52,1.27,ml,6,100,0.1267,0.5,uw,uw61933001,2023-06-15T17:30:27.520Z,"12 km SE of Glacier, Washington",earthquake,1.37,3.53,0.07419390203120124,5,reviewed,uw,uw
2023-06-14T04:13:48.350Z,58.235,-155.159166666667,0.6,0.2,ml,6,117,,0.03,av,av91925481,2023-06-17T00:21:17.570Z,"Alaska Peninsula",earthquake,0.31,2.08,0.107414623741266,7,reviewed,av,av
2023-06-14T04:08:56.520Z,40.233,-121.1705,5.27,2.44,md,19,77,0.02418,0.09,nc,nc73900936,2023-06-14T13:46:15.270Z,"2km NNE of Almanor, CA",earthquake,0.29,0.2,0.185,27,reviewed,nc,nc
2023-06-14T04:08:49.050Z,38.8183327,-122.8273315,2.6,0.63,md,10,109,0.00768,0.02,nc,nc73900931,2023-06-14T04:24:14.069Z,"8km NW of The Geysers, CA",earthquake,0.62,1.25,0.16,12,automatic,nc,nc
2023-06-14T04:08:33.740Z,40.2301667,-121.1708333,5.96,2.19,md,19,75,0.02619,0.1,nc,nc73900926,2023-06-14T13:31:16.177Z,"2km NNE of Almanor, CA",earthquake,0.39,0.3,0.241,27,reviewed,nc,nc
2023-06-14T04:03:39.187Z,51.5406,-167.2115,2,2.1,ml,,,,0.39,ak,ak0237ky2psu,2023-06-19T22:36:26.101Z,"192 km SE of Nikolski, Alaska",earthquake,,2.8,,,reviewed,ak,ak
2023-06-14T04:01:36.091Z,60.3272,-141.2945,9.2,1.4,ml,,,,0.82,ak,ak0237ky2ag6,2023-06-19T22:36:25.853Z,"123 km NW of Yakutat, Alaska",earthquake,,0.2,,,reviewed,ak,ak
2023-06-14T03:57:10.231Z,66.3616,-157.3454,14.5,1,ml,,,,0.5,ak,ak0237kxsswa,2023-06-19T23:33:44.331Z,"59 km S of Shungnak, Alaska",earthquake,,1.1,,,reviewed,ak,ak
2023-06-14T03:53:58.609Z,39.6263,-119.3567,10.7,1.3,ml,10,94.1,0.087,0.1446,nn,nn00861199,2023-06-14T15:46:48.098Z,"6 km W of Wadsworth, Nevada",earthquake,,1.5,0.11,7,reviewed,nn,nn
2023-06-14T03:51:57.600Z,18.1301666666667,-66.939,17.19,2.59,md,17,64,0.06777,0.2,pr,pr71413388,2023-06-14T04:10:17.180Z,"6 km NNE of Sabana Grande, Puerto Rico",earthquake,0.39,0.73,0.107363853066945,9,reviewed,pr,pr
2023-06-14T03:46:25.421Z,31.56102374,-104.0914476,5.720239258,3.2,ml,13,76,0.0286030539,0.1,tx,tx2023lnxz,2023-06-17T18:27:55.139Z,"39 km NW of Toyah, Texas",earthquake,0.8277786453,0.8098128048,0.1,15,reviewed,tx,tx
2023-06-14T03:41:05.780Z,18.1388333333333,-66.9536666666667,16.28,2.36,md,6,173,0.1776,0.11,pr,pr71413383,2023-06-14T04:06:21.110Z,"",earthquake,0.62,1.36,0.0287703668952619,3,reviewed,pr,pr
2023-06-14T03:37:24.580Z,19.4088333333333,-155.405333333333,7.97,2.14,ml,44,55,,0.11,hv,hv73450532,2023-06-14T04:47:58.650Z,"18 km WSW of Volcano, Hawaii",earthquake,0.25,0.55,0.10011810408871,10,reviewed,hv,hv
2023-06-14T03:34:45.290Z,38.8218333,-122.8181667,2.55,0.05,md,20,50,0.006511,0.07,nc,nc73900921,2023-06-14T21:35:19.064Z,"7km NW of The Geysers, CA",earthquake,0.26,0.39,0.366,19,reviewed,nc,nc
2023-06-14T03:33:01.225Z,62.489,-151.5301,86.9,1,ml,,,,0.23,ak,ak0237kxnn0q,2023-06-19T22:36:31.814Z,"Central Alaska",earthquake,,1.2,,,reviewed,ak,ak
2023-06-14T03:24:00.870Z,18.1228333333333,-66.9381666666667,16.26,2.36,md,7,163,0.1573,0.07,pr,pr71413378,2023-06-14T03:55:02.053Z,"5 km NNE of Sabana Grande, Puerto Rico",earthquake,0.49,0.8,0.130420606565874,6,reviewed,pr,pr
2023-06-14T03:18:13.800Z,52.0981666666667,-176.176666666667,8.23,-0.17,ml,4,268,,0.08,av,av91925451,2023-06-16T23:10:50.440Z,"40 km NE of Adak, Alaska",earthquake,0.96,1.03,0.111329870802868,4,reviewed,av,av
2023-06-14T03:16:45.120Z,36.544,-121.1293333,3.17,1.46,md,26,110,0.01756,0.14,nc,nc73900916,2023-06-14T14:27:16.489Z,"2km NE of Pinnacles, CA",earthquake,0.27,0.43,0.094,21,reviewed,nc,nc
2023-06-14T03:14:30.466Z,51.4674,-175.4614,25.3,2.1,ml,,,,0.44,ak,ak0237kxjmp7,2023-06-19T22:36:25.611Z,"92 km ESE of Adak, Alaska",earthquake,,1.2,,,reviewed,ak,ak
2023-06-14T03:13:43.940Z,18.1251666666667,-66.9443333333333,21.58,2.97,md,30,45,0.06906,0.22,pr,pr71413373,2023-06-15T00:41:26.040Z,"Puerto Rico region",earthquake,0.27,0.74,0.0987780668183496,10,reviewed,pr,pr
2023-06-14T03:13:22.507Z,38.877,-119.6367,3.1,1,ml,9,221.27,0.027,0.1735,nn,nn00861253,2023-06-15T16:55:40.269Z,"1 km NNE of Carter Springs, Nevada",earthquake,,1.9,0.19,4,reviewed,nn,nn
2023-06-14T03:13:17.140Z,18.1121,-66.9516,20,3.6,ml,24,61,0.1485,0.3,pr,pr2023165004,2023-06-15T03:40:40.604Z,"3 km NNE of Sabana Grande, Puerto Rico",earthquake,0.53,1.62,0,0,reviewed,pr,pr
2023-06-14T03:11:16.855Z,50.3087,178.1044,19.3,2.4,ml,,,,0.51,ak,ak0237kxiyh1,2023-06-19T22:36:31.612Z,"",earthquake,,7,,,reviewed,ak,ak
2023-06-14T03:11:14.350Z,33.4683333,-116.8838333,14.07,0.57,ml,26,67,0.02667,0.12,ci,ci40485264,2023-06-14T13:53:01.052Z,"3km NNW of Aguanga, CA",earthquake,0.2,0.48,0.058,7,reviewed,ci,ci
2023-06-14T03:10:58.540Z,33.4625,-116.8871667,15.53,0.7,ml,38,29,0.02794,0.16,ci,ci40485256,2023-06-14T16:43:55.311Z,"3km NW of Aguanga, CA",earthquake,0.19,0.46,0.102,11,reviewed,ci,ci
2023-06-14T03:05:58.441Z,58.1784,-155.3665,5.6,2,ml,,,,0.51,ak,ak0237kxhrdo,2023-06-19T22:36:25.392Z,"86 km NW of Karluk, Alaska",earthquake,,0.1,,,reviewed,ak,ak
2023-06-14T03:02:08.283Z,61.1692,-147.4389,0,1.1,ml,,,,0.8,ak,ak0237kxh0eo,2023-06-19T23:33:43.741Z,"53 km NW of Tatitlek, Alaska",ice quake,,0,,,reviewed,ak,ak
2023-06-14T03:01:12.110Z,19.9931666666667,-155.6155,10.84,1.84,md,26,195,,0.15,hv,hv73450512,2023-06-14T04:54:18.960Z,"6 km ESE of Waimea, Hawaii",earthquake,0.6,0.38,0.109136041632633,12,reviewed,hv,hv
2023-06-14T02:59:56.310Z,58.2258333333333,-155.176166666667,3.93,-0.24,ml,8,131,,0.06,av,av91925421,2023-06-19T22:34:54.114Z,"84 km NNW of Karluk, Alaska",earthquake,0.33,0.6,0.221445589617292,8,reviewed,av,av
2023-06-14T02:53:38.480Z,33.0366667,-116.4143333,10.3,0.6,ml,18,91,0.04521,0.14,ci,ci40485240,2023-06-14T16:25:13.192Z,"18km ESE of Julian, CA",earthquake,0.23,0.39,0.055,4,reviewed,ci,ci
2023-06-14T02:43:38.170Z,38.7871666,-122.7471695,1.17,1.06,md,15,83,0.009057,0.03,nc,nc73900911,2023-06-14T03:00:14.436Z,"1km NE of The Geysers, CA",earthquake,0.24,0.43,0.13,15,automatic,nc,nc
2023-06-14T02:42:53.443Z,51.774,177.6155,100.9,2.4,ml,,,,0.43,ak,ak0237kx48w0,2023-06-19T22:36:31.419Z,"Rat Islands, Aleutian Islands, Alaska",earthquake,,0.7,,,reviewed,ak,ak
2023-06-14T02:36:05.615Z,63.0175,-151.0624,118.9,1.6,ml,,,,0.5,ak,ak0237kx2v76,2023-06-19T22:36:24.982Z,"60 km NNW of Petersville, Alaska",earthquake,,0.8,,,reviewed,ak,ak
2023-06-14T02:34:34.714Z,-8.5169,116.8042,10,4.4,mb,23,81,1.01,0.79,us,us7000k8be,2023-06-14T23:47:31.040Z,"15 km E of Labuan Lombok, Indonesia",earthquake,4.68,1.914,0.179,10,reviewed,us,us
2023-06-14T02:23:30.490Z,33.5245,-115.8643333,5.47,1.4,ml,42,53,0.03925,0.18,ci,ci40485224,2023-06-14T16:11:51.403Z,"7km E of North Shore, CA",earthquake,0.22,0.43,0.216,22,reviewed,ci,ci
2023-06-14T02:20:51.862Z,63.0952,-150.9024,125.6,1.2,ml,,,,0.26,ak,ak0237kwzj0i,2023-06-19T22:36:31.233Z,"64 km SE of Denali National Park, Alaska",earthquake,,1.3,,,reviewed,ak,ak
2023-06-14T02:09:30.244Z,60.6291,-149.4076,2.5,1.1,ml,,,,0.87,ak,ak0237kwx4g1,2023-06-19T22:36:24.775Z,"15 km N of Moose Pass, Alaska",earthquake,,0.5,,,reviewed,ak,ak
2023-06-14T02:09:18.730Z,38.8235016,-122.7838364,0.78,0.94,md,14,109,0.01052,0.03,nc,nc73900901,2023-06-14T02:33:14.273Z,"5km W of Cobb, CA",earthquake,0.34,0.66,0.23,15,automatic,nc,nc
2023-06-14T02:08:59.370Z,53.9175,-166.693166666667,2.54,-0.32,ml,5,165,,0.22,av,av91925396,2023-06-16T22:12:13.280Z,"10 km WNW of Dutch Harbor, Alaska",earthquake,0.81,1.69,0.128763150852366,5,reviewed,av,av
2023-06-14T02:03:37.173Z,36.6527,-116.2714,7.2,0.7,ml,34,94.59,0.055,0.1212,nn,nn00861196,2023-06-14T15:37:28.235Z,"51 km ESE of Beatty, Nevada",earthquake,,0.6,0.41,16,reviewed,nn,nn
2023-06-14T02:01:09.603Z,63.6075,-149.8461,122.7,1.2,ml,,,,0.43,ak,ak0237kwvd5c,2023-06-19T22:36:31.031Z,"48 km WSW of Denali Park, Alaska",earthquake,,1.2,,,reviewed,ak,ak
2023-06-14T01:49:39.690Z,33.9885,-116.8341667,15.87,0.87,ml,19,70,0.05144,0.23,ci,ci40485200,2023-06-14T13:06:21.354Z,"8km NNE of Banning, CA",earthquake,0.57,1.07,0.176,17,reviewed,ci,ci
2023-06-14T01:48:22.946Z,59.3791,-153.1742,94,1.7,ml,,,,0.47,ak,ak0237kwk17t,2023-06-19T22:36:24.536Z,"Southern Alaska",earthquake,,0.4,,,reviewed,ak,ak
2023-06-14T01:41:10.113Z,65.1593,-150.2618,19.1,1.5,ml,,,,0.65,ak,ak0237kwii83,2023-06-19T22:36:30.797Z,"24 km NE of Manley Hot Springs, Alaska",earthquake,,0.5,,,reviewed,ak,ak
2023-06-14T01:33:52.101Z,65.106,-150.5346,14.7,2.4,ml,,,,0.6,ak,ak0237kwgw8d,2023-06-19T22:36:24.344Z,"12 km NNE of Manley Hot Springs, Alaska",earthquake,,0.4,,,reviewed,ak,ak
2023-06-14T01:31:56.039Z,62.5908,-151.2726,87,2.4,ml,,,,0.87,ak,ak0237kwggn9,2023-06-19T22:36:24.056Z,"28 km WNW of Petersville, Alaska",earthquake,,0.4,,,reviewed,ak,ak
2023-06-14T01:29:31.200Z,58.2405,-155.162333333333,3.6,-0.07,ml,8,114,,0.07,av,av91925371,2023-06-19T22:34:47.260Z,"85 km NNW of Karluk, Alaska",earthquake,0.27,0.54,0.105529447626247,8,reviewed,av,av
2023-06-14T01:27:52.900Z,61.4335,-149.8521,41.1,1,ml,,,,0.47,ak,ak0237kwflh1,2023-06-19T22:36:23.861Z,"7 km WSW of Knik, Alaska",earthquake,,0.8,,,reviewed,ak,ak
2023-06-14T01:22:47.920Z,34.3855,-119.3646667,2.58,1.25,ml,16,102,0.1457,0.26,ci,ci40485184,2023-06-14T15:59:22.239Z,"13km WSW of Ojai, CA",earthquake,0.48,0.82,0.1,9,reviewed,ci,ci
2023-06-14T01:19:26.060Z,36.1493333,-118.1798333,4.58,2.44,ml,31,66,0.265,0.16,ci,ci40485176,2023-06-14T15:46:36.820Z,"22km SW of Olancha, CA",earthquake,0.19,1.09,0.179,48,reviewed,ci,ci
2023-06-14T01:16:21.950Z,19.5543,-65.7555,55,3.77,md,13,243,1.3335,0.5,pr,pr2023165003,2023-06-14T03:49:33.624Z,"124 km N of Suárez, Puerto Rico",earthquake,5.16,19.7,0.1,6,reviewed,pr,pr
2023-06-14T01:14:37.990Z,58.1888333333333,-155.304333333333,3.37,0.45,ml,8,192,,0.07,av,av91925351,2023-06-16T20:46:06.610Z,"85 km NW of Karluk, Alaska",earthquake,0.46,1.19,0.398896684868722,8,reviewed,av,av
2023-06-14T01:13:58.380Z,53.9773333333333,-166.1905,14.65,0.36,ml,11,212,,0.32,av,av91925341,2023-06-16T20:31:55.510Z,"25 km ENE of Dutch Harbor, Alaska",earthquake,1.85,3.93,0.199365349312351,15,reviewed,av,av
2023-06-14T01:13:48.820Z,19.544,-65.772,31,3.78,md,17,278,1.2736,0.48,pr,pr2023165002,2023-06-14T02:16:26.450Z,"123 km N of Suárez, Puerto Rico",earthquake,2.78,29.8,0.09,12,reviewed,pr,pr
2023-06-14T01:11:55.958Z,60.0536,-152.334,97.8,1.6,ml,,,,0.35,ak,ak0237kwc68l,2023-06-19T22:36:23.628Z,"35 km WNW of Happy Valley, Alaska",earthquake,,0.5,,,reviewed,ak,ak
2023-06-14T01:03:17.928Z,51.1363,-178.4341,19.3,1.5,ml,,,,0.41,ak,ak0237kwadm8,2023-06-19T22:36:30.592Z,"149 km SW of Adak, Alaska",earthquake,,0.8,,,reviewed,ak,ak
2023-06-14T00:55:11.730Z,19.3713340759277,-155.01383972168,2.92000007629395,1.86,ml,29,160,,0.25,hv,hv73450472,2023-06-14T01:00:55.930Z,"14 km SW of Leilani Estates, Hawaii",earthquake,0.74,1.41999996,0.42,4,automatic,hv,hv
2023-06-14T00:48:49.790Z,38.7888333,-122.7076667,1.92,1.04,md,31,79,0.007655,0.04,nc,nc73900881,2023-06-14T21:23:20.000Z,"2km NW of Anderson Springs, CA",earthquake,0.18,0.27,0.222,27,reviewed,nc,nc
2023-06-14T00:41:41.000Z,33.462,-116.4323333,5.78,0.69,ml,27,102,0.06149,0.15,ci,ci40485168,2023-06-14T15:30:03.792Z,"24km NNW of Borrego Springs, CA",earthquake,0.22,0.63,0.084,15,reviewed,ci,ci
2023-06-14T00:37:58.969Z,56.4997,-148.61,10,4.1,mb,29,148,2.519,0.88,us,us7000k8am,2023-06-19T23:33:43.370Z,"254 km ESE of Chiniak, Alaska",earthquake,7.54,1.985,0.198,7,reviewed,us,us
2023-06-14T00:35:43.680Z,36.5521667,-121.1333333,2.64,1.36,md,17,125,0.02268,0.13,nc,nc73900876,2023-06-14T13:16:17.072Z,"2km NNE of Pinnacles, CA",earthquake,0.26,0.36,0.083,14,reviewed,nc,nc
2023-06-14T00:30:31.900Z,61.179,-152.255833333333,5.36,-0.36,ml,6,247,,0.1,av,av91925291,2023-06-16T18:30:22.760Z,"Southern Alaska",earthquake,0.75,0.49,0.13029604339158,6,reviewed,av,av
2023-06-14T00:30:07.590Z,19.6085,-65.7691,11,3.65,md,22,245,1.337,0.39,pr,pr2023165000,2023-06-14T01:13:12.602Z,"Puerto Rico region",earthquake,2.31,3.6,0.08,18,reviewed,pr,pr
2023-06-14T00:26:46.010Z,19.4413,-65.7201,94,4.02,md,13,273,1.2153,0.6,pr,pr2023165001,2023-06-14T03:39:02.783Z,"112 km N of Suárez, Puerto Rico",earthquake,6.42,10.7,0.06,10,reviewed,pr,pr
2023-06-14T00:24:24.590Z,51.3705,-178.2542,22.1,1.7,ml,,,,0.43,ak,ak0237kvtghs,2023-06-19T22:36:23.042Z,"125 km WSW of Adak, Alaska",earthquake,,0.7,,,reviewed,ak,ak
2023-06-14T00:23:01.835Z,62.1054,-150.3541,4.2,1.1,ml,,,,0.82,ak,ak0237kvt705,2023-06-19T22:36:22.837Z,"24 km SSW of Trapper Creek, Alaska",earthquake,,0.4,,,reviewed,ak,ak
2023-06-14T00:11:06.960Z,40.5115,-124.4863333,16.38,1.85,md,25,222,0.1191,0.13,nc,nc73900871,2023-06-14T12:50:15.037Z,"20km WSW of Ferndale, CA",earthquake,0.9,0.35,0.083,10,reviewed,nc,nc
2023-06-14T00:04:24.910Z,40.5088333,-124.4831667,17.1,2.81,md,36,235,0.116,0.16,nc,nc73900856,2023-06-16T03:48:47.040Z,"20km WSW of Ferndale, CA",earthquake,0.63,0.34,0.119,55,reviewed,nc,nc
2023-06-14T00:03:23.930Z,17.9531666666667,-66.9618333333333,6.84,2.16,md,5,208,0.08007,0.1,pr,pr71413298,2023-06-14T00:17:36.590Z,"6 km WSW of Guánica, Puerto Rico",earthquake,0.91,0.33,0.0324033517977793,5,reviewed,pr,pr
2023-06-13T23:55:07.340Z,51.8518333333333,-178.049166666667,0.8,0.87,ml,4,165,,0.16,av,av91925271,2023-06-19T04:02:03.050Z,"97 km W of Adak, Alaska",earthquake,0.57,1.66,0.265065686872568,4,reviewed,av,av
2023-06-13T23:53:16.655Z,51.4879,-178.5148,13.4,1.2,ml,,,,0.6,ak,ak0237jm5a4x,2023-06-20T01:06:59.665Z,"136 km WSW of Adak, Alaska",earthquake,,0.7,,,reviewed,ak,ak
2023-06-13T23:51:05.490Z,33.5366667,-116.6791667,9.15,0.48,ml,27,45,0.05637,0.13,ci,ci40485128,2023-06-14T15:23:37.471Z,"2km SSW of Anza, CA",earthquake,0.17,0.43,0.088,10,reviewed,ci,ci
2023-06-13T23:48:43.150Z,37.4351667,-118.7061667,2.51,1.44,md,14,114,0.1402,0.13,nc,nc73900851,2023-06-14T12:23:19.767Z,"10km WNW of Round Valley, CA",earthquake,1.1,3.77,0.309,14,reviewed,nc,nc
2023-06-13T23:45:45.490Z,42.53966666666667,-122.8345,-1.51,1.9100000000000001,ml,10,69,0.1877,0.3,uw,uw61932841,2023-06-19T20:43:34.680Z,"7 km NNW of Eagle Point, Oregon",explosion,0.67,31.61,0.1866359766722645,7,reviewed,uw,uw
2023-06-13T23:45:32.616Z,62.5068,-149.6675,65.2,1,ml,,,,0.51,ak,ak0237jm3ln1,2023-06-20T01:06:59.461Z,"23 km ENE of Chase, Alaska",earthquake,,0.5,,,reviewed,ak,ak
2023-06-13T23:41:37.345Z,51.8493,-169.6541,16.1,2.1,ml,,,,0.82,ak,ak0237jm2r52,2023-06-20T01:06:59.259Z,"132 km SSW of Nikolski, Alaska",earthquake,,15,,,reviewed,ak,ak
2023-06-13T23:39:10.080Z,-30.0798,-177.7162,35.51,4.9,mb,26,127,0.834,0.57,us,us7000k8a8,2023-06-13T23:57:01.040Z,"Kermadec Islands, New Zealand",earthquake,11.74,8.158,0.122,21,reviewed,us,us
2023-06-13T23:33:04.493Z,51.4812,-178.4835,10.8,1.1,ml,,,,0.57,ak,ak0237jm0yvl,2023-06-20T01:06:59.059Z,"135 km WSW of Adak, Alaska",earthquake,,0.7,,,reviewed,ak,ak
2023-06-13T23:32:13.964Z,51.1261,178.527,13.2,1.3,ml,,,,0.56,ak,ak0237jm0rw4,2023-06-20T01:06:58.867Z,"Rat Islands, Aleutian Islands, Alaska",earthquake,,4.1,,,reviewed,ak,ak
2023-06-13T23:31:24.895Z,58.3614,-133.4592,0,1.7,ml,,,,0.49,ak,ak0237jm0l0p,2023-06-20T01:06:58.682Z,"56 km E of Juneau, Alaska",ice quake,,0,,,reviewed,ak,ak
2023-06-13T23:23:30.790Z,35.035,-117.6845,0.26,1.6,ml,33,43,0.1008,0.14,ci,ci40485120,2023-06-14T15:13:36.863Z,"5km NW of Boron, CA",quarry blast,0.26,31.61,0.155,23,reviewed,ci,ci
2023-06-13T23:21:19.489Z,51.5118,-178.5221,19.3,1.2,ml,,,,0.57,ak,ak0237jlyffw,2023-06-20T01:06:58.485Z,"136 km WSW of Adak, Alaska",earthquake,,0.3,,,reviewed,ak,ak
2023-06-13T23:21:18.580Z,53.9298333333333,-166.555,10.53,0.56,ml,13,159,,0.23,av,av91925261,2023-06-19T03:59:37.250Z,"4 km N of Dutch Harbor, Alaska",earthquake,0.96,1.24,0.152818806598432,13,reviewed,av,av
2023-06-13T23:15:59.913Z,-23.0455,179.223,551.92,4.8,mb,45,66,5.387,1.06,us,us7000k8a1,2023-06-13T23:32:25.040Z,"south of the Fiji Islands",earthquake,12.41,9.776,0.093,36,reviewed,us,us
2023-06-13T23:15:30.995Z,62.032,-136.1255,24.1,1.6,ml,,,,0.6,ak,ak0237jlx617,2023-06-20T01:06:58.290Z,"157 km NNW of Whitehorse, Canada",earthquake,,5.1,,,reviewed,ak,ak
2023-06-13T23:15:07.897Z,61.6805,-150.1411,38.6,1.6,ml,,,,0.64,ak,ak0237jlx47j,2023-06-20T01:06:49.943Z,"9 km SW of Willow, Alaska",earthquake,,0.6,,,reviewed,ak,ak
2023-06-13T23:12:27.427Z,51.5484,-177.6538,44.8,1.2,ml,,,,0.41,ak,ak0237jlwhvu,2023-06-20T01:06:49.743Z,"79 km WSW of Adak, Alaska",earthquake,,1.2,,,reviewed,ak,ak
2023-06-13T23:10:38.510Z,58.276,-155.374,11.42,-0.72,ml,6,239,,0.29,av,av91107463,2023-06-15T01:49:23.040Z,"88 km ESE of King Salmon, Alaska",earthquake,2.67,1.57,0.398374184626872,6,reviewed,av,av
2023-06-13T23:09:27.002Z,54.7279,-161.6304,52.6,2.8,ml,,,,0.49,ak,ak0237jlvvge,2023-06-20T01:06:49.519Z,"57 km SE of King Cove, Alaska",earthquake,,1.6,,,reviewed,ak,ak
2023-06-13T23:04:52.490Z,38.8296661,-122.8131638,1.81,0.77,md,20,45,0.006711,0.05,nc,nc73900846,2023-06-14T00:09:13.409Z,"8km NW of The Geysers, CA",earthquake,0.23,0.54,0.15,21,automatic,nc,nc
2023-06-13T23:03:16.197Z,61.8509,-149.2594,13.7,1,ml,,,,0.5,ak,ak0237jluk94,2023-06-20T01:31:35.423Z,"11 km N of Fishhook, Alaska",earthquake,,0.2,,,reviewed,ak,ak
2023-06-13T23:00:36.955Z,51.4824,-178.5155,18.8,1.6,ml,,,,0.72,ak,ak0237jltyo1,2023-06-20T01:06:49.109Z,"Andreanof Islands, Aleutian Islands, Alaska",earthquake,,0.4,,,reviewed,ak,ak
2023-06-13T22:59:06.830Z,32.8986667,-116.9543333,4.55,1.18,ml,23,108,0.06092,0.23,ci,ci40485112,2023-06-14T15:05:15.760Z,"6km NNW of Lakeside, CA",earthquake,0.62,1.56,0.098,4,reviewed,ci,ci
2023-06-13T22:52:46.870Z,33.341,-116.3313333,11.76,1.42,ml,67,34,0.02802,0.18,ci,ci40485104,2023-06-14T14:52:13.590Z,"10km NNE of Borrego Springs, CA",earthquake,0.15,0.25,0.156,41,reviewed,ci,ci
2023-06-13T22:52:26.055Z,66.3482,-157.4435,19,1,ml,,,,0.27,ak,ak0237jljnjh,2023-06-20T01:06:58.093Z,"61 km SSW of Shungnak, Alaska",earthquake,,1.2,,,reviewed,ak,ak
2023-06-13T22:51:41.460Z,40.5053333,-124.4676667,16.35,2.26,md,27,222,0.1036,0.11,nc,nc73900836,2023-06-15T01:19:12.350Z,"19km WSW of Ferndale, CA",earthquake,0.54,0.32,0.262,21,reviewed,nc,nc
2023-06-13T22:50:46.540Z,51.8581666666667,-178.047333333333,-1.8,0.65,ml,5,154,,0.21,av,av91925231,2023-06-19T03:42:28.540Z,"Andreanof Islands, Aleutian Islands, Alaska",earthquake,0.54,1.41,0.27963407572648,5,reviewed,av,av
2023-06-13T22:48:40.680Z,33.3466667,-116.3285,11.59,0.89,ml,29,64,0.02226,0.21,ci,ci40485088,2023-06-14T14:29:21.643Z,"11km NNE of Borrego Springs, CA",earthquake,0.3,0.54,0.09,8,reviewed,ci,ci
2023-06-13T22:46:00.649Z,53.0712,-164.5919,37.7,2,ml,,,,0.51,ak,ak0237jliba8,2023-06-20T01:06:57.862Z,"",earthquake,,0.9,,,reviewed,ak,ak
2023-06-13T22:45:43.790Z,36.5368333,-121.1455,2.6,3.29,ml,65,107,0.005624,0.12,nc,nc73900831,2023-06-14T17:52:10.156Z,"1km NNW of Pinnacles, CA",earthquake,0.15,0.24,0.21,78,reviewed,nc,nc
2023-06-13T22:42:16.430Z,19.263500213623,-155.372497558594,28.7299995422363,2.1099999,md,42,135,,0.129999995,hv,hv73450377,2023-06-13T22:46:18.850Z,"13 km ENE of Pāhala, Hawaii",earthquake,0.56,0.699999988,1.71000004,22,automatic,hv,hv
2023-06-13T22:41:37.000Z,44.4593333,-110.9481667,18.53,0.93,ml,7,173,0.1748,0.28,uu,uu60542156,2023-06-14T13:18:47.770Z,"Wyoming",earthquake,1.88,4.78,0.178,2,reviewed,uu,uu
2023-06-13T22:39:07.360Z,51.848,-178.041,2.81,0.56,ml,5,148,,0.21,av,av91107918,2023-06-19T03:38:01.420Z,"Andreanof Islands, Aleutian Islands, Alaska",earthquake,0.64,1.05,0.258673266237204,5,reviewed,av,av
2023-06-13T22:39:05.930Z,44.4681667,-110.8578333,13.94,0.74,md,8,171,0.02306,0.25,uu,uu60542151,2023-06-14T13:11:35.070Z,"29 km SE of West Yellowstone, Montana",earthquake,2.11,1.8,0.171,5,reviewed,uu,uu
2023-06-13T22:38:59.600Z,51.8565,-178.050666666667,-1.8,0.23,ml,5,161,,0.21,av,av91925211,2023-06-19T03:36:04.700Z,"97 km W of Adak, Alaska",earthquake,0.54,1.24,0.200184775451847,5,reviewed,av,av
2023-06-13T22:34:03.333Z,51.4995,-178.4832,12.5,1.5,ml,,,,0.64,ak,ak0237jlfqxg,2023-06-20T01:06:48.898Z,"134 km WSW of Adak, Alaska",earthquake,,0.3,,,reviewed,ak,ak
2023-06-13T22:33:42.263Z,36.6293,-116.0356,12.7,2.3,ml,41,52.66,0.067,0.141,nn,nn00861193,2023-06-14T05:14:18.872Z,"33 km WNW of Indian Springs, Nevada",earthquake,,0.7,0.31,21,reviewed,nn,nn
2023-06-13T22:30:39.327Z,51.8494,-178.0572,4.1,1.2,ml,,,,0.76,ak,ak0237jleywy,2023-06-20T01:06:48.699Z,"98 km W of Adak, Alaska",earthquake,,0.1,,,reviewed,ak,ak
2023-06-13T22:28:46.907Z,51.8173,178.3735,102.5,1.5,ml,,,,0.3,ak,ak0237jlejyq,2023-06-20T01:06:57.667Z,"Rat Islands, Aleutian Islands, Alaska",earthquake,,0.4,,,reviewed,ak,ak
2023-06-13T22:24:28.118Z,51.4752,-178.4611,12.2,1.4,ml,,,,0.5,ak,ak0237jldnnf,2023-06-20T01:06:57.454Z,"133 km WSW of Adak, Alaska",earthquake,,0.3,,,reviewed,ak,ak
2023-06-13T22:22:29.520Z,63.0776,-150.7886,114.6,1.6,ml,,,,0.34,ak,ak0237jld8en,2023-06-20T01:06:48.444Z,"64 km N of Petersville, Alaska",earthquake,,0.5,,,reviewed,ak,ak
2023-06-13T22:21:39.976Z,39.688,-119.7472,12.9,1.3,ml,7,83.93,0.184,0.1648,nn,nn00861192,2023-06-14T04:46:23.446Z,"Nevada",earthquake,,5.1,0.28,6,reviewed,nn,nn
2023-06-13T22:18:02.160Z,38.7924995,-122.7488327,2.53,0.33,md,10,90,0.01175,0.02,nc,nc73900816,2023-06-13T22:58:14.001Z,"2km NNE of The Geysers, CA",earthquake,0.32,1.52,0.11,9,automatic,nc,nc
2023-06-13T22:12:04.190Z,62.8138,-150.5407,93.9,1.3,ml,,,,0.45,ak,ak0237jlb1ht,2023-06-20T01:06:48.202Z,"37 km NNE of Petersville, Alaska",earthquake,,0.3,,,reviewed,ak,ak
2023-06-13T22:11:04.870Z,44.8528333,-110.3575,5.37,0.86,md,8,138,0.1781,0.13,uu,uu60542146,2023-06-13T22:45:08.880Z,"30 km ESE of Mammoth, Wyoming",earthquake,0.66,9.63,0.36,5,reviewed,uu,uu
2023-06-13T22:04:40.615Z,65.0146,-147.1255,0,0.7,ml,,,,0.3,ak,ak0237jl9eac,2023-06-20T01:06:48.013Z,"16 km NNW of Two Rivers, Alaska",explosion,,0,,,reviewed,ak,ak
2023-06-13T21:59:30.170Z,41.6521667,-122.2248333,0.2,2.03,md,26,46,0.02411,0.11,nc,nc73900811,2023-06-14T06:28:14.772Z,"24km SW of Mount Hebron, CA",earthquake,0.23,0.4,0.327,24,reviewed,nc,nc
2023-06-13T21:54:52.550Z,18.2933333333333,-66.457,47.15,2.69,md,13,94,0.09292,0.15,pr,pr71413293,2023-06-13T22:09:25.820Z,"",earthquake,0.59,0.75,0.0516652006836236,6,reviewed,pr,pr
2023-06-13T21:46:17.030Z,44.7945,-110.9988333,6.26,0.79,md,11,159,0.03555,0.16,uu,uu60542141,2023-06-13T22:41:30.370Z,"15 km E of Hebgen Lake Estates, Montana",earthquake,0.51,0.84,0.254,8,reviewed,uu,uu
2023-06-13T21:44:41.565Z,54.3746,-159.7632,12.3,2.2,ml,,,,0.47,ak,ak0237jkwjek,2023-06-20T01:06:57.266Z,"117 km SSE of Sand Point, Alaska",earthquake,,9.4,,,reviewed,ak,ak
2023-06-13T21:43:53.331Z,-23.1887,-179.8691,526.808,4.8,mb,69,62,4.768,0.8,us,us7000k89j,2023-06-13T21:59:41.040Z,"south of the Fiji Islands",earthquake,10.12,8.093,0.059,89,reviewed,us,us
2023-06-13T21:38:39.210Z,36.9428333,-121.4355,6.22,1.89,md,56,46,,0.1,nc,nc73900806,2023-06-14T21:46:14.121Z,"11km NNW of Hollister, CA",earthquake,0.16,0.45,0.195,47,reviewed,nc,nc
2023-06-13T21:37:56.456Z,62.1889,-148.3572,38.3,0.9,ml,,,,0.52,ak,ak0237jkv2jh,2023-06-20T01:06:57.058Z,"44 km N of Chickaloon, Alaska",earthquake,,0.8,,,reviewed,ak,ak
2023-06-13T21:30:37.990Z,58.1861666666667,-155.331666666667,3.47,0.31,ml,9,200,,0.14,av,av91925146,2023-06-14T00:23:29.650Z,"86 km NW of Karluk, Alaska",earthquake,0.71,1.53,0.326357956270538,9,reviewed,av,av
2023-06-13T21:27:39.566Z,62.8751,-150.4839,82.6,1.3,ml,,,,0.48,ak,ak0237jksw3g,2023-06-20T01:06:47.801Z,"44 km NNE of Petersville, Alaska",earthquake,,0.4,,,reviewed,ak,ak
2023-06-13T21:26:07.330Z,58.185,-155.314333333333,2.03,0.96,ml,6,240,,0.08,av,av91107888,2023-06-19T01:00:54.050Z,"85 km NW of Karluk, Alaska",earthquake,0.5,0.63,0.275128383378961,6,reviewed,av,av
2023-06-13T21:25:57.308Z,58.1902,-155.2947,5.1,1,ml,,,,0.36,ak,ak0237jksi0r,2023-06-20T01:06:47.569Z,"85 km NW of Karluk, Alaska",earthquake,,0.2,,,reviewed,ak,ak
2023-06-13T21:21:45.953Z,52.4615,-169.94,55.9,2.3,ml,,,,0.8,ak,ak0237jkrm7o,2023-06-20T01:06:47.345Z,"90 km SW of Nikolski, Alaska",earthquake,,0.8,,,reviewed,ak,ak
2023-06-13T21:12:50.607Z,58.1626,-155.3607,3,0.7,ml,,,,0.48,ak,ak0237jkpp2e,2023-06-20T01:06:47.140Z,"85 km NW of Karluk, Alaska",earthquake,,0.7,,,reviewed,ak,ak
2023-06-13T21:10:58.450Z,32.4676667,-116.8151667,4.35,1.33,ml,28,123,0.1426,0.22,ci,ci40485032,2023-06-14T14:09:38.810Z,"20km WSW of Tecate, B.C., MX",earthquake,0.5,1.06,0.09,8,reviewed,ci,ci
2023-06-13T21:07:05.835Z,51.5059,-178.46,15.2,1.3,ml,,,,0.32,ak,ak0237jkoj5j,2023-06-20T01:06:56.852Z,"132 km WSW of Adak, Alaska",earthquake,,0.4,,,reviewed,ak,ak
2023-06-13T21:03:57.845Z,51.5195,-178.4477,11.4,1.4,ml,,,,0.56,ak,ak0237jknscb,2023-06-20T01:06:46.927Z,"131 km WSW of Adak, Alaska",earthquake,,0.4,,,reviewed,ak,ak
2023-06-13T21:00:11.904Z,61.715,-149.8802,45.1,1.5,ml,,,,0.55,ak,ak0237jkn1l3,2023-06-20T01:06:46.705Z,"9 km ESE of Willow, Alaska",earthquake,,0.4,,,reviewed,ak,ak
2023-06-13T20:56:22.760Z,33.9333333,-116.8841667,11.71,0.91,ml,33,71,0.1198,0.15,ci,ci40485016,2023-06-14T14:02:20.105Z,"1km NW of Banning, CA",earthquake,0.21,0.73,0.065,15,reviewed,ci,ci
2023-06-13T20:55:47.120Z,51.8576666666667,-178.056166666667,-1.8,0.53,ml,5,170,,0.28,av,av91925091,2023-06-18T23:43:43.890Z,"Andreanof Islands, Aleutian Islands, Alaska",earthquake,0.7,1.63,0.256459803542321,5,reviewed,av,av
2023-06-13T20:54:50.913Z,51.8555,-178.0462,3.5,1.1,ml,,,,0.35,ak,ak0237jkd9sk,2023-06-20T01:06:46.522Z,"97 km W of Adak, Alaska",earthquake,,0.1,,,reviewed,ak,ak
2023-06-13T20:50:56.093Z,33.0372,75.9505,12.318,4.6,mb,133,57,2.327,0.89,us,us7000k89b,2023-06-14T17:40:59.419Z,"eastern Kashmir",earthquake,8.76,4.404,0.049,133,reviewed,us,us
2023-06-13T20:49:34.109Z,62.9338,-151.2448,121.3,1.4,ml,,,,0.58,ak,ak0237jkc623,2023-06-20T01:06:46.315Z,"54 km NNW of Petersville, Alaska",earthquake,,0.3,,,reviewed,ak,ak
2023-06-13T20:46:26.550Z,51.4967,-178.4766,12.1,2.8,ml,,,,0.51,ak,ak0237jkbi2n,2023-06-20T01:06:46.080Z,"134 km WSW of Adak, Alaska",earthquake,,0.3,,,reviewed,ak,ak
2023-06-13T20:44:53.100Z,58.2601666666667,-155.078666666667,4,-0.56,ml,6,122,,0.19,av,av91107703,2023-06-16T21:26:02.170Z,"85 km NNW of Karluk, Alaska",earthquake,0.43,0.89,0.312575519100575,6,reviewed,av,av
2023-06-13T20:44:47.030Z,58.2621666666667,-155.0805,3.9,-0.8,ml,6,121,,0.17,av,av91107698,2023-06-16T21:23:35.160Z,"85 km NNW of Karluk, Alaska",earthquake,0.38,0.78,0.132034515564541,6,reviewed,av,av
2023-06-13T20:43:57.436Z,61.9843,-148.8211,36.2,1,ml,,,,0.63,ak,ak0237jkaxb3,2023-06-20T01:06:56.639Z,"23 km N of Sutton-Alpine, Alaska",earthquake,,0.5,,,reviewed,ak,ak
2023-06-13T20:42:21.436Z,61.2734,-150.1739,47,1.1,ml,,,,0.5,ak,ak0237jkamtb,2023-06-20T01:06:56.446Z,"14 km SW of Point MacKenzie, Alaska",earthquake,,1.2,,,reviewed,ak,ak
2023-06-13T20:39:30.609Z,61.7087,-143.4261,0,0.9,ml,,,,0.65,ak,ak0237jka0dg,2023-06-20T01:06:56.262Z,"40 km NW of McCarthy, Alaska",other event,,0,,,reviewed,ak,ak
2023-06-13T20:37:49.986Z,61.3902,-150.9324,62.8,1.4,ml,,,,0.58,ak,ak0237jk9kwa,2023-06-20T01:06:45.830Z,"28 km SW of Susitna, Alaska",earthquake,,0.5,,,reviewed,ak,ak
2023-06-13T20:36:07.363Z,53.4121,-167.3956,25.9,1.1,ml,,,,0.68,ak,ak0237jk9bfk,2023-06-20T01:06:56.065Z,"76 km SW of Unalaska, Alaska",earthquake,,1.8,,,reviewed,ak,ak
2023-06-13T20:34:46.850Z,58.26,-155.079333333333,3.78,-0.48,ml,6,122,,0.17,av,av91107688,2023-06-16T21:17:55.450Z,"85 km NNW of Karluk, Alaska",earthquake,0.38,0.71,0.324825388976273,6,reviewed,av,av
2023-06-13T20:29:53.000Z,58.2558333333333,-155.093333333333,2.04,-0.86,ml,5,132,,0.05,av,av91107683,2023-06-16T21:15:07.500Z,"85 km NNW of Karluk, Alaska",earthquake,0.25,0.86,0.182016161017721,5,reviewed,av,av
2023-06-13T20:29:51.010Z,38.8078346,-122.82267,1.62,1.02,md,16,65,0.005188,0.07,nc,nc73900796,2023-06-13T21:05:18.238Z,"7km WNW of The Geysers, CA",earthquake,0.27,0.45,0.26,16,automatic,nc,nc
2023-06-13T20:28:56.431Z,52.084,-176.2379,155.975,2.7,ml,25,156,0.038,0.46,us,us7000k897,2023-06-20T01:06:45.354Z,"35 km NE of Adak, Alaska",earthquake,11.31,4.219,0.074,24,reviewed,us,us
2023-06-13T20:28:45.277Z,60.9704,-151.0009,58.2,1.5,ml,,,,0.55,ak,ak0237jk7oqf,2023-06-20T01:06:45.579Z,"13 km SE of Tyonek, Alaska",earthquake,,0.4,,,reviewed,ak,ak
2023-06-13T20:28:24.170Z,58.2641666666667,-155.080333333333,4.73,-0.48,ml,6,119,,0.18,av,av91107678,2023-06-16T21:04:42.280Z,"85 km NNW of Karluk, Alaska",earthquake,0.4,0.69,0.15958033952101,6,reviewed,av,av
2023-06-13T20:27:15.640Z,36.3985,-89.5856666666667,10.13,2.27,md,41,34,0.00498,0.12,nm,nm60529306,2023-06-14T14:35:26.134Z,"",earthquake,0.3,0.56,0.16068016140347,34,reviewed,nm,nm
2023-06-13T20:22:04.060Z,58.2693333333333,-155.077333333333,3.43,-0.77,ml,6,113,,0.28,av,av91107668,2023-06-16T20:58:24.210Z,"Alaska Peninsula",earthquake,0.63,1.24,0.159590438502137,6,reviewed,av,av
2023-06-13T20:21:19.668Z,61.3386,-147.916,18.3,1,ml,,,,0.5,ak,ak0237jk64ml,2023-06-20T01:06:45.137Z,"54 km SSW of Glacier View, Alaska",earthquake,,0.5,,,reviewed,ak,ak
2023-06-13T20:20:00.034Z,51.4491,-177.5985,33.6,1.6,ml,,,,0.41,ak,ak0237jk5ves,2023-06-20T01:06:44.926Z,"81 km SW of Adak, Alaska",earthquake,,1.3,,,reviewed,ak,ak
2023-06-13T20:17:56.332Z,41.6723,80.826,10,4.7,mb,122,47,1.299,0.58,us,us7000k88z,2023-06-13T21:22:44.040Z,"southern Xinjiang, China",earthquake,5.79,1.845,0.052,116,reviewed,us,us
2023-06-13T20:17:52.380Z,58.2541666666667,-155.095166666667,2.26,-0.79,ml,5,134,,0.03,av,av91107663,2023-06-16T20:54:30.830Z,"Alaska Peninsula",earthquake,0.24,0.53,0.163533488014695,5,reviewed,av,av
2023-06-13T20:17:03.540Z,58.2585,-155.0785,3.94,-0.82,ml,6,123,,0.17,av,av91107658,2023-06-16T20:52:10.660Z,"85 km NNW of Karluk, Alaska",earthquake,0.41,0.88,0.184547316966433,6,reviewed,av,av
2023-06-13T20:16:02.210Z,38.7793333,-122.7258333,1.49,1.04,md,33,54,0.009363,0.05,nc,nc73900791,2023-06-14T19:11:18.248Z,"3km E of The Geysers, CA",earthquake,0.16,0.24,0.289,25,reviewed,nc,nc
2023-06-13T20:11:25.100Z,33.8745,-117.5036667,-0.53,1.15,ml,24,66,0.07499,0.23,ci,ci40484960,2023-06-13T20:36:59.502Z,"2km ESE of Home Gardens, CA",quarry blast,0.57,31.61,0.09,7,reviewed,ci,ci
2023-06-13T20:10:48.460Z,38.8161659,-122.7764969,1.8,0.77,md,9,183,0.004374,0.01,nc,nc73900786,2023-06-13T20:33:18.052Z,"5km NNW of The Geysers, CA",earthquake,0.63,1.37,0.25,10,automatic,nc,nc
2023-06-13T20:08:13.330Z,61.4012,-150.889,62.3,3.9,ml,,,,1.06,ak,ak0237jk3bt8,2023-06-20T01:08:35.778Z,"25 km SW of Susitna, Alaska",earthquake,,0.2,,,reviewed,ak,ak
2023-06-13T20:06:23.320Z,38.8196678,-122.8266678,1.79,0.76,md,8,75,0.007384,0.04,nc,nc73900776,2023-06-13T20:23:20.974Z,"8km NW of The Geysers, CA",earthquake,0.49,1.07,0.13,9,automatic,nc,nc
2023-06-13T20:05:33.690Z,35.6751667,-120.989,1.86,1.35,md,19,90,0.1046,0.05,nc,nc73900781,2023-06-14T06:28:14.656Z,"12km WSW of Lake Nacimiento, CA",earthquake,0.19,0.9,0.365,9,reviewed,nc,nc
2023-06-13T20:02:28.830Z,56.0013333333333,-159.712833333333,26.11,0.06,ml,5,312,,0.06,av,av91107583,2023-06-15T23:36:49.450Z,"18 km NW of Ivanof Bay, Alaska",earthquake,1.73,0.7,0.221982015317077,5,reviewed,av,av
2023-06-13T20:01:39.450Z,47.133833333333335,-121.83516666666667,-0.88,0.91,ml,13,145,0.1181,0.09,uw,uw61932716,2023-06-19T20:29:15.630Z,"14 km ESE of Enumclaw, Washington",explosion,0.57,31.61,0.20219161961967613,4,reviewed,uw,uw
2023-06-13T20:00:40.900Z,56.1458333333333,-159.741166666667,23.67,0.46,ml,5,320,,0.19,av,av91925031,2023-06-15T23:16:16.970Z,"31 km NNW of Ivanof Bay, Alaska",earthquake,1.93,0.93,0.252565763107122,5,reviewed,av,av
2023-06-13T19:59:52.840Z,37.6093333,-122.462,7.11,0.64,md,8,152,0.03924,0.06,nc,nc73900771,2023-06-14T06:18:14.749Z,"2km ESE of Pacifica, CA",earthquake,0.34,0.88,0.203,5,reviewed,nc,nc
2023-06-13T19:58:55.120Z,55.9591666666667,-159.713833333333,23.08,0.37,ml,6,314,,0.12,av,av91107578,2023-06-15T23:31:01.980Z,"15 km WNW of Ivanof Bay, Alaska",earthquake,1.19,0.95,0.203539964780549,6,reviewed,av,av
2023-06-13T19:56:04.040Z,56.0103333333333,-159.726333333333,24.37,0.04,ml,4,333,,0.07,av,av91107568,2023-06-15T23:14:56.220Z,"",earthquake,2.5,0.68,0.188063704270029,4,reviewed,av,av
2023-06-13T19:54:50.640Z,55.9793333333333,-159.701833333333,25.14,0.11,ml,6,310,,0.17,av,av91107563,2023-06-15T23:15:30.620Z,"16 km WNW of Ivanof Bay, Alaska",earthquake,1.44,0.96,0.211856907010239,6,reviewed,av,av
2023-06-13T19:54:26.610Z,33.9251667,-117.1278333,15.23,1.12,ml,40,36,0.09037,0.23,ci,ci40484944,2023-06-13T20:30:49.930Z,"9km E of Moreno Valley, CA",earthquake,0.3,0.6,0.18,26,reviewed,ci,ci
2023-06-13T19:54:14.439Z,51.8047,179.5169,107.1,1.4,ml,,,,0.31,ak,ak0237jjrr9f,2023-06-20T01:06:55.868Z,"265 km W of Adak, Alaska",earthquake,,1.4,,,reviewed,ak,ak
2023-06-13T19:53:39.410Z,38.8370018,-122.7779999,1.36,0.59,md,6,93,0.00573,0.01,nc,nc73900766,2023-06-13T20:12:14.896Z,"5km WNW of Cobb, CA",earthquake,0.78,0.94,0.13,8,automatic,nc,nc
2023-06-13T19:53:25.405Z,63.2717,-150.467,122,1.1,ml,,,,0.42,ak,ak0237jjrke4,2023-06-20T01:06:55.657Z,"69 km ESE of Denali National Park, Alaska",earthquake,,1.1,,,reviewed,ak,ak
2023-06-13T19:51:52.211Z,-22.2997,-68.8288,132.481,4.2,mb,19,68,0.631,0.77,us,us7000k89a,2023-06-13T21:03:07.040Z,"19 km NNE of Calama, Chile",earthquake,5.86,6.179,0.263,5,reviewed,us,us
2023-06-13T19:34:26.110Z,58.2211666666667,-155.147333333333,7.32,-0.11,ml,8,119,,0.25,av,av91925026,2023-06-13T20:17:26.470Z,"83 km NNW of Karluk, Alaska",earthquake,0.72,1.24,0.297569521243918,8,reviewed,av,av
2023-06-13T19:30:27.418Z,31.10288632,-103.2689011,0.09018554687,2.3,ml,13,70,0.02647152369,0.2,tx,tx2023lnhp,2023-06-15T08:27:58.796Z,"24 km SW of Coyanosa, Texas",earthquake,1.319938546,0.6467763078,0.1,24,reviewed,tx,tx
2023-06-13T19:27:37.800Z,38.7903328,-122.746666,0.98,0.74,md,8,88,0.01448,0.09,nc,nc73900761,2023-06-13T21:51:16.686Z,"2km NNE of The Geysers, CA",earthquake,0.39,1.21,0.05,7,automatic,nc,nc
2023-06-13T19:23:05.010Z,55.3144,-157.3747,5.2,2.1,ml,,,,0.74,ak,ak0237jjl3c5,2023-06-20T01:06:55.469Z,"126 km SSE of Chignik, Alaska",earthquake,,6.9,,,reviewed,ak,ak
2023-06-13T19:22:34.810Z,51.8571666666667,-178.051166666667,-1.8,0.64,ml,5,161,,0.22,av,av91925016,2023-06-18T23:28:32.940Z,"Andreanof Islands, Aleutian Islands, Alaska",earthquake,0.55,1.35,0.332730976536528,5,reviewed,av,av
2023-06-13T19:22:06.152Z,-29.3364,-176.9515,35,4.9,mb,99,98,0.849,0.62,us,us7000k88g,2023-06-14T16:33:10.040Z,"Kermadec Islands region",earthquake,9.39,1.798,0.057,96,reviewed,us,us
2023-06-13T19:17:54.086Z,51.4357,178.3935,21.6,2,ml,,,,0.39,ak,ak0237jjjx5u,2023-06-20T01:06:44.279Z,"Rat Islands, Aleutian Islands, Alaska",earthquake,,0.4,,,reviewed,ak,ak
2023-06-13T19:15:15.814Z,53.3325,-164.1524,25.5,2.4,ml,,,,0.66,ak,ak0237jjjeu0,2023-06-20T01:06:44.056Z,"Unimak Island region, Alaska",earthquake,,2.9,,,reviewed,ak,ak
2023-06-13T19:12:45.924Z,57.4691,-155.5875,7.7,1.3,ml,,,,0.4,ak,ak0237jjitm8,2023-06-20T01:06:55.264Z,"Alaska Peninsula",earthquake,,0.6,,,reviewed,ak,ak
2023-06-13T19:04:55.368Z,61.9564,-147.5697,37.6,1.3,ml,,,,0.56,ak,ak0237jjh4jq,2023-06-20T01:06:43.847Z,"17 km NNE of Glacier View, Alaska",earthquake,,0.4,,,reviewed,ak,ak
2023-06-13T19:02:53.350Z,46.0055,-112.464,-2,1.81,ml,13,112,0.0633,0.07,mb,mb90018073,2023-06-13T19:19:32.380Z,"",quarry blast,0.44,31.61,0.241646349364273,9,reviewed,mb,mb
2023-06-13T19:01:42.760Z,51.8568333333333,-178.054,-1.8,0.94,ml,5,166,,0.24,av,av91924996,2023-06-18T23:25:11.090Z,"Andreanof Islands, Aleutian Islands, Alaska",earthquake,0.6,1.43,0.334955814108015,5,reviewed,av,av
2023-06-13T19:01:11.729Z,-29.0836,-177.066,35,4.9,mb,81,79,0.768,0.57,us,us7000k88d,2023-06-14T16:14:40.040Z,"Kermadec Islands, New Zealand",earthquake,9.39,1.539,0.062,84,reviewed,us,us
2023-06-13T18:58:39.508Z,51.5052,-178.5118,16.7,1.5,ml,,,,0.56,ak,ak0237jj78ug,2023-06-20T01:06:43.641Z,"136 km WSW of Adak, Alaska",earthquake,,0.4,,,reviewed,ak,ak
2023-06-13T18:57:17.580Z,45.928,-111.458666666667,-2,1.24,ml,7,162,0.2817,0.07,mb,mb90018288,2023-06-14T18:06:06.510Z,"5 km NNW of Logan, Montana",quarry blast,0.98,31.61,0.105439146767016,9,reviewed,mb,mb
2023-06-13T18:41:19.084Z,61.4333,-147.6778,40.2,1,ml,,,,0.42,ak,ak0237jj3jq3,2023-06-20T01:06:43.428Z,"41 km S of Glacier View, Alaska",earthquake,,0.9,,,reviewed,ak,ak
2023-06-13T18:40:42.870Z,38.8218346,-122.8153305,4.52,0.76,md,8,211,0.004392,0.08,nc,nc73900756,2023-06-13T18:58:15.372Z,"7km NW of The Geysers, CA",earthquake,1.86,3.91,0.1,10,automatic,nc,nc
2023-06-13T18:35:54.189Z,-29.1943,-176.9843,35,5.3,mww,100,75,0.821,1.06,us,us7000k883,2023-06-14T15:17:48.040Z,"Kermadec Islands region",earthquake,9.2,1.807,0.073,18,reviewed,us,us
2023-06-13T18:30:59.110Z,44.735,-113.605166666667,5.85,1.01,ml,12,80,0.4431,0.17,mb,mb90018088,2023-06-13T19:44:30.120Z,"",earthquake,0.68,2.74,0.218994918821501,10,reviewed,mb,mb
2023-06-13T18:24:59.593Z,52.2388,-170.2275,22.9,1.9,ml,,,,0.38,ak,ak0237jizznr,2023-06-20T01:06:55.077Z,"Fox Islands, Aleutian Islands, Alaska",earthquake,,15.4,,,reviewed,ak,ak
2023-06-13T18:19:43.080Z,53.9366666666667,-166.577833333333,11.68,0.36,ml,12,153,,0.15,av,av91924966,2023-06-18T21:09:37.160Z,"5 km NNW of Dutch Harbor, Alaska",earthquake,0.82,0.81,0.199076382663053,12,reviewed,av,av
2023-06-13T18:19:02.712Z,51.4992,-178.5085,20.1,1.2,ml,,,,0.48,ak,ak0237jiysov,2023-06-20T01:06:54.885Z,"136 km WSW of Adak, Alaska",earthquake,,0.9,,,reviewed,ak,ak
2023-06-13T18:12:42.003Z,51.5158,-178.4745,21,1.3,ml,,,,0.59,ak,ak0237jixe4t,2023-06-20T01:06:43.210Z,"133 km WSW of Adak, Alaska",earthquake,,0.4,,,reviewed,ak,ak
2023-06-13T18:11:53.981Z,51.5155,-178.5153,17.4,1.1,ml,,,,0.49,ak,ak0237jix6x2,2023-06-20T01:06:54.692Z,"136 km WSW of Adak, Alaska",earthquake,,0.6,,,reviewed,ak,ak
2023-06-13T18:10:43.253Z,51.4678,-178.5137,17.3,1.3,ml,,,,0.57,ak,ak0237jiwydh,2023-06-20T01:06:54.499Z,"137 km WSW of Adak, Alaska",earthquake,,1.3,,,reviewed,ak,ak
2023-06-13T18:10:08.260Z,45.1723333333333,-112.415666666667,-2,1.21,ml,6,121,0.229,0.05,mb,mb90018283,2023-06-14T16:22:24.840Z,"18 km ESE of Dillon, Montana",quarry blast,0.36,31.61,0.164855343099285,12,reviewed,mb,mb
2023-06-13T18:09:30.350Z,37.5158333,-118.7508333,14.98,0.74,md,9,213,0.09672,0.19,nc,nc73900746,2023-06-14T05:55:13.480Z,"8km SW of Toms Place, CA",earthquake,2.04,2.81,0.162,8,reviewed,nc,nc
2023-06-13T18:07:35.330Z,58.2558333333333,-155.067833333333,4.11,-0.43,ml,8,110,,0.18,av,av91924951,2023-06-13T20:08:28.220Z,"84 km NNW of Karluk, Alaska",earthquake,0.39,0.88,0.214887887780754,8,reviewed,av,av
2023-06-13T18:03:21.577Z,51.5075,-178.4998,12.7,1.3,ml,,,,0.53,ak,ak0237jivehy,2023-06-20T01:06:42.978Z,"135 km WSW of Adak, Alaska",earthquake,,0.3,,,reviewed,ak,ak
2023-06-13T18:02:17.062Z,51.6089,178.737,65.8,1.5,ml,,,,0.33,ak,ak0237jiv6mi,2023-06-20T01:06:54.299Z,"Rat Islands, Aleutian Islands, Alaska",earthquake,,0.8,,,reviewed,ak,ak
2023-06-13T17:53:37.548Z,31.68872888,-104.2919238,6.440063477,1.9,ml,26,64,0.02872330131,0.2,tx,tx2023lnel,2023-06-14T19:43:05.366Z,"54 km S of Whites City, New Mexico",earthquake,0.7343302484,0.7045076114,0.1,6,reviewed,tx,tx
2023-06-13T17:51:31.607Z,51.5118,-178.4763,16,1.3,ml,,,,0.54,ak,ak0237jika88,2023-06-20T01:06:54.102Z,"133 km WSW of Adak, Alaska",earthquake,,0.5,,,reviewed,ak,ak
2023-06-13T17:50:05.708Z,53.7104,-165.2107,50.4,1.6,ml,,,,0.6,ak,ak0237jik0ph,2023-06-20T01:06:42.778Z,"60 km SE of Akutan, Alaska",earthquake,,4,,,reviewed,ak,ak
2023-06-13T17:46:21.406Z,51.4812,-178.5064,13.4,1.4,ml,,,,0.42,ak,ak0237jij6v0,2023-06-20T01:06:53.906Z,"136 km WSW of Adak, Alaska",earthquake,,0.7,,,reviewed,ak,ak
2023-06-13T17:42:45.390Z,53.467,-167.6165,14.6,0.48,ml,9,199,,0.14,av,av91107828,2023-06-19T04:16:47.500Z,"84 km WSW of Unalaska, Alaska",earthquake,1.46,0.77,0.180134710997276,9,reviewed,av,av
2023-06-13T17:39:51.480Z,51.8616666666667,-177.889833333333,5.75,-0.02,ml,5,192,,0.07,av,av91924901,2023-06-18T19:52:25.230Z,"Andreanof Islands, Aleutian Islands, Alaska",earthquake,0.44,0.93,0.205765998735998,5,reviewed,av,av
2023-06-13T17:38:14.819Z,-29.3917,-177.0835,17.564,5.2,mww,137,53,0.742,0.64,us,us7000k87x,2023-06-14T14:51:25.040Z,"",earthquake,8.92,3.557,0.068,21,reviewed,us,us
2023-06-13T17:38:04.778Z,65.395,-144.6907,2.6,1.3,ml,,,,0.79,ak,ak0237jihfux,2023-06-20T01:06:42.569Z,"20 km SSE of Central, Alaska",earthquake,,0.4,,,reviewed,ak,ak
2023-06-13T17:37:43.443Z,51.5084,-178.5137,12.5,1.2,ml,,,,0.49,ak,ak0237jihb48,2023-06-20T01:06:53.716Z,"136 km WSW of Adak, Alaska",earthquake,,0.6,,,reviewed,ak,ak
2023-06-13T17:36:18.933Z,31.63598628,-104.2721381,1.915454102,1.7,ml,34,63,0.03620421998,0.2,tx,tx2023lndx,2023-06-15T20:06:15.002Z,"57 km NW of Toyah, Texas",earthquake,0.535410468,0.6721693978,0,7,reviewed,tx,tx
2023-06-13T17:31:07.235Z,60.35,-141.2981,11.7,1.5,ml,,,,0.81,ak,ak0237jify11,2023-06-20T01:06:42.338Z,"125 km NW of Yakutat, Alaska",earthquake,,0.2,,,reviewed,ak,ak
2023-06-13T17:26:18.020Z,33.0421667,-114.9551667,-0.23,1.17,ml,10,63,0.07237,0.23,ci,ci40484816,2023-06-13T18:52:34.709Z,"43km NNW of Los Algodones, B.C., MX",quarry blast,0.66,31.61,0.185,5,reviewed,ci,ci
2023-06-13T17:25:51.354Z,51.4953,-178.4901,13.9,1.4,ml,,,,0.54,ak,ak0237jier2a,2023-06-20T01:06:42.125Z,"135 km WSW of Adak, Alaska",earthquake,,0.6,,,reviewed,ak,ak
2023-06-13T17:23:45.670Z,51.8386666666667,-178.009,-1.8,0.69,ml,5,116,,0.18,av,av91924891,2023-06-18T05:58:22.000Z,"94 km W of Adak, Alaska",earthquake,0.49,1.99,0.390168729536427,5,reviewed,av,av
2023-06-13T17:21:00.272Z,51.4849,-178.4996,13.3,2,ml,,,,0.59,ak,ak0237jidp78,2023-06-20T01:06:41.907Z,"136 km WSW of Adak, Alaska",earthquake,,0.4,,,reviewed,ak,ak
2023-06-13T17:14:56.934Z,51.4751,-178.4928,11.8,1.2,ml,,,,0.55,ak,ak0237jiceot,2023-06-20T01:06:53.523Z,"136 km WSW of Adak, Alaska",earthquake,,1.2,,,reviewed,ak,ak
2023-06-13T17:14:24.680Z,44.2665,-115.165666666667,2.85,1.17,ml,6,116,0.8173,0.07,mb,mb90018043,2023-06-13T19:33:55.240Z,"18 km WNW of Stanley, Idaho",earthquake,0.44,2.64,0.156868738778837,7,reviewed,mb,mb
2023-06-13T17:03:21.242Z,-29.2047,-177.2825,57.762,5.2,mb,105,74,0.56,0.81,us,us7000k87z,2023-06-14T14:30:00.040Z,"Kermadec Islands, New Zealand",earthquake,6.74,5.106,0.057,104,reviewed,us,us
2023-06-13T17:03:05.107Z,51.4693,-178.4595,11.5,1.4,ml,,,,0.48,ak,ak0237ji9yam,2023-06-20T01:06:41.680Z,"134 km WSW of Adak, Alaska",earthquake,,0.3,,,reviewed,ak,ak
2023-06-13T17:01:43.720Z,38.8405,-122.8251667,1.84,-0.29,md,9,107,0.008283,0.01,nc,nc73900741,2023-06-14T05:31:59.346Z,"9km WNW of Cobb, CA",earthquake,0.48,1,0.118,7,reviewed,nc,nc
2023-06-13T17:01:36.412Z,-29.3098,-176.8826,21.764,5.4,mww,124,59,0.908,0.88,us,us7000k87y,2023-06-14T17:05:21.192Z,"Kermadec Islands region",earthquake,4.93,4.201,0.068,21,reviewed,us,us
2023-06-13T17:00:22.593Z,-29.2325,-177.1069,49.072,5.2,mb,89,77,0.711,0.63,us,us7000k87n,2023-06-14T13:41:40.040Z,"Kermadec Islands, New Zealand",earthquake,9.59,5.28,0.053,118,reviewed,us,us
2023-06-13T16:50:00.819Z,56.6068,-157.5889,69.9,2,ml,,,,0.4,ak,ak0237jhykj5,2023-06-20T01:06:53.318Z,"61 km NE of Chignik, Alaska",earthquake,,1,,,reviewed,ak,ak
2023-06-13T16:49:20.874Z,51.6734,-166.3847,5.8,2.4,ml,,,,0.42,ak,ak0237jhyed3,2023-06-20T01:06:53.081Z,"219 km SE of Nikolski, Alaska",earthquake,,3.4,,,reviewed,ak,ak
2023-06-13T16:45:25.538Z,59.915,-141.6259,15.5,1.3,ml,,,,0.5,ak,ak0237jhxjsr,2023-06-20T01:06:41.477Z,"114 km WNW of Yakutat, Alaska",earthquake,,0.3,,,reviewed,ak,ak
2023-06-13T16:44:51.146Z,62.2561,-151.4335,86.5,1.3,ml,,,,0.45,ak,ak0237jhxe4a,2023-06-20T01:06:52.872Z,"29 km N of Skwentna, Alaska",earthquake,,0.5,,,reviewed,ak,ak
2023-06-13T16:41:56.330Z,33.4688333,-116.566,8.23,0.37,ml,15,113,0.03976,0.1,ci,ci40484776,2023-06-13T18:43:13.085Z,"14km SE of Anza, CA",earthquake,0.24,0.45,0.093,12,reviewed,ci,ci
2023-06-13T16:40:38.418Z,51.4914,-178.5041,15.4,1.8,ml,,,,0.57,ak,ak0237jhwia3,2023-06-20T01:06:41.259Z,"136 km WSW of Adak, Alaska",earthquake,,0.2,,,reviewed,ak,ak
2023-06-13T16:39:29.203Z,51.5018,-178.4214,13.6,1.5,ml,,,,0.42,ak,ak0237jhw9ug,2023-06-20T01:06:52.665Z,"130 km WSW of Adak, Alaska",earthquake,,0.8,,,reviewed,ak,ak
2023-06-13T16:38:54.930Z,37.532,-121.9071667,8.94,1.47,md,41,78,0.01671,0.07,nc,nc73900731,2023-06-14T21:56:13.176Z,"7km E of Fremont, CA",earthquake,0.14,0.29,0.235,40,reviewed,nc,nc
2023-06-13T16:37:33.052Z,51.5406,-178.449,19.6,1.6,ml,,,,0.58,ak,ak0237jhvupl,2023-06-20T01:06:52.253Z,"130 km WSW of Adak, Alaska",earthquake,,0.4,,,reviewed,ak,ak
2023-06-13T16:36:49.409Z,51.505,-178.4872,11.3,1.4,ml,,,,0.44,ak,ak0237jhvo98,2023-06-20T01:06:52.056Z,"134 km WSW of Adak, Alaska",earthquake,,0.8,,,reviewed,ak,ak
2023-06-13T16:33:14.775Z,51.4944,-178.4997,12,2.9,ml,,,,0.62,ak,ak0237jhuyg0,2023-06-20T01:06:41.012Z,"135 km WSW of Adak, Alaska",earthquake,,0.2,,,reviewed,ak,ak
2023-06-13T16:32:45.524Z,56.3597,-154.8161,16.4,1.9,ml,,,,0.76,ak,ak0237jhut3c,2023-06-20T01:06:52.462Z,"76 km SSW of Akhiok, Alaska",earthquake,,7,,,reviewed,ak,ak
2023-06-13T16:31:46.778Z,51.5003,-178.482,12.7,2.5,ml,,,,0.49,ak,ak0237jhulfd,2023-06-20T01:06:40.786Z,"134 km WSW of Adak, Alaska",earthquake,,0.2,,,reviewed,ak,ak
2023-06-13T16:31:18.390Z,45.0676666666667,-111.753166666667,-2,1.32,ml,8,127,0.2623,0.17,mb,mb90018278,2023-06-14T16:08:25.320Z,"29 km SSE of Virginia City, Montana",quarry blast,1.24,31.61,0.109595701757336,10,reviewed,mb,mb
2023-06-13T16:30:59.525Z,51.5155,-178.4909,12.3,1.9,ml,,,,0.3,ak,ak0237jhueqo,2023-06-20T01:06:51.862Z,"134 km WSW of Adak, Alaska",earthquake,,0.4,,,reviewed,ak,ak
2023-06-13T16:28:12.559Z,51.5022,-178.4516,13.3,2.8,ml,,,,0.62,ak,ak0237jhtvoe,2023-06-20T01:06:40.544Z,"132 km WSW of Adak, Alaska",earthquake,,0.5,,,reviewed,ak,ak
2023-06-13T16:27:42.560Z,58.1755,-155.368,1.51,0.56,ml,5,260,,0.16,av,av91924776,2023-06-14T19:01:25.170Z,"Alaska Peninsula",earthquake,0.76,1.51,0.332583365531524,5,reviewed,av,av
2023-06-13T16:27:06.831Z,51.4897,-178.4494,11.8,1.6,ml,,,,0.35,ak,ak0237jhtnit,2023-06-20T01:06:40.333Z,"132 km WSW of Adak, Alaska",earthquake,,0.5,,,reviewed,ak,ak
2023-06-13T16:25:15.204Z,51.5115,-178.4842,10.3,1.6,ml,,,,0.38,ak,ak0237jht8qo,2023-06-20T01:06:51.656Z,"134 km WSW of Adak, Alaska",earthquake,,0.8,,,reviewed,ak,ak
2023-06-13T16:24:41.000Z,51.5,-178.5006,12.3,1.3,ml,,,,0.33,ak,ak0237jht30k,2023-06-20T01:06:51.469Z,"135 km WSW of Adak, Alaska",earthquake,,1.4,,,reviewed,ak,ak
2023-06-13T16:23:23.469Z,34.77133333,-97.52883333,6.98,1.27,ml,36,54,0.1178768685,0.33,ok,ok2023lnbl,2023-06-20T16:50:17.736Z,"Oklahoma",earthquake,,1.3,0.18,17,reviewed,ok,ok
2023-06-13T16:22:47.276Z,51.494,-178.4669,12.2,2.1,ml,,,,0.47,ak,ak0237jhso2f,2023-06-20T01:06:51.266Z,"133 km WSW of Adak, Alaska",earthquake,,0.5,,,reviewed,ak,ak
2023-06-13T16:21:49.101Z,51.5391,-178.4584,8.3,2,ml,,,,0.3,ak,ak0237jhsghq,2023-06-20T01:06:51.062Z,"131 km WSW of Adak, Alaska",earthquake,,1.1,,,reviewed,ak,ak
2023-06-13T16:20:34.950Z,51.5245,-178.4818,12.7,2.4,ml,,,,0.48,ak,ak0237jhs7on,2023-06-20T01:06:50.804Z,"133 km WSW of Adak, Alaska",earthquake,,0.6,,,reviewed,ak,ak
2023-06-13T16:16:55.320Z,35.6443333,-118.3191667,8.84,1.51,ml,32,65,0.05724,0.17,ci,ci40484752,2023-06-13T18:40:38.110Z,"14km ESE of Wofford Heights, CA",earthquake,0.22,0.51,0.19,18,reviewed,ci,ci
2023-06-13T16:16:02.390Z,51.4427,-178.4426,16.252,5.3,mww,113,141,0.257,0.77,us,us7000k86m,2023-06-27T16:26:15.628Z,"134 km WSW of Adak, Alaska",earthquake,4.35,4.113,0.043,51,reviewed,us,us
2023-06-13T16:10:32.020Z,60.2271,-152.9962,124,2.3,ml,,,,0.54,ak,ak0237jhq299,2023-06-20T01:06:39.730Z,"Southern Alaska",earthquake,,0.3,,,reviewed,ak,ak
2023-06-13T16:06:43.882Z,54.1008,-164.0386,25.6,1.8,ml,,,,0.38,ak,ak0237jhp8ck,2023-06-20T01:06:50.593Z,"93 km SSW of False Pass, Alaska",earthquake,,1.7,,,reviewed,ak,ak
2023-06-13T16:06:16.108Z,50.7549,-173.1582,5.9,2.6,ml,,,,0.59,ak,ak0237jhp6tq,2023-06-20T01:06:39.510Z,"Andreanof Islands, Aleutian Islands, Alaska",earthquake,,2.6,,,reviewed,ak,ak
2023-06-13T16:04:49.080Z,51.4614,-178.9171,15.3,1.3,ml,,,,0.5,ak,ak0237jhotbg,2023-06-20T01:06:50.383Z,"164 km WSW of Adak, Alaska",earthquake,,0.3,,,reviewed,ak,ak
2023-06-13T16:01:10.671Z,52.0563,-179.9389,168.5,2,ml,,,,0.49,ak,ak0237jho37f,2023-06-20T01:06:50.174Z,"228 km W of Adak, Alaska",earthquake,,0.8,,,reviewed,ak,ak
2023-06-13T15:58:03.271Z,59.4443,-152.6214,83.9,1.8,ml,,,,0.41,ak,ak0237jheusr,2023-06-20T00:02:37.891Z,"40 km WNW of Nanwalek, Alaska",earthquake,,0.3,,,reviewed,ak,ak
2023-06-13T15:56:41.940Z,58.2653333333333,-155.044666666667,3.9,-0.18,ml,8,117,,0.12,av,av91924721,2023-06-13T18:18:48.400Z,"Alaska Peninsula",earthquake,0.26,0.59,0.165811728985506,8,reviewed,av,av
2023-06-13T15:52:41.870Z,38.7866669,-122.7473297,1.31,0.95,md,11,83,0.008968,0.03,nc,nc73900711,2023-06-13T17:44:13.819Z,"1km NE of The Geysers, CA",earthquake,0.29,0.71,0.2,10,automatic,nc,nc
2023-06-13T15:51:56.810Z,35.644,-118.3205,7.43,2.62,ml,47,39,0.05704,0.14,ci,ci40484736,2023-06-14T02:55:29.123Z,"14km ENE of Lake Isabella, CA",earthquake,0.13,0.45,0.235,26,reviewed,ci,ci
2023-06-13T15:49:34.400Z,59.7631,-151.8184,61.8,1.9,ml,,,,0.65,ak,ak0237jhczry,2023-06-20T00:02:37.607Z,"1 km SSE of Anchor Point, Alaska",earthquake,,0.3,,,reviewed,ak,ak
2023-06-13T15:44:36.350Z,46.18816666666667,-122.19233333333334,6.13,0.15,ml,7,90,0.03009,0.06,uw,uw61502638,2023-06-19T05:38:01.270Z,"36 km NNE of Amboy, Washington",earthquake,0.43,0.6,0.18911949488243462,4,reviewed,uw,uw
2023-06-13T15:40:16.310Z,34.0973333,-118.2835,13.21,1.72,ml,33,69,0.02499,0.11,ci,ci40484728,2023-06-13T18:25:19.330Z,"2km WNW of Silver Lake, CA",earthquake,0.18,0.29,0.129,20,reviewed,ci,ci
2023-06-13T15:36:08.747Z,53.8774,-162.4035,25.3,2.2,ml,,,,0.59,ak,ak0237jha5ii,2023-06-20T00:02:42.411Z,"126 km SSE of False Pass, Alaska",earthquake,,1.8,,,reviewed,ak,ak
2023-06-13T15:32:49.580Z,17.9933333333333,-66.7473333333333,12.4,2.32,md,12,184,0.04972,0.14,pr,pr71413283,2023-06-13T15:46:11.410Z,"3 km W of Tallaboa, Puerto Rico",earthquake,0.57,0.36,0.109770811766263,6,reviewed,pr,pr
2023-06-13T15:29:16.360Z,38.8144989,-122.8231659,2.38,0.93,md,22,54,0.007326,0.05,nc,nc73900706,2023-06-13T17:16:17.676Z,"7km NW of The Geysers, CA",earthquake,0.23,0.48,0.18,24,automatic,nc,nc
2023-06-13T15:23:51.468Z,51.2609,177.4019,7.7,2.6,ml,,,,0.68,ak,ak0237jh7kle,2023-06-20T00:02:37.388Z,"Rat Islands, Aleutian Islands, Alaska",earthquake,,2.7,,,reviewed,ak,ak
2023-06-13T15:20:19.326Z,52.0834,-172.5655,79.239,3.7,mb,25,200,2.155,0.84,us,us7000k86f,2023-06-20T00:02:37.143Z,"Andreanof Islands, Aleutian Islands, Alaska",earthquake,6.8,19.208,0.116,19,reviewed,us,us
2023-06-13T15:20:16.400Z,38.8344994,-122.8061676,1.94,0.23,md,10,75,0.0115,0.02,nc,nc73900701,2023-06-13T16:52:14.397Z,"7km W of Cobb, CA",earthquake,0.38,0.95,0.07,10,automatic,nc,nc
2023-06-13T15:18:17.080Z,51.8548333333333,-178.077166666667,3.69,0.43,ml,5,203,,0.15,av,av91924681,2023-06-18T04:49:49.900Z,"99 km W of Adak, Alaska",earthquake,0.64,0.54,0.092267787662276,5,reviewed,av,av
2023-06-13T15:17:57.090Z,34.397,-118.9826667,5.89,1.49,ml,27,39,0.05253,0.23,ci,ci40484704,2023-06-13T18:17:11.040Z,"6km W of Fillmore, CA",earthquake,0.32,1.05,0.073,19,reviewed,ci,ci
2023-06-13T15:17:15.990Z,58.1686666666667,-155.3495,-2.18,0.42,ml,10,214,,0.22,av,av91924676,2023-06-18T04:47:14.540Z,"85 km NW of Karluk, Alaska",earthquake,0.74,2.94,0.373045175855299,10,reviewed,av,av
2023-06-13T15:07:29.118Z,28.66790771,-98.5357307,5.453409831,2.3,ml,13,99,0.1077291232,0.3,tx,tx2023lmyy,2023-06-16T14:52:21.522Z,"13 km SSW of Christine, Texas",earthquake,2.614109528,2.911734387,0.2,7,reviewed,tx,tx
2023-06-13T15:01:10.596Z,59.735,-153.6067,138.7,1.9,ml,,,,0.45,ak,ak0237jh2nlf,2023-06-20T00:02:42.147Z,"28 km ESE of Pedro Bay, Alaska",earthquake,,0.2,,,reviewed,ak,ak
2023-06-13T15:00:09.590Z,51.8538333333333,-178.0795,-1.8,0.72,ml,4,206,,0.14,av,av91924661,2023-06-18T00:38:17.710Z,"Andreanof Islands, Aleutian Islands, Alaska",earthquake,0.62,1.21,0.158926200490714,4,reviewed,av,av
2023-06-13T14:59:58.119Z,69.1115,-144.6037,26,1.1,ml,,,,0.76,ak,ak0237jgtr6r,2023-06-20T00:02:41.949Z,"116 km NNE of Arctic Village, Alaska",earthquake,,0.4,,,reviewed,ak,ak
2023-06-13T14:54:17.813Z,51.3102,177.2428,32.9,3.3,ml,,,,0.92,ak,ak0237jgsmdl,2023-06-20T00:02:36.918Z,"Rat Islands, Aleutian Islands, Alaska",earthquake,,2.6,,,reviewed,ak,ak
2023-06-13T14:48:05.367Z,63.2289,-149.3196,80.7,1.8,ml,,,,0.62,ak,ak0237jgraat,2023-06-20T00:02:36.632Z,"25 km SW of Cantwell, Alaska",earthquake,,0.2,,,reviewed,ak,ak
2023-06-13T14:45:04.449Z,56.9633,-153.1415,37.2,1.7,ml,,,,0.34,ak,ak0237jgqn0s,2023-06-20T00:02:41.761Z,"28 km SSE of Old Harbor, Alaska",earthquake,,4.4,,,reviewed,ak,ak
2023-06-13T14:37:52.860Z,19.9411666666667,-155.484,36.22,1.8,md,28,236,,0.13,hv,hv73450177,2023-06-14T05:00:05.200Z,"15 km S of Honoka‘a, Hawaii",earthquake,0.59,0.8,0.0562114551400447,12,reviewed,hv,hv
2023-06-13T14:34:41.240Z,58.1856666666667,-155.282833333333,3.67,0.52,ml,8,188,,0.13,av,av91924651,2023-06-13T15:14:27.230Z,"84 km NW of Karluk, Alaska",earthquake,0.89,1.21,0.327381298122161,8,reviewed,av,av
2023-06-13T14:33:28.500Z,38.8336678,-122.8056641,2.68,0.63,md,12,61,0.01082,0.02,nc,nc73900696,2023-06-13T16:25:14.271Z,"7km W of Cobb, CA",earthquake,0.38,0.94,0.42,13,automatic,nc,nc
2023-06-13T14:31:34.088Z,51.952,177.7451,5.8,1.6,ml,,,,0.75,ak,ak0237jgnpy0,2023-06-20T00:02:36.429Z,"Rat Islands, Aleutian Islands, Alaska",earthquake,,0.5,,,reviewed,ak,ak
2023-06-13T14:30:29.000Z,38.796833,-122.7363358,0.69,0.81,md,9,101,0.01358,0.04,nc,nc73900691,2023-06-13T15:59:19.054Z,"3km NE of The Geysers, CA",earthquake,0.27,1.05,0.11,10,automatic,nc,nc
2023-06-13T14:27:46.612Z,38.147,-117.9278,13.7,0.9,ml,6,120.59,0.069,0.1975,nn,nn00861233,2023-06-14T21:32:26.927Z,"31 km SSE of Mina, Nevada",earthquake,,1.5,0.98,4,reviewed,nn,nn
2023-06-13T14:10:45.091Z,60.0617,-152.0991,77.7,1.6,ml,,,,0.44,ak,ak0237jgj83h,2023-06-20T00:02:41.529Z,"24 km W of Ninilchik, Alaska",earthquake,,0.4,,,reviewed,ak,ak
2023-06-13T14:08:21.540Z,38.8088341,-122.8259964,1.69,0.77,md,6,159,0.002486,0.01,nc,nc73900686,2023-06-13T15:33:16.887Z,"7km WNW of The Geysers, CA",earthquake,0.66,1.07,0.15,7,automatic,nc,nc
2023-06-13T14:06:39.490Z,38.769001,-122.7378311,0.78,1.19,md,12,92,0.01255,0.03,nc,nc73900681,2023-06-13T15:06:16.715Z,"2km ESE of The Geysers, CA",earthquake,0.35,0.5,0.25,12,automatic,nc,nc
2023-06-13T13:59:38.030Z,19.1854991912842,-155.483840942383,30.9799995422363,1.83000004,md,38,77,,0.109999999,hv,hv73450157,2023-06-13T14:02:48.980Z,"2 km SSW of Pāhala, Hawaii",earthquake,0.56,0.779999971,1.72000003,10,automatic,hv,hv
2023-06-13T13:59:12.482Z,-16.5438,-69.9993,188.671,4.2,mb,18,243,1.152,0.61,us,us7000k85z,2023-06-13T14:27:22.040Z,"37 km NW of Mazo Cruz, Peru",earthquake,10.99,8.274,0.2,7,reviewed,us,us
2023-06-13T13:51:25.520Z,17.9606666666667,-66.9378333333333,11.71,1.91,md,5,201,0.05756,0.06,pr,pr71413273,2023-06-13T17:02:07.710Z,"3 km WSW of Guánica, Puerto Rico",earthquake,1.01,0.58,0.052868678279971,5,reviewed,pr,pr
2023-06-13T13:45:11.180Z,46.8796666666667,-112.5295,10.19,0.58,ml,7,120,0.05379,0.04,mb,mb90018003,2023-06-13T14:53:14.260Z,"Western Montana",earthquake,0.37,0.49,0.409613562481966,3,reviewed,mb,mb
2023-06-13T13:42:54.291Z,59.7066,-152.8588,86.4,1.6,ml,,,,0.4,ak,ak0237jg4o45,2023-06-20T00:02:41.278Z,"",earthquake,,0.2,,,reviewed,ak,ak
2023-06-13T13:32:21.569Z,56.7645,-154.9978,15.5,2,ml,,,,0.42,ak,ak0237jg2hff,2023-06-20T00:02:36.234Z,"54 km WSW of Akhiok, Alaska",earthquake,,1.5,,,reviewed,ak,ak
2023-06-13T13:29:05.890Z,38.8066673,-122.8141632,3.56,0.77,md,21,60,0.01194,0.06,nc,nc73900676,2023-06-13T14:38:15.673Z,"6km WNW of The Geysers, CA",earthquake,0.32,0.63,0.31,22,automatic,nc,nc
2023-06-13T13:27:15.254Z,39.6163,-119.9664,5,0.8,ml,7,120.24,0.01,0.1001,nn,nn00861186,2023-06-13T19:58:55.148Z,"7 km S of Cold Springs, Nevada",earthquake,,1.8,0.3,6,reviewed,nn,nn
2023-06-13T13:24:12.428Z,61.4462,-146.6284,11.7,1.3,ml,,,,0.76,ak,ak0237jg0pzu,2023-06-20T00:02:41.046Z,"Southern Alaska",earthquake,,0.5,,,reviewed,ak,ak
2023-06-13T13:23:32.200Z,19.1798324584961,-155.486831665039,29.3899993896484,1.80999994,md,29,85,,0.100000001,hv,hv73450137,2023-06-13T13:26:48.040Z,"2 km SSW of Pāhala, Hawaii",earthquake,0.5,1,0.899999976,3,automatic,hv,hv
2023-06-13T13:20:24.720Z,44.8595,-110.3635,12.5,1.92,ml,21,122,0.1045,0.18,uu,uu60542111,2023-06-13T13:42:21.750Z,"29 km ESE of Mammoth, Wyoming",earthquake,0.43,1.14,0.188,5,reviewed,uu,uu
2023-06-13T13:18:22.819Z,39.6164,-119.9702,6.3,1.3,ml,15,80.61,0.011,0.141,nn,nn00861171,2023-06-13T17:15:14.236Z,"7 km S of Cold Springs, Nevada",earthquake,,1.2,0.18,9,reviewed,nn,nn
2023-06-13T13:04:32.994Z,60.6666,-150.7809,41.9,1.3,ml,,,,0.55,ak,ak0237jfwh8r,2023-06-20T00:02:36.023Z,"14 km N of Sterling, Alaska",earthquake,,0.6,,,reviewed,ak,ak
2023-06-13T13:03:48.590Z,19.2566661834717,-155.366333007812,30.6200008392334,2.04999995,md,47,140,,0.140000001,hv,hv73450132,2023-06-13T13:06:59.420Z,"Island of Hawaii, Hawaii",earthquake,0.53,0.75999999,1.50999999,22,automatic,hv,hv
2023-06-13T12:57:48.293Z,13.9371,119.9487,10,4.9,mb,114,77,8.786,0.56,us,us7000k85s,2023-06-15T03:28:53.576Z,"12 km WNW of Cabra, Philippines",earthquake,7.67,1.852,0.05,127,reviewed,us,us
2023-06-13T12:51:18.480Z,53.9286666666667,-166.590166666667,10.25,-0.36,ml,5,272,,0.09,av,av91924616,2023-06-17T05:25:07.560Z,"",earthquake,0.73,0.57,0.141313333101081,5,reviewed,av,av
2023-06-13T12:48:08.098Z,50.6242,-173.9548,2,2.1,ml,,,,0.51,ak,ak0237jfkf8p,2023-06-20T00:02:40.867Z,"175 km S of Atka, Alaska",earthquake,,6.6,,,reviewed,ak,ak
2023-06-13T12:40:26.245Z,54.4469,-164.675,110.2,2.2,ml,,,,0.63,ak,ak0237jfiqzd,2023-06-20T00:02:35.807Z,"79 km ENE of Akutan, Alaska",earthquake,,0.3,,,reviewed,ak,ak
2023-06-13T12:37:27.527Z,64.5399,-163.5054,11.1,1.4,ml,,,,0.28,ak,ak0237jfi3v4,2023-06-20T00:02:40.693Z,"16 km SSW of White Mountain, Alaska",earthquake,,0.6,,,reviewed,ak,ak
2023-06-13T12:36:50.940Z,38.7779999,-122.7568359,1.18,0.77,md,9,102,0.01007,0.02,nc,nc73900671,2023-06-13T14:14:14.387Z,"0km NNW of The Geysers, CA",earthquake,0.34,0.72,0.05,8,automatic,nc,nc
2023-06-13T12:30:15.360Z,-3.2125,147.4609,10,5.4,mww,65,64,6.785,0.87,us,us7000k85q,2023-06-14T12:33:35.223Z,"Bismarck Sea",earthquake,10.06,1.875,0.098,10,reviewed,us,us
2023-06-13T12:22:10.450Z,58.2953333333333,-154.975666666667,2.7,0.71,ml,12,133,,0.15,av,av91924601,2023-06-17T01:22:54.450Z,"86 km NNW of Karluk, Alaska",earthquake,0.29,0.43,0.269712412725144,12,reviewed,av,av
2023-06-13T12:08:13.760Z,58.2766666666667,-154.9565,3.58,0.14,ml,12,141,,0.21,av,av91924586,2023-06-17T00:42:25.180Z,"84 km NNW of Karluk, Alaska",earthquake,0.44,0.96,0.30957517266967,12,reviewed,av,av
2023-06-13T12:01:34.579Z,36.5495,-98.95833333,7.07,0.79,ml,18,112,0.05668887571,0.17,ok,ok2023lmsu,2023-06-20T16:31:01.088Z,"7 km WSW of Waynoka, Oklahoma",earthquake,,0.7,0.25,7,reviewed,ok,ok
2023-06-13T11:59:11.170Z,33.2083333,-116.0446667,8.44,0.8,ml,25,87,0.066,0.21,ci,ci40484560,2023-06-13T13:45:07.775Z,"11km NE of Ocotillo Wells, CA",earthquake,0.39,1.12,0.128,12,reviewed,ci,ci
2023-06-13T11:56:51.201Z,36.7484,-116.232,4.1,-0.1,ml,17,109.29,0.026,0.1112,nn,nn00861169,2023-06-13T16:56:36.891Z,"50 km ESE of Beatty, Nevada",earthquake,,1.1,0.23,8,reviewed,nn,nn
2023-06-13T11:53:12.830Z,36.5903333,-121.1955,6.16,2.55,md,62,104,0.02029,0.12,nc,nc73900666,2023-06-14T07:40:11.040Z,"8km NW of Pinnacles, CA",earthquake,0.17,0.31,0.185,116,reviewed,nc,nc
2023-06-13T11:43:42.410Z,36.308,-120.8985,9.88,2.14,md,59,76,0.04657,0.12,nc,nc73900661,2023-06-13T23:20:13.138Z,"23km NNE of San Lucas, CA",earthquake,0.18,0.27,0.178,50,reviewed,nc,nc
2023-06-13T11:43:33.848Z,61.6779,-147.1117,28.2,1.4,ml,,,,0.69,ak,ak0237jexyz4,2023-06-20T00:02:35.580Z,"29 km S of Eureka Roadhouse, Alaska",earthquake,,0.4,,,reviewed,ak,ak
2023-06-13T11:43:31.093Z,58.2633,-155.1367,1.3,1.1,ml,,,,0.36,ak,ak0237jexyto,2023-06-20T00:02:35.386Z,"87 km NNW of Karluk, Alaska",earthquake,,0.5,,,reviewed,ak,ak
2023-06-13T11:40:56.630Z,19.2296657562256,-155.394500732422,33.2599983215332,1.85000002,md,44,144,,0.119999997,hv,hv73450107,2023-06-13T11:44:10.330Z,"9 km ENE of Pāhala, Hawaii",earthquake,0.56,0.850000024,0.689999998,16,automatic,hv,hv
2023-06-13T11:40:18.099Z,57.1456,-135.7514,4.6,1.3,ml,,,,0.95,ak,ak0237jexaoh,2023-06-20T00:02:40.517Z,"27 km WNW of Sitka, Alaska",earthquake,,0.4,,,reviewed,ak,ak
2023-06-13T11:40:07.910Z,45.39966666666667,-121.6495,6.54,0.09,ml,4,230,0.0401,0.01,uw,uw61932591,2023-06-16T22:16:20.690Z,"Washington-Oregon border region",earthquake,1.87,1.37,0.065493016411166,2,reviewed,uw,uw
2023-06-13T11:39:59.290Z,64.4203,-163.709,24.1,2.6,ml,,,,0.63,ak,ak0237jex655,2023-06-20T00:02:40.304Z,"32 km SSW of White Mountain, Alaska",earthquake,,1.5,,,reviewed,ak,ak
2023-06-13T11:39:55.859Z,52.1878,177.961,21,1.4,ml,,,,0.55,ak,ak0237jex9lx,2023-06-20T00:02:35.199Z,"Rat Islands, Aleutian Islands, Alaska",earthquake,,0.3,,,reviewed,ak,ak
2023-06-13T11:33:58.070Z,17.8781666666667,-66.844,11.68,2.38,md,5,244,0.102,0.05,pr,pr71413253,2023-06-13T12:25:54.200Z,"",earthquake,0.74,0.61,0.0152814172786484,5,reviewed,pr,pr
2023-06-13T11:31:36.651Z,53.944,-163.3235,35,3.6,mb,46,157,0.916,0.39,us,us7000k9qy,2023-06-20T07:04:57.040Z,"101 km S of False Pass, Alaska",earthquake,3.56,1.967,0.151,11,reviewed,us,us
2023-06-13T11:31:10.002Z,59.2921,-151.7357,10.4,1.6,ml,,,,0.83,ak,ak0237jevcnc,2023-06-20T00:02:34.946Z,"8 km SE of Port Graham, Alaska",earthquake,,0.5,,,reviewed,ak,ak
2023-06-13T11:27:45.873Z,67.3924,-163.661,20,1.8,ml,,,,0.69,ak,ak0237jeukij,2023-06-20T00:02:40.116Z,"35 km SW of Noatak, Alaska",earthquake,,0.5,,,reviewed,ak,ak
2023-06-13T11:25:21.995Z,63.0654,-148.1125,68,1.7,ml,,,,0.72,ak,ak0237jeu3b3,2023-06-20T00:02:34.444Z,"55 km SE of Cantwell, Alaska",earthquake,,0.3,,,reviewed,ak,ak
2023-06-13T11:18:22.165Z,56.3497,-149.4672,10,2.9,ml,32,217,2.227,0.62,us,us7000k9r5,2023-06-20T06:45:18.040Z,"221 km SE of Chiniak, Alaska",earthquake,5.23,1.997,0.056,42,reviewed,us,us
2023-06-13T11:16:54.030Z,38.5206,-119.526,6.3,1.5,ml,19,75.99,0.066,0.1332,nn,nn00861166,2023-06-13T16:47:18.154Z,"4 km W of Walker, California",earthquake,,0.8,0.23,9,reviewed,nn,nn
2023-06-13T11:14:10.670Z,58.2458333333333,-155.104666666667,4.23,-0.05,ml,9,89,,0.28,av,av91924556,2023-06-17T00:31:34.100Z,"84 km NNW of Karluk, Alaska",earthquake,0.47,1.24,0.111161839288951,9,reviewed,av,av
2023-06-13T11:11:32.630Z,54.1328333333333,-165.928666666667,3.07,-0.58,ml,9,80,,0.24,av,av91924551,2023-06-17T00:28:02.340Z,"10 km W of Akutan, Alaska",earthquake,0.3,0.62,0.331430314984809,9,reviewed,av,av
2023-06-13T11:09:03.006Z,54.0002,-163.3633,30.355,2.9,ml,30,204,0.859,0.33,us,us7000k9qx,2023-06-20T06:33:37.040Z,"Unimak Island region, Alaska",earthquake,4.69,14.321,0.091,16,reviewed,us,us
2023-06-13T11:00:12.580Z,17.9698333333333,-66.8491666666667,9.76,2.25,md,5,203,0.02911,0.1,pr,pr71413263,2023-06-13T14:35:37.210Z,"4 km SW of Indios, Puerto Rico",earthquake,0.7,0.51,0.262752857657956,5,reviewed,pr,pr
2023-06-13T10:55:16.120Z,53.4351,-165.8222,28.1,1.4,ml,,,,0.46,ak,ak0237jef2nw,2023-06-20T00:02:39.675Z,"67 km SE of Unalaska, Alaska",earthquake,,26.6,,,reviewed,ak,ak
2023-06-13T10:55:05.650Z,36.5405,-98.96033333,6.9,1.33,ml,28,74,0.04859046489,0.13,ok,ok2023lmqp,2023-06-13T21:15:27.235Z,"8 km WSW of Waynoka, Oklahoma",earthquake,,0.3,0.25,5,reviewed,ok,ok
2023-06-13T10:54:38.250Z,51.5216,-176.0518,23.7,1.5,ml,,,,0.22,ak,ak0237jeewnl,2023-06-20T00:02:39.469Z,"56 km SE of Adak, Alaska",earthquake,,0.4,,,reviewed,ak,ak
2023-06-13T10:50:31.562Z,58.1882,-155.2416,4.8,1.2,ml,,,,0.48,ak,ak0237jee1bn,2023-06-20T00:02:33.680Z,"83 km NW of Karluk, Alaska",earthquake,,0.2,,,reviewed,ak,ak
2023-06-13T10:50:22.750Z,64.4123,-163.5773,21.9,3.9,ml,,,,1.01,ak,ak0237jee0j7,2023-06-20T00:05:40.226Z,"29 km WSW of Golovin, Alaska",earthquake,,1.2,,,reviewed,ak,ak
2023-06-13T10:45:11.540Z,37.3881667,-119.9841667,15.57,2.05,md,20,83,0.1857,0.26,nc,nc73900656,2023-06-14T07:13:09.931Z,"11km S of Mariposa, CA",earthquake,0.47,0.7,0.312,26,reviewed,nc,nc
2023-06-13T10:42:29.390Z,35.8985,-117.7401667,9.53,0.77,ml,15,115,0.09197,0.08,ci,ci40484528,2023-06-13T18:08:30.036Z,"16km ESE of Little Lake, CA",earthquake,0.22,0.46,0.156,7,reviewed,ci,ci
2023-06-13T10:42:11.930Z,31.938,-117.1823333,5.59,1.98,ml,17,238,0.4357,0.24,ci,ci40484520,2023-06-13T18:02:05.566Z,"40km SW of Primo Tapia, B.C., MX",earthquake,0.97,31.61,0.184,8,reviewed,ci,ci
2023-06-13T10:37:17.047Z,58.1899,-155.2405,1.9,1.6,ml,,,,0.48,ak,ak0237jeb7u2,2023-06-20T00:12:26.886Z,"83 km NW of Karluk, Alaska",earthquake,,0.2,,,reviewed,ak,ak
2023-06-13T10:35:42.850Z,38.8105,-122.823,2.17,1.63,md,55,25,0.005094,0.05,nc,nc73900651,2023-06-14T01:34:13.020Z,"7km WNW of The Geysers, CA",earthquake,0.14,0.16,0.168,50,reviewed,nc,nc
2023-06-13T10:32:55.410Z,38.7601667,-122.7265,0.58,0.42,md,11,59,0.001916,0.02,nc,nc71130619,2023-06-14T05:43:14.411Z,"3km SE of The Geysers, CA",earthquake,0.25,0.39,0.193,5,reviewed,nc,nc
2023-06-13T10:32:16.090Z,38.8191667,-122.7773333,2.12,-0.15,md,13,116,0.01269,0.02,nc,nc73900646,2023-06-14T04:52:25.865Z,"5km W of Cobb, CA",earthquake,0.41,0.27,0.253,13,reviewed,nc,nc
2023-06-13T10:31:16.746Z,54.7948,-161.7014,57.3,2.1,ml,,,,0.45,ak,ak0237je9xiy,2023-06-20T00:02:39.248Z,"49 km SE of King Cove, Alaska",earthquake,,1,,,reviewed,ak,ak
2023-06-13T10:27:50.642Z,62.5201,-151.2726,80.6,1.2,ml,,,,0.47,ak,ak0237je95ao,2023-06-20T00:02:33.230Z,"26 km W of Petersville, Alaska",earthquake,,0.3,,,reviewed,ak,ak
2023-06-13T10:21:56.210Z,32.7523333,-115.4216667,11.88,1.54,ml,21,121,0.05692,0.21,ci,ci40484512,2023-06-13T17:49:39.367Z,"8km SSW of Holtville, CA",earthquake,0.42,0.37,0.127,13,reviewed,ci,ci
2023-06-13T10:06:10.982Z,63.4728,-146.04,6.2,1.4,ml,,,,0.61,ak,ak0237je4k6d,2023-06-20T00:02:32.974Z,"47 km NNW of Paxson, Alaska",earthquake,,0.2,,,reviewed,ak,ak
2023-06-13T10:03:25.017Z,39.6186,-119.9672,5.7,0.9,ml,5,120.22,0.012,0.0993,nn,nn00861235,2023-06-14T21:44:57.605Z,"6 km S of Cold Springs, Nevada",earthquake,,1.8,0.36,3,reviewed,nn,nn
2023-06-13T10:03:13.860Z,32.7558333,-115.4188333,13.21,1.82,ml,30,69,0.05468,0.28,ci,ci40484504,2023-06-13T17:45:48.550Z,"7km SSW of Holtville, CA",earthquake,0.38,0.76,0.205,19,reviewed,ci,ci
2023-06-13T10:01:03.220Z,38.8006668,-122.7883301,2.66,0.77,md,14,64,0.007484,0.04,nc,nc73900641,2023-06-13T10:18:12.889Z,"4km NW of The Geysers, CA",earthquake,0.36,0.73,0.12,14,automatic,nc,nc
2023-06-13T10:00:19.447Z,60.1282,-152.8899,98.9,1.6,ml,,,,0.49,ak,ak0237je3ajc,2023-06-20T00:02:39.033Z,"67 km WNW of Happy Valley, Alaska",earthquake,,0.3,,,reviewed,ak,ak
2023-06-13T09:31:53.336Z,12.8658,-90.9622,35,4.6,mb,104,175,1.544,0.63,us,us7000k857,2023-06-13T14:41:59.040Z,"118 km S of Puerto San José, Guatemala",earthquake,7.94,1.967,0.034,262,reviewed,us,us
2023-06-13T09:31:42.580Z,56.2365,-159.404166666667,4.88,0.61,ml,6,250,,0.27,av,av91924501,2023-06-15T18:18:32.680Z,"37 km N of Ivanof Bay, Alaska",earthquake,0.98,1.8,0.116877667465796,6,reviewed,av,av
2023-06-13T09:23:19.063Z,62.9382,-151.3168,101.8,1.4,ml,,,,0.44,ak,ak0237jdmsde,2023-06-20T00:02:38.813Z,"56 km NNW of Petersville, Alaska",earthquake,,0.5,,,reviewed,ak,ak
2023-06-13T09:14:31.970Z,38.8146667,-122.8253326,1.74,0.88,md,10,55,0.006523,0.07,nc,nc73900636,2023-06-13T09:54:12.748Z,"7km NW of The Geysers, CA",earthquake,0.45,1.09,0.13,10,automatic,nc,nc
2023-06-13T09:13:37.750Z,38.8103333,-122.821,2.34,1.17,md,42,49,0.006555,0.06,nc,nc73900631,2023-06-14T21:26:15.014Z,"7km WNW of The Geysers, CA",earthquake,0.14,0.23,0.166,39,reviewed,nc,nc
2023-06-13T09:11:26.889Z,51.5147,-176.0168,25.6,1.7,ml,,,,0.38,ak,ak0237jdk8pl,2023-06-20T00:02:32.754Z,"58 km SE of Adak, Alaska",earthquake,,0.9,,,reviewed,ak,ak
2023-06-13T09:05:00.815Z,63.2055,-155.9678,5,1.3,ml,,,,0.62,ak,ak0237jdiw2p,2023-06-20T00:02:38.595Z,"24 km NNE of Takotna, Alaska",earthquake,,0.2,,,reviewed,ak,ak
2023-06-13T09:04:15.862Z,51.5536,-179.9733,71,2,ml,,,,0.41,ak,ak0237jdipk5,2023-06-20T00:02:32.531Z,"",earthquake,,0.3,,,reviewed,ak,ak
2023-06-13T08:58:43.450Z,58.2023333333333,-155.197166666667,4.69,0.04,ml,7,161,,0.13,av,av91924481,2023-06-16T23:18:45.630Z,"83 km NNW of Karluk, Alaska",earthquake,0.44,1.07,0.274383628703303,7,reviewed,av,av
2023-06-13T08:56:54.410Z,53.8978333333333,-166.913833333333,2.48,0.26,ml,6,231,,0.12,av,av91924476,2023-06-16T23:16:17.930Z,"24 km W of Dutch Harbor, Alaska",earthquake,0.58,2.25,0.118382301256235,6,reviewed,av,av
2023-06-13T08:54:54.160Z,33.3983333,-116.3681667,5.46,0.57,ml,19,77,0.1337,0.19,ci,ci40484488,2023-06-13T13:45:56.084Z,"16km N of Borrego Springs, CA",earthquake,0.38,1.81,0.223,11,reviewed,ci,ci
2023-06-13T08:53:51.622Z,63.2377,-151.1204,0.7,1,ml,,,,0.59,ak,ak0237jd7ure,2023-06-20T00:02:38.376Z,"Central Alaska",earthquake,,0.3,,,reviewed,ak,ak
2023-06-13T08:43:55.690Z,38.4948333,-122.2533333,6.37,1.29,md,23,65,0.07707,0.12,nc,nc73900626,2023-06-14T08:19:14.432Z,"14km NE of Yountville, CA",earthquake,0.23,0.8,0.302,16,reviewed,nc,nc
2023-06-13T08:42:21.180Z,33.156,-116.4625,8.27,0.89,ml,42,53,0.08109,0.17,ci,ci40484480,2023-06-13T18:07:24.460Z,"14km SW of Borrego Springs, CA",earthquake,0.19,0.77,0.198,14,reviewed,ci,ci
2023-06-13T08:40:58.937Z,36.648,-116.2739,7.2,-0.3,ml,6,199.44,0.052,0.0228,nn,nn00861406,2023-06-19T17:37:31.409Z,"52 km SE of Beatty, Nevada",earthquake,,2.6,0.14,2,reviewed,nn,nn
2023-06-13T08:40:33.430Z,33.7841667,-116.7711667,9.66,0.88,ml,48,44,0.05391,0.16,ci,ci40484472,2023-06-13T17:59:45.532Z,"7km NW of Idyllwild, CA",earthquake,0.15,0.27,0.114,25,reviewed,ci,ci
2023-06-13T08:40:23.570Z,63.1343,-150.7597,1.5,1.2,ml,,,,0.68,ak,ak0237jd509j,2023-06-20T00:02:32.315Z,"66 km SE of Denali National Park, Alaska",earthquake,,0.1,,,reviewed,ak,ak
2023-06-13T08:38:53.689Z,60.4751,-148.1721,5.3,1.4,ml,,,,0.47,ak,ak0237jd4n6g,2023-06-20T00:02:38.158Z,"43 km SE of Whittier, Alaska",earthquake,,0.2,,,reviewed,ak,ak
2023-06-13T08:36:47.230Z,34.2088333,-117.5158333,6.21,0.77,ml,21,91,0.03733,0.12,ci,ci40484464,2023-06-13T17:51:06.373Z,"6km SSW of Lytle Creek, CA",earthquake,0.23,0.38,0.089,8,reviewed,ci,ci
2023-06-13T08:27:08.706Z,-16.2888,-74.0579,33.006,4.5,mb,26,147,4.109,1.34,us,us7000k854,2023-06-14T07:43:56.040Z,"Near the coast of southern Peru",earthquake,9.68,8.287,0.144,14,reviewed,us,us
2023-06-13T08:24:02.470Z,39.6213,-119.9724,6.6,0.6,ml,12,80.49,0.016,0.1202,nn,nn00861185,2023-06-13T19:12:37.570Z,"Nevada",earthquake,,1.4,0.42,5,reviewed,nn,nn
2023-06-13T08:15:58.340Z,38.8161659,-122.8246689,1.85,0.79,md,8,91,0.008094,0.01,nc,nc73900621,2023-06-13T10:39:14.031Z,"7km NW of The Geysers, CA",earthquake,0.48,0.88,0.37,8,automatic,nc,nc
2023-06-13T08:13:05.208Z,60.2041,-152.1289,76.5,1.8,ml,,,,0.48,ak,ak0237jcz6ix,2023-06-20T00:02:32.039Z,"30 km WNW of Ninilchik, Alaska",earthquake,,0.3,,,reviewed,ak,ak
2023-06-13T08:10:46.485Z,62.1899,-148.3482,28.8,1.3,ml,,,,0.57,ak,ak0237jcymif,2023-06-20T00:02:31.807Z,"44 km N of Chickaloon, Alaska",earthquake,,0.7,,,reviewed,ak,ak
2023-06-13T08:03:40.485Z,33.0961,75.8961,10,5,mww,101,43,2.267,1.01,us,us7000k850,2023-06-17T16:40:44.715Z,"21 km NE of Bhadarwāh, India",earthquake,7.03,1.796,0.093,11,reviewed,us,us
2023-06-13T08:03:00.560Z,33.4701667,-116.782,2.59,0.9,ml,45,42,0.03971,0.18,ci,ci40484456,2023-06-13T17:38:47.313Z,"8km ENE of Aguanga, CA",earthquake,0.15,0.26,0.092,25,reviewed,ci,ci
2023-06-13T08:00:29.880Z,37.3728333,-121.7203333,9.49,0.76,md,15,78,0.06935,0.08,nc,nc73900616,2023-06-14T04:58:13.154Z,"10km E of Alum Rock, CA",earthquake,0.43,0.54,0.292,12,reviewed,nc,nc
2023-06-13T07:55:50.218Z,59.3157,-152.6292,72.4,2,ml,,,,0.53,ak,ak0237jcmug1,2023-06-23T16:29:59.730Z,"40 km W of Nanwalek, Alaska",earthquake,,0.2,,,reviewed,ak,ak
2023-06-13T07:54:07.220Z,38.8433333,-122.873,2.4,1.46,md,52,47,0.004774,0.06,nc,nc73900611,2023-06-14T23:14:14.621Z,"12km NW of The Geysers, CA",earthquake,0.16,0.24,0.148,45,reviewed,nc,nc
2023-06-13T07:53:45.046Z,51.3801,179.7818,45.8,2.8,ml,,,,0.31,ak,ak0237jcmeo0,2023-06-23T16:29:59.295Z,"254 km WSW of Adak, Alaska",earthquake,,0.5,,,reviewed,ak,ak
2023-06-13T07:53:39.391Z,59.4846,-155.917,6.7,1.8,ml,,,,0.97,ak,ak0237jcme76,2023-06-23T16:29:59.525Z,"17 km N of Igiugig, Alaska",earthquake,,0.3,,,reviewed,ak,ak
2023-06-13T07:51:24.340Z,32.7373333,-115.3978333,7.07,1.09,ml,10,135,0.07936,0.31,ci,ci37548772,2023-06-13T17:29:21.110Z,"8km SSW of Holtville, CA",earthquake,0.93,2.26,0.256,6,reviewed,ci,ci
2023-06-13T07:50:58.370Z,32.746,-115.4116667,10.85,1.55,ml,20,90,0.06614,0.21,ci,ci40484448,2023-06-13T17:23:42.429Z,"8km SSW of Holtville, CA",earthquake,0.29,0.61,0.198,16,reviewed,ci,ci
2023-06-13T07:47:59.568Z,57.8642,-155.4653,2.4,1.4,ml,,,,0.88,ak,ak0237jcl5ho,2023-06-23T16:29:59.093Z,"",earthquake,,0.4,,,reviewed,ak,ak
2023-06-13T07:45:57.429Z,24.1275,142.9676,28.24,4.6,mb,38,120,12.312,1.09,us,us7000k853,2023-06-13T11:44:19.040Z,"Volcano Islands, Japan region",earthquake,13.08,5.675,0.078,49,reviewed,us,us
2023-06-13T07:42:34.859Z,62.0369,-148.227,31,1.1,ml,,,,0.71,ak,ak0237jck0x1,2023-06-23T16:29:58.882Z,"29 km NNE of Chickaloon, Alaska",earthquake,,0.3,,,reviewed,ak,ak
2023-06-13T07:36:14.031Z,12.6053,-88.7946,49.66,4.5,mb,45,160,1.11,0.74,us,us7000k84v,2023-06-13T11:38:47.040Z,"79 km SSW of Puerto El Triunfo, El Salvador",earthquake,7.48,9.344,0.041,177,reviewed,us,us
2023-06-13T07:35:18.395Z,-28.0098,-66.6143,175.652,4.5,mb,30,79,2.523,0.98,us,us7000k84u,2023-06-14T07:20:54.040Z,"Catamarca-La Rioja region, Argentina",earthquake,10.02,11.63,0.192,8,reviewed,us,us
2023-06-13T07:34:34.920Z,38.725,-122.9173333,5.93,1.82,md,77,41,0.07055,0.07,nc,nc73900606,2023-06-13T11:32:12.367Z,"12km SE of Cloverdale, CA",earthquake,0.15,0.38,0.146,75,reviewed,nc,nc
2023-06-13T07:34:32.517Z,63.0438,-150.6407,107.5,2.2,ml,,,,0.57,ak,ak0237jcib54,2023-06-23T16:29:58.560Z,"61 km N of Petersville, Alaska",earthquake,,0.3,,,reviewed,ak,ak
2023-06-13T07:25:43.120Z,18.2361,-67.7163,63,3.61,md,22,178,0.2797,0.23,pr,pr2023164001,2023-06-13T11:47:34.040Z,"50 km W of Stella, Puerto Rico",earthquake,1.07,0.89,0.05,13,reviewed,pr,pr
2023-06-13T07:15:59.310Z,38.8144989,-122.7948303,1.76,0.77,md,13,116,0.006532,0.06,nc,nc73900601,2023-06-13T09:20:12.541Z,"5km NW of The Geysers, CA",earthquake,0.36,0.82,0.1,13,automatic,nc,nc
2023-06-13T07:12:43.020Z,36.08283333,-97.64383333,6.4,1.51,ml,49,50,0.06478728652,0.21,ok,ok2023lmjh,2023-06-13T21:10:23.660Z,"8 km SSW of Marshall, Oklahoma",earthquake,,0.4,0.21,6,reviewed,ok,ok
2023-06-13T07:11:29.258Z,58.177,-155.3763,7.8,1.1,ml,,,,0.49,ak,ak0237jcd7y2,2023-06-23T16:29:58.367Z,"87 km NW of Karluk, Alaska",earthquake,,0.1,,,reviewed,ak,ak
2023-06-13T07:09:37.152Z,64.985,-147.389,0,1.3,ml,,,,0.61,ak,ak0237jccyj2,2023-06-23T16:29:58.182Z,"11 km ENE of Fox, Alaska",explosion,,0,,,reviewed,ak,ak
2023-06-13T07:07:46.500Z,36.104,-97.834,6.73,1.11,ml,67,38,0.1160772217,0.24,ok,ok2023lmjc,2023-06-20T16:21:20.478Z,"5 km E of Hennessey, Oklahoma",earthquake,,0.5,0.25,27,reviewed,ok,ok
2023-06-13T07:05:21.075Z,63.1919,-150.8189,129.7,1.1,ml,,,,0.23,ak,ak0237jcc2c6,2023-06-23T16:30:03.676Z,"59 km SE of Denali National Park, Alaska",earthquake,,0.7,,,reviewed,ak,ak
2023-06-13T07:02:04.160Z,51.881,179.528666666667,12.95,-0.08,ml,4,322,,0.32,av,av91924396,2023-06-16T22:53:01.090Z,"264 km W of Adak, Alaska",earthquake,3.54,1.39,0.182266289700197,4,reviewed,av,av
2023-06-13T06:58:33.800Z,18.4848333333333,-66.6061666666667,13.4,2.58,md,8,134,0.07317,0.18,pr,pr71413223,2023-06-13T07:09:47.330Z,"5 km NE of Animas, Puerto Rico",earthquake,0.43,0.43,0.0836908906876388,4,reviewed,pr,pr
2023-06-13T06:51:49.957Z,51.7029,178.3433,81.908,3.3,ml,34,165,0.267,0.28,us,us7000k9nv,2023-06-24T07:55:31.040Z,"",earthquake,7.87,7.529,0.081,24,reviewed,us,us
2023-06-13T06:51:30.068Z,51.1956,179.452,26.014,3.3,ml,22,248,0.206,0.71,us,us7000k9nu,2023-06-24T07:47:27.040Z,"281 km WSW of Adak, Alaska",earthquake,4.96,12.452,0.097,14,reviewed,us,us
2023-06-13T06:50:04.012Z,-11.2032,166.0973,77.781,4.2,mb,27,120,6.3,0.32,us,us7000k9v6,2023-06-24T08:18:05.040Z,"",earthquake,6.92,7.886,0.128,17,reviewed,us,us
2023-06-13T06:44:07.820Z,63.2576,-149.3627,91.9,1.3,ml,,,,0.75,ak,ak0237jbyyrn,2023-06-23T16:29:57.525Z,"25 km SW of Cantwell, Alaska",earthquake,,0.3,,,reviewed,ak,ak
2023-06-13T06:42:30.894Z,54.1631,-162.5393,24.3,2.2,ml,,,,0.8,ak,ak0237jbyl1h,2023-06-23T16:30:03.495Z,"95 km SE of False Pass, Alaska",earthquake,,1.8,,,reviewed,ak,ak
2023-06-13T06:40:20.020Z,35.8785,-117.6768333,6.99,1.32,ml,20,123,0.09994,0.1,ci,ci40484440,2023-06-13T17:18:07.606Z,"22km ESE of Little Lake, CA",earthquake,0.25,0.41,0.081,8,reviewed,ci,ci
2023-06-13T06:31:11.730Z,38.8409996,-122.8381653,1.71,0.6,md,9,185,0.003189,0.02,nc,nc73900596,2023-06-13T08:53:16.400Z,"10km NW of The Geysers, CA",earthquake,0.64,0.76,0.24,10,automatic,nc,nc
2023-06-13T06:24:33.149Z,60.8263,-150.636,12.6,1.3,ml,,,,0.7,ak,ak0237jbuqcz,2023-06-23T16:30:03.269Z,"11 km SSE of Point Possession, Alaska",earthquake,,0.2,,,reviewed,ak,ak
2023-06-13T06:22:34.730Z,60.6509,-147.9342,7.7,1.4,ml,,,,0.63,ak,ak0237jbub26,2023-06-23T16:30:03.055Z,"43 km ESE of Whittier, Alaska",earthquake,,0.4,,,reviewed,ak,ak
2023-06-13T06:15:32.170Z,38.146,-122.4511667,5.82,0.82,md,21,88,0.002656,0.07,nc,nc73900586,2023-06-13T11:06:14.188Z,"6km ENE of Black Point-Green Point, CA",earthquake,0.25,0.4,0.23,18,reviewed,nc,nc
2023-06-13T06:05:24.600Z,19.1784992218018,-155.496826171875,33.8899993896484,1.86000001,md,37,85,,0.100000001,hv,hv73449952,2023-06-13T06:08:48.800Z,"3 km SW of Pāhala, Hawaii",earthquake,0.53,0.75999999,0.419999987,9,automatic,hv,hv
2023-06-13T06:05:05.542Z,62.8447,-149.5105,69.3,1.3,ml,,,,0.73,ak,ak0237jbqlmj,2023-06-23T16:30:02.845Z,"53 km NE of Chase, Alaska",earthquake,,0.5,,,reviewed,ak,ak
2023-06-13T06:02:32.540Z,46.18633333333333,-122.1785,5.95,0.51,ml,11,78,0.01215,0.1,uw,uw61932571,2023-06-16T21:45:41.680Z,"37 km NE of Amboy, Washington",earthquake,0.35,0.55,0.1670801561950956,7,reviewed,uw,uw
2023-06-13T05:52:00.653Z,61.3985,-149.9851,28.9,1.1,ml,,,,0.68,ak,ak0237jbf8ar,2023-06-23T16:30:02.634Z,"4 km N of Point MacKenzie, Alaska",earthquake,,0.7,,,reviewed,ak,ak
2023-06-13T05:51:03.730Z,58.2568333333333,-155.159833333333,32.9,0.37,ml,10,101,,0.07,av,av91107453,2023-06-15T01:22:56.150Z,"Alaska Peninsula",earthquake,0.55,0.44,0.355647209629669,10,reviewed,av,av
2023-06-13T05:50:21.086Z,4.4702,-118.1921,10,4.6,mb,71,84,22.385,0.39,us,us7000k84b,2023-06-24T11:58:15.040Z,"east central Pacific Ocean",earthquake,15,1.9,0.068,64,reviewed,us,us
2023-06-13T05:49:43.800Z,33.273,-116.7305,19.37,1.02,ml,50,42,0.04386,0.14,ci,ci40484432,2023-06-13T17:13:21.579Z,"5km NE of Lake Henshaw, CA",earthquake,0.17,0.4,0.108,21,reviewed,ci,ci
2023-06-13T05:49:25.802Z,61.2539,-151.2104,71.1,1.2,ml,,,,0.54,ak,ak0237jben30,2023-06-23T16:30:02.439Z,"14 km NNW of Beluga, Alaska",earthquake,,0.1,,,reviewed,ak,ak
2023-06-13T05:48:14.540Z,45.4388333333333,-111.805333333333,4.81,0.7,ml,6,182,0.2007,0.07,mb,mb90017998,2023-06-13T14:46:27.370Z,"Western Montana",earthquake,0.54,6.56,0.40993553095509,4,reviewed,mb,mb
2023-06-13T05:42:28.261Z,51.547,-174.4223,9.7,1.8,ml,,,,0.85,ak,ak0237jbd56c,2023-06-23T16:30:02.255Z,"73 km SSW of Atka, Alaska",earthquake,,2.7,,,reviewed,ak,ak
2023-06-13T05:42:11.195Z,36.7643,-116.2554,8.2,-0.4,ml,14,97.34,0.029,0.093,nn,nn00861405,2023-06-19T17:37:30.123Z,"47 km ESE of Beatty, Nevada",earthquake,,1.2,0.57,3,reviewed,nn,nn
2023-06-13T05:41:33.440Z,58.2946666666667,-154.979,3.71,0.28,ml,9,131,,0.13,av,av91924351,2023-06-16T22:41:48.160Z,"86 km NNW of Karluk, Alaska",earthquake,0.34,0.67,0.270376302419908,9,reviewed,av,av
2023-06-13T05:39:00.868Z,51.5663,-175.7311,35,3.3,ml,21,220,0.438,0.51,us,us7000k86l,2023-06-25T06:33:25.040Z,"71 km ESE of Adak, Alaska",earthquake,5.2,2.002,0.085,18,reviewed,us,us
2023-06-13T05:37:31.520Z,58.2356666666667,-155.133666666667,32.65,-0.24,ml,7,140,,0.1,av,av91107448,2023-06-15T01:15:01.290Z,"84 km NNW of Karluk, Alaska",earthquake,1.07,0.82,0.282174922172652,7,reviewed,av,av
2023-06-13T05:36:18.340Z,38.2311667,-112.6598333,7.31,1.27,ml,11,222,0.2425,0.15,uu,uu60542106,2023-06-13T13:07:57.000Z,"5 km SSW of Beaver, Utah",earthquake,1.62,4.78,0.016,2,reviewed,uu,uu
2023-06-13T05:36:10.200Z,58.2558333333333,-155.132166666667,32.37,0.52,ml,11,93,,0.15,av,av91107433,2023-06-14T23:04:36.210Z,"86 km NNW of Karluk, Alaska",earthquake,0.49,0.82,0.323950297380622,11,reviewed,av,av
2023-06-13T05:35:11.072Z,53.9418,-166.5446,10.5,1.6,ml,,,,0.55,ak,ak0237jbbm0t,2023-06-23T16:29:57.112Z,"5 km N of Dutch Harbor, Alaska",earthquake,,0.2,,,reviewed,ak,ak
2023-06-13T05:26:17.890Z,45.4391666666667,-111.801,4.75,0.9,ml,6,183,0.1985,0.03,mb,mb90017988,2023-06-13T14:42:20.190Z,"11 km NNW of Ennis, Montana",earthquake,0.5,5.98,0.461308483202973,4,reviewed,mb,mb
2023-06-13T05:24:25.530Z,45.4335,-111.7965,4.8,0.79,ml,6,186,0.2012,0.13,mb,mb90017983,2023-06-13T14:32:14.210Z,"10 km NNW of Ennis, Montana",earthquake,0.73,8.61,0.205846287916957,5,reviewed,mb,mb
2023-06-13T05:20:24.916Z,51.4344,-177.5155,16.4,1.5,ml,,,,0.57,ak,ak0237jb8f8o,2023-06-19T19:20:38.806Z,"78 km SW of Adak, Alaska",earthquake,,1,,,reviewed,ak,ak
2023-06-13T05:16:47.077Z,51.9095,177.1937,6.4,1.7,ml,,,,0.74,ak,ak0237jb7m3n,2023-06-19T19:20:44.403Z,"292 km ESE of Attu Station, Alaska",earthquake,,2.6,,,reviewed,ak,ak
2023-06-13T05:12:47.741Z,53.4903,-163.6919,4.5,2.1,ml,,,,0.45,ak,ak0237jb6rag,2023-06-23T16:30:02.059Z,"152 km S of False Pass, Alaska",earthquake,,0.6,,,reviewed,ak,ak
2023-06-13T05:11:45.250Z,36.53866667,-98.95866667,5.91,0.36,ml,12,132,0.04679081805,0.07,ok,ok2023lmfh,2023-06-20T16:09:58.682Z,"8 km SW of Waynoka, Oklahoma",earthquake,,0.5,0.3,6,reviewed,ok,ok
2023-06-13T05:08:33.330Z,32.7135,-115.4025,2.89,0.95,ml,12,164,0.09888,0.27,ci,ci37548764,2023-06-13T16:54:28.460Z,"9km NE of Mexicali, B.C., MX",earthquake,1.01,0.99,0.061,6,reviewed,ci,ci
2023-06-13T05:08:20.720Z,32.7495,-115.4253333,8.89,1.32,ml,15,120,0.05853,0.14,ci,ci40484424,2023-06-13T16:48:43.549Z,"8km SSW of Holtville, CA",earthquake,0.39,0.68,0.106,9,reviewed,ci,ci
2023-06-13T05:07:53.733Z,62.4917,-151.6698,96.7,1.2,ml,,,,0.56,ak,ak0237jb5p6e,2023-06-23T16:30:01.865Z,"46 km W of Petersville, Alaska",earthquake,,0.5,,,reviewed,ak,ak
2023-06-13T05:05:41.509Z,36.53633333,-98.961,7.52,0.7,ml,23,108,0.0449911712,0.17,ok,ok2023lmfc,2023-06-20T15:54:36.572Z,"Oklahoma",earthquake,,0.4,0.23,11,reviewed,ok,ok
2023-06-13T05:03:22.400Z,38.8023338,-122.7761688,3.64,0.99,md,22,71,0.01147,0.04,nc,nc73900581,2023-06-13T06:42:13.554Z,"3km NNW of The Geysers, CA",earthquake,0.29,0.64,0.2,23,automatic,nc,nc
2023-06-13T05:01:59.090Z,17.959,-67.0126666666667,8.28,2.45,md,6,208,0.03178,0.07,pr,pr71413218,2023-06-13T05:11:38.340Z,"4 km ESE of La Parguera, Puerto Rico",earthquake,0.53,0.6,0.120144855736597,3,reviewed,pr,pr
2023-06-13T04:53:08.580Z,36.536,-98.96,6.59,0.65,ml,20,108,0.04409134777,0.1,ok,ok2023lmer,2023-06-20T15:46:57.835Z,"8 km SW of Waynoka, Oklahoma",earthquake,,0.3,0.23,9,reviewed,ok,ok
2023-06-13T04:44:58.309Z,57.1296,-135.6904,3.3,2.4,ml,,,,0.66,ak,ak0237jas7ed,2023-06-23T16:29:56.920Z,"23 km WNW of Sitka, Alaska",earthquake,,0.2,,,reviewed,ak,ak
2023-06-13T04:43:06.480Z,18.1946666666667,-67.9236666666667,108.29,3.38,md,12,190,0.4626,0.39,pr,pr71413213,2023-06-13T05:02:37.330Z,"66 km SE of Punta Cana, Dominican Republic",earthquake,3.22,2.14,0.0815994220469962,7,reviewed,pr,pr
2023-06-13T04:42:36.565Z,51.9364,177.8302,5,1.8,ml,,,,0.74,ak,ak0237jarqxw,2023-06-23T16:29:56.735Z,"",earthquake,,0.6,,,reviewed,ak,ak
2023-06-13T04:38:26.040Z,51.9705,177.7175,4.8,3.1,ml,,,,0.63,ak,ak0237jaqv4m,2023-06-23T16:29:56.530Z,"Rat Islands, Aleutian Islands, Alaska",earthquake,,0.4,,,reviewed,ak,ak
2023-06-13T04:31:21.859Z,36.53516667,-98.96133333,6.46,0.8,ml,22,110,0.04409134777,0.16,ok,ok2023lmdy,2023-06-20T15:28:10.099Z,"8 km SW of Waynoka, Oklahoma",earthquake,,0.5,0.26,9,reviewed,ok,ok
2023-06-13T04:31:08.698Z,60.3222,-140.9691,23,1.1,ml,,,,0.74,ak,ak0237japbbg,2023-06-23T16:30:01.681Z,"110 km NW of Yakutat, Alaska",earthquake,,0.3,,,reviewed,ak,ak
2023-06-13T04:26:24.629Z,35.36183333,-98.094,5.85,0.8,ml,17,56,0.08188393158,0.35,ok,ok2023lmdu,2023-06-20T15:18:50.122Z,"14 km WSW of Union City, Oklahoma",earthquake,,1.4,0.14,7,reviewed,ok,ok
2023-06-13T04:19:19.050Z,18.8763333333333,-64.4498333333333,42.14,3.14,md,4,335,0.622,0.12,pr,pr71413208,2023-06-13T04:42:46.900Z,"70 km NNE of Cruz Bay, U.S. Virgin Islands",earthquake,4.56,6.47,0.0226200074750422,3,reviewed,pr,pr
2023-06-13T04:12:55.520Z,61.5089,-150.7355,59.8,1.4,ml,,,,0.61,ak,ak0237jalcae,2023-06-23T16:29:56.310Z,"12 km WSW of Susitna, Alaska",earthquake,,0.8,,,reviewed,ak,ak
2023-06-13T04:05:42.177Z,-10.8965,113.8516,10,4.4,mb,21,116,2.429,0.66,us,us7000k83u,2023-06-13T21:05:18.040Z,"south of Java, Indonesia",earthquake,6.65,1.791,0.178,9,reviewed,us,us
2023-06-13T04:04:18.420Z,38.8206673,-122.7893295,1.15,0.84,md,15,48,0.01002,0.03,nc,nc73900576,2023-06-13T05:03:13.930Z,"6km NNW of The Geysers, CA",earthquake,0.22,0.41,0.26,15,automatic,nc,nc
2023-06-13T04:03:07.020Z,38.7804985,-122.7636642,0.97,0.93,md,16,71,0.009898,0.05,nc,nc73900571,2023-06-13T04:51:13.864Z,"1km WNW of The Geysers, CA",earthquake,0.25,0.47,0.21,16,automatic,nc,nc
2023-06-13T04:00:48.680Z,38.836834,-122.7888336,1.7,1.09,md,19,125,0.001966,0.05,nc,nc73900566,2023-06-13T06:16:13.398Z,"6km WNW of Cobb, CA",earthquake,0.25,0.45,0.15,19,automatic,nc,nc
2023-06-13T03:50:45.290Z,51.8648333333333,-178.086166666667,3.26,0.37,ml,4,200,,0.23,av,av91924266,2023-06-16T21:49:04.560Z,"100 km W of Adak, Alaska",earthquake,0.82,0.67,0.169026568274271,4,reviewed,av,av
2023-06-13T03:50:13.616Z,65.4645,-144.8281,10,1.2,ml,,,,0.89,ak,ak0237ja7yig,2023-06-23T16:29:56.113Z,"12 km S of Central, Alaska",earthquake,,0.4,,,reviewed,ak,ak
2023-06-13T03:49:06.535Z,59.902,-152.7332,104,1.8,ml,,,,0.47,ak,ak0237ja7qe8,2023-06-23T16:30:01.450Z,"52 km WNW of Anchor Point, Alaska",earthquake,,0.4,,,reviewed,ak,ak
2023-06-13T03:47:59.649Z,36.5365,-98.96233333,7.15,0.68,ml,20,75,0.0449911712,0.09,ok,ok2023lmcn,2023-06-20T15:10:35.682Z,"8 km SW of Waynoka, Oklahoma",earthquake,,0.3,0.25,9,reviewed,ok,ok
2023-06-13T03:47:20.840Z,38.8171667,-122.8043333,2.93,0.42,md,27,37,0.007667,0.04,nc,nc73900561,2023-06-13T23:16:28.696Z,"6km NW of The Geysers, CA",earthquake,0.19,0.35,0.171,24,reviewed,nc,nc
2023-06-13T03:43:21.110Z,19.238166809082,-155.381332397461,29.3700008392334,2.11,ml,38,154,,0.100000001,hv,hv73449887,2023-06-13T03:48:55.710Z,"10 km ENE of Pāhala, Hawaii",earthquake,0.57,0.800000012,4.47,4,automatic,hv,hv
2023-06-13T03:40:18.050Z,51.3377,-177.6513,27,2.5,ml,,,,0.6,ak,ak0237ja5txk,2023-06-23T16:29:55.882Z,"92 km SW of Adak, Alaska",earthquake,,1.2,,,reviewed,ak,ak
2023-06-13T03:39:43.050Z,58.2715,-155.117833333333,33.33,-0.06,ml,7,134,,0.06,av,av91107423,2023-06-14T22:06:31.160Z,"87 km NNW of Karluk, Alaska",earthquake,0.42,0.59,0.196097227532712,6,reviewed,av,av
2023-06-13T03:38:22.110Z,58.2783333333333,-155.171166666667,34.09,-0.12,ml,8,117,,0.15,av,av91107418,2023-06-14T21:57:23.120Z,"89 km NNW of Karluk, Alaska",earthquake,0.8,0.98,0.269054378869675,8,reviewed,av,av
2023-06-13T03:34:18.124Z,62.0172,-149.5367,50.6,1.1,ml,,,,0.62,ak,ak0237ja4jjk,2023-06-23T16:30:01.235Z,"22 km SE of Susitna North, Alaska",earthquake,,0.3,,,reviewed,ak,ak
2023-06-13T03:27:36.643Z,59.1955,-153.653,10.2,1.7,ml,,,,0.74,ak,ak0237ja32wy,2023-06-23T16:29:55.657Z,"62 km SE of Pope-Vannoy Landing, Alaska",earthquake,,0.3,,,reviewed,ak,ak
2023-06-13T03:27:16.695Z,59.6858,-152.5119,98.4,1.7,ml,,,,0.74,ak,ak0237ja31j0,2023-06-23T16:30:01.002Z,"Southern Alaska",earthquake,,0.4,,,reviewed,ak,ak
2023-06-13T03:15:30.437Z,62.8767,-150.9108,91.2,1.8,ml,,,,0.69,ak,ak0237ja0hxi,2023-06-23T16:29:55.365Z,"43 km N of Petersville, Alaska",earthquake,,0.4,,,reviewed,ak,ak
2023-06-13T03:12:59.030Z,17.9565,-66.3385,7.79,2.81,md,16,185,0.1236,0.27,pr,pr71413193,2023-06-13T03:25:11.970Z,"",earthquake,0.6,1.32,0.0921083769778539,7,reviewed,pr,pr
2023-06-13T03:11:04.690Z,33.929,-117.1283333,15.77,1,ml,38,76,0.0928,0.17,ci,ci40484392,2023-06-13T16:43:53.204Z,"9km E of Moreno Valley, CA",earthquake,0.2,0.64,0.134,14,reviewed,ci,ci
2023-06-13T03:03:24.912Z,66.3299,-157.2341,15,1,ml,,,,0.45,ak,ak0237j9xwx1,2023-06-23T16:30:00.823Z,"62 km S of Shungnak, Alaska",earthquake,,0.5,,,reviewed,ak,ak
2023-06-13T03:02:08.024Z,64.5855,-147.0981,3.7,1.1,ml,,,,0.64,ak,ak0237j9xnuw,2023-06-23T16:29:55.148Z,"8 km SSW of Eielson Air Force Base, Alaska",earthquake,,0.2,,,reviewed,ak,ak
2023-06-13T02:48:19.610Z,19.1911659240723,-155.491333007812,35.0200004577637,2.0999999,md,37,77,,0.109999999,hv,hv73449837,2023-06-13T02:51:45.550Z,"1 km SW of Pāhala, Hawaii",earthquake,0.48,0.720000029,0.980000019,15,automatic,hv,hv
2023-06-13T02:47:18.270Z,35.723,-117.5723333,11.1,0.81,ml,14,124,0.1341,0.16,ci,ci40484376,2023-06-13T16:23:00.088Z,"15km NE of Ridgecrest, CA",earthquake,0.39,0.65,0.101,6,reviewed,ci,ci
2023-06-13T02:43:56.584Z,59.8681,-149.4271,19.2,1.7,ml,,,,0.68,ak,ak0237j9l476,2023-06-23T16:29:54.942Z,"22 km S of Lowell Point, Alaska",earthquake,,0.3,,,reviewed,ak,ak
2023-06-13T02:42:52.990Z,19.3038330078125,-155.217666625977,2.19000005722046,1.85,ml,28,95,,0.180000007,hv,hv73449822,2023-06-13T02:48:24.610Z,"15 km S of Volcano, Hawaii",earthquake,0.37,0.910000026,0.29,5,automatic,hv,hv
2023-06-13T02:41:27.290Z,60.0456666666667,-153.0815,-0.29,-0.59,ml,4,190,,0.04,av,av91924231,2023-06-16T21:29:30.690Z,"64 km ENE of Pedro Bay, Alaska",earthquake,0.35,1.07,0.356057093822859,4,reviewed,av,av
2023-06-13T02:40:01.195Z,39.6127,-119.977,6.1,0.9,ml,8,122.73,0.013,0.0856,nn,nn00861187,2023-06-13T20:08:14.297Z,"7 km S of Cold Springs, Nevada",earthquake,,1.5,0.41,6,reviewed,nn,nn
2023-06-13T02:37:14.321Z,61.7177,-151.2892,73,1.4,ml,,,,0.53,ak,ak0237j9jqr7,2023-06-23T16:29:54.718Z,"30 km S of Skwentna, Alaska",earthquake,,0.6,,,reviewed,ak,ak
2023-06-13T02:33:15.930Z,33.534,-116.6826667,9.67,0.64,ml,33,40,0.05436,0.11,ci,ci40484360,2023-06-13T14:23:53.966Z,"2km SSW of Anza, CA",earthquake,0.14,0.28,0.146,14,reviewed,ci,ci
2023-06-13T02:30:07.409Z,31.69053346,-104.2978606,6.954223633,2.9,ml,18,57,0.03389793199,0.1,tx,tx2023llzz,2023-06-14T13:24:09.856Z,"54 km S of Whites City, New Mexico",earthquake,0.7582228022,0.7777459895,0.1,22,reviewed,tx,tx
2023-06-13T02:25:11.161Z,58.8447,-154.4566,116.1,1.9,ml,,,,0.55,ak,ak0237j9h5ya,2023-06-23T16:30:00.603Z,"68 km SSE of Kokhanok, Alaska",earthquake,,0.4,,,reviewed,ak,ak
2023-06-13T02:23:41.844Z,53.2581,-164.931,14.9,2.1,ml,,,,0.34,ak,ak0237j9gtri,2023-06-23T16:29:54.533Z,"112 km SSE of Akutan, Alaska",earthquake,,3.5,,,reviewed,ak,ak
2023-06-13T02:20:22.410Z,17.9555,-66.9641666666667,13.47,2.55,md,12,205,0.07745,0.09,pr,pr71413183,2023-06-13T02:34:05.660Z,"6 km WSW of Guánica, Puerto Rico",earthquake,0.51,0.29,0.102090243704097,6,reviewed,pr,pr
2023-06-13T02:10:30.226Z,53.9807,-163.0338,4.8,3.2,ml,,,,0.89,ak,ak0237j9dzr8,2023-06-23T16:29:54.308Z,"100 km SSE of False Pass, Alaska",earthquake,,0.2,,,reviewed,ak,ak
2023-06-13T02:08:28.570Z,58.2445,-155.1415,33.04,0.58,ml,11,103,,0.14,av,av91924201,2023-06-15T01:01:58.130Z,"85 km NNW of Karluk, Alaska",earthquake,0.54,0.75,0.318741982419202,10,reviewed,av,av
2023-06-13T02:07:40.330Z,44.352,-115.182166666667,4.8,1.22,ml,8,125,0.8208,0.14,mb,mb90017973,2023-06-13T13:42:47.590Z,"24 km NW of Stanley, Idaho",earthquake,0.5,3.68,0.134237793731496,7,reviewed,mb,mb
2023-06-13T02:06:26.970Z,33.5905,-116.8215,13.49,0.89,ml,28,65,0.0451,0.13,ci,ci40484336,2023-06-13T16:19:59.014Z,"14km WNW of Anza, CA",earthquake,0.2,0.39,0.1,7,reviewed,ci,ci
2023-06-13T02:06:16.810Z,33.5908333,-116.8153333,12.84,0.41,ml,13,71,0.04286,0.1,ci,ci40484328,2023-06-13T14:16:33.065Z,"14km WNW of Anza, CA",earthquake,0.29,0.48,0.164,5,reviewed,ci,ci
2023-06-13T02:05:59.090Z,38.8370018,-122.7969971,1.24,0.85,md,13,70,0.005383,0.03,nc,nc73900556,2023-06-13T02:26:15.038Z,"7km WNW of Cobb, CA",earthquake,0.24,0.4,0.24,14,automatic,nc,nc
2023-06-13T02:05:37.590Z,33.5863333,-116.8248333,12.88,1.91,ml,71,20,0.04758,0.19,ci,ci40484320,2023-06-13T13:52:52.900Z,"14km WNW of Anza, CA",earthquake,0.18,0.38,0.215,26,reviewed,ci,ci
2023-06-13T02:03:34.940Z,19.6568,-65.7828,50,3.69,md,15,246,1.3961,0.13,pr,pr2023164000,2023-06-13T02:49:28.830Z,"135 km N of Suárez, Puerto Rico",earthquake,1.3,7.14,0.04,3,reviewed,pr,pr
2023-06-13T01:50:48.924Z,60.005,-141.5462,13.4,1.8,ml,,,,0.73,ak,ak0237j9167p,2023-06-23T16:29:54.092Z,"114 km WNW of Yakutat, Alaska",earthquake,,0.2,,,reviewed,ak,ak
2023-06-13T01:47:38.779Z,61.7026,-149.9752,51.1,1.1,ml,,,,0.44,ak,ak0237j90i84,2023-06-23T16:30:00.419Z,"Southern Alaska",earthquake,,0.3,,,reviewed,ak,ak
2023-06-13T01:45:25.080Z,59.0455,-152.3156,77.1,1.7,ml,,,,0.52,ak,ak0237j901r5,2023-06-23T16:30:00.213Z,"41 km SSW of Nanwalek, Alaska",earthquake,,0.3,,,reviewed,ak,ak
2023-06-13T01:42:40.410Z,36.5898333,-121.1898333,6.42,1.11,md,13,141,0.01844,0.04,nc,nc73900546,2023-06-14T01:34:12.895Z,"8km NNW of Pinnacles, CA",earthquake,0.43,0.33,0.283,11,reviewed,nc,nc
2023-06-13T01:38:40.609Z,36.53483333,-98.96333333,7.11,0.95,ml,22,76,0.04409134777,0.09,ok,ok2023llyg,2023-06-20T15:06:17.149Z,"9 km SW of Waynoka, Oklahoma",earthquake,,0.2,0.24,9,reviewed,ok,ok
2023-06-13T01:36:16.320Z,36.53533333,-98.96266667,7.13,0.92,ml,23,90,0.04409134777,0.07,ok,ok2023llye,2023-06-20T14:55:58.797Z,"9 km SW of Waynoka, Oklahoma",earthquake,,0.2,0.24,9,reviewed,ok,ok
2023-06-13T01:34:30.098Z,62.3978,-151.207,77.7,1.9,ml,,,,0.46,ak,ak0237j8xp7b,2023-06-23T16:29:53.831Z,"Central Alaska",earthquake,,0.4,,,reviewed,ak,ak
2023-06-13T01:31:49.960Z,36.536,-98.96283333,6.48,2.09,ml,57,74,0.0449911712,0.14,ok,ok2023llya,2023-06-13T21:21:25.553Z,"9 km SW of Waynoka, Oklahoma",earthquake,,0.2,0.2,14,reviewed,ok,ok
2023-06-13T01:29:09.369Z,36.53633333,-98.965,7.32,0.55,ml,20,112,0.04589099462,0.14,ok,ok2023llxy,2023-06-20T14:39:55.378Z,"9 km SW of Waynoka, Oklahoma",earthquake,,0.3,0.2,6,reviewed,ok,ok
2023-06-13T01:28:21.600Z,36.5915,-121.1926667,6.22,2.16,md,56,110,0.02061,0.09,nc,nc73900536,2023-06-13T22:38:14.872Z,"8km NNW of Pinnacles, CA",earthquake,0.17,0.26,0.151,61,reviewed,nc,nc
2023-06-13T01:26:55.010Z,60.0281666666667,-153.091,2.99,-0.6,ml,4,175,,0.06,av,av91924161,2023-06-16T20:45:35.750Z,"62 km ENE of Pedro Bay, Alaska",earthquake,0.46,1.16,0.216647193421161,4,reviewed,av,av
2023-06-13T01:23:11.419Z,36.53816667,-98.96283333,6.74,1.41,ml,55,74,0.04679081805,0.21,ok,ok2023llxt,2023-06-20T13:05:03.835Z,"8 km WSW of Waynoka, Oklahoma",earthquake,,0.3,0.22,22,reviewed,ok,ok
2023-06-13T01:20:46.640Z,36.5335,-98.96183333,6.7,0.75,ml,22,80,0.04229170093,0.08,ok,ok2023llxr,2023-06-20T14:24:48.762Z,"9 km SW of Waynoka, Oklahoma",earthquake,,0.2,0.24,8,reviewed,ok,ok
2023-06-13T01:14:49.566Z,62.8465,-149.3589,74.5,1.6,ml,,,,0.64,ak,ak0237j8tgfy,2023-06-23T16:29:53.588Z,"58 km NE of Chase, Alaska",earthquake,,0.3,,,reviewed,ak,ak
2023-06-13T01:13:16.039Z,36.53433333,-98.961,6.86,1.03,ml,14,127,0.04319152435,0.09,ok,ok2023llxl,2023-06-20T14:18:13.600Z,"9 km SW of Waynoka, Oklahoma",earthquake,,0.4,0.2,5,reviewed,ok,ok
2023-06-13T01:13:11.050Z,36.53583333,-98.96366667,7.14,1.03,ml,27,76,0.0449911712,0.14,ok,ok2023llxk,2023-06-20T14:13:39.105Z,"9 km SW of Waynoka, Oklahoma",earthquake,,0.3,0.23,9,reviewed,ok,ok
2023-06-13T01:11:13.720Z,36.53883333,-98.96233333,6.61,1.49,ml,47,74,0.04769064147,0.19,ok,ok2023llxj,2023-06-20T13:54:43.404Z,"8 km WSW of Waynoka, Oklahoma",earthquake,,0.3,0.23,20,reviewed,ok,ok
2023-06-13T01:09:15.669Z,36.53833333,-98.9625,6.69,2.13,ml,59,75,0.04679081805,0.15,ok,ok2023llxg,2023-06-13T21:31:23.239Z,"8 km WSW of Waynoka, Oklahoma",earthquake,,0.2,0.22,14,reviewed,ok,ok
2023-06-13T01:08:29.800Z,61.9145,-147.1527,35.5,2.3,ml,,,,0.76,ak,ak0237j8s4jo,2023-06-23T16:29:53.278Z,"2 km SSE of Eureka Roadhouse, Alaska",earthquake,,0.2,,,reviewed,ak,ak
2023-06-13T01:04:46.140Z,36.5476667,-121.1385,6.08,1.98,md,45,92,0.01704,0.09,nc,nc73900531,2023-06-14T00:12:13.429Z,"2km NNE of Pinnacles, CA",earthquake,0.17,0.28,0.155,49,reviewed,nc,nc
2023-06-13T01:00:43.509Z,36.5355,-98.96233333,7.42,0.7,ml,20,79,0.0449911712,0.1,ok,ok2023llxa,2023-06-20T13:47:33.608Z,"9 km SW of Waynoka, Oklahoma",earthquake,,0.3,0.26,8,reviewed,ok,ok
2023-06-13T00:54:26.539Z,36.536,-98.96383333,7.23,0.75,ml,21,76,0.04589099462,0.1,ok,ok2023llwu,2023-06-20T13:42:22.192Z,"9 km SW of Waynoka, Oklahoma",earthquake,,0.3,0.17,7,reviewed,ok,ok
2023-06-13T00:50:05.260Z,38.8199997,-122.803833,2.63,0.77,md,8,86,0.005938,0.01,nc,nc73900526,2023-06-13T01:24:16.698Z,"6km NW of The Geysers, CA",earthquake,0.53,1.84,0.16,9,automatic,nc,nc
2023-06-13T00:46:59.840Z,46.190333333333335,-122.19716666666666,5.23,0.05,ml,6,128,0.02643,0.04,uw,uw61502643,2023-06-19T05:33:29.940Z,"36 km NNE of Amboy, Washington",earthquake,0.37,0.68,0.19826612405002658,4,reviewed,uw,uw
2023-06-13T00:44:22.220Z,33.4451667,-116.6373333,4.3,0.55,ml,25,76,0.05747,0.15,ci,ci40484312,2023-06-13T16:14:25.603Z,"13km SSE of Anza, CA",earthquake,0.19,0.38,0.158,12,reviewed,ci,ci
2023-06-13T00:41:25.241Z,63.4876,-149.7415,105.1,1.3,ml,,,,0.66,ak,ak0237j8draf,2023-06-23T16:29:59.999Z,"40 km WNW of Cantwell, Alaska",earthquake,,0.7,,,reviewed,ak,ak
2023-06-13T00:35:40.398Z,53.5789,-164.8473,35,2.8,ml,16,217,0.781,0.23,us,us7000k9np,2023-06-26T02:50:41.040Z,"86 km SE of Akutan, Alaska",earthquake,3.66,2.011,0.105,12,reviewed,us,us
2023-06-13T00:34:43.979Z,35.36266667,-98.079,8.76,2.75,ml,97,31,0,0.29,ok,ok2023llwd,2023-06-19T03:11:45.417Z,"12 km WSW of Union City, Oklahoma",earthquake,,1,0.23,47,reviewed,ok,ok
2023-06-13T00:34:42.420Z,35.9956667,-120.5495,3.76,0.95,md,20,81,0.01725,0.07,nc,nc73900521,2023-06-14T04:47:15.089Z,"15km NW of Parkfield, CA",earthquake,0.22,0.28,0.231,10,reviewed,nc,nc
2023-06-13T00:28:51.842Z,51.8942,177.7786,135,1.8,ml,,,,0.63,ak,ak0237j8b11c,2023-06-19T19:20:41.923Z,"Rat Islands, Aleutian Islands, Alaska",earthquake,,2.4,,,reviewed,ak,ak
2023-06-13T00:25:59.950Z,38.8023338,-122.7340012,2.28,0.96,md,10,112,0.01919,0.02,nc,nc73900516,2023-06-13T00:59:18.653Z,"2km SSW of Cobb, CA",earthquake,0.35,1.26,0.2,10,automatic,nc,nc
2023-06-13T00:21:50.810Z,19.1321659088135,-155.496826171875,33.8400001525879,2.20000005,md,30,167,,0.180000007,hv,hv73449722,2023-06-13T00:25:17.380Z,"8 km SSW of Pāhala, Hawaii",earthquake,0.75,1.25,1.30999994,11,automatic,hv,hv
2023-06-13T00:16:33.475Z,39.6168,-119.9668,6.1,0.7,ml,5,120.28,0.01,0.0818,nn,nn00861188,2023-06-13T20:11:21.837Z,"Nevada",earthquake,,1.9,0.17,2,reviewed,nn,nn
2023-06-13T00:16:08.330Z,58.2401666666667,-155.149333333333,2.6,0.08,ml,6,109,,0.15,av,av91924111,2023-06-13T00:31:04.650Z,"Alaska Peninsula",earthquake,0.43,0.67,0.186475739704219,7,reviewed,av,av
2023-06-13T00:07:00.070Z,31.68777602,-104.2978388,6.131567383,2.1,ml,28,65,0.03241773528,0.2,tx,tx2023llvg,2023-06-14T20:21:11.614Z,"54 km S of Whites City, New Mexico",earthquake,0.7167721675,0.8501525713,0.1,6,reviewed,tx,tx
2023-06-13T00:06:14.900Z,35.13383333,-97.7375,7.67,1.22,ml,30,44,0.08458340185,0.28,ok,ok2023llve,2023-06-13T20:53:25.297Z,"7 km W of Blanchard, Oklahoma",earthquake,,0.6,0.18,4,reviewed,ok,ok
2023-06-13T00:01:31.360Z,38.7808342,-122.7568359,1.39,0.76,md,10,101,0.01227,0.02,nc,nc73900511,2023-06-13T00:49:14.496Z,"0km N of The Geysers, CA",earthquake,0.37,0.77,0.11,10,automatic,nc,nc
2023-06-12T23:58:38.929Z,36.54283333,-98.957,6.68,1.01,ml,23,107,0.05039011174,0.11,ok,ok2023lluy,2023-06-13T20:13:06.549Z,"8 km WSW of Waynoka, Oklahoma",earthquake,,0.3,0.25,4,reviewed,ok,ok
2023-06-12T23:46:56.733Z,-59.9689,-24.4713,10,4.7,mb,32,90,14.574,0.57,us,us7000k9m1,2023-06-26T01:42:35.040Z,"South Sandwich Islands region",earthquake,15.04,1.891,0.104,28,reviewed,us,us
2023-06-12T23:46:47.278Z,51.7753,178.7498,80.9,1.6,ml,,,,0.16,ak,ak0237hyki07,2023-06-16T23:24:43.102Z,"Rat Islands, Aleutian Islands, Alaska",earthquake,,0.4,,,reviewed,ak,ak
2023-06-12T23:44:26.668Z,31.65463102,-104.4520439,7.314135742,2.4,ml,37,81,0.01713720762,0.2,tx,tx2023llum,2023-06-14T15:11:38.353Z,"58 km S of Whites City, New Mexico",earthquake,1.033429395,0.6800154167,0.1,22,reviewed,tx,tx
2023-06-12T23:42:26.040Z,33.4081667,-116.3481667,12.75,1.32,ml,51,40,0.05592,0.2,ci,ci40484296,2023-06-13T16:01:05.529Z,"17km N of Borrego Springs, CA",earthquake,0.19,0.4,0.209,28,reviewed,ci,ci
2023-06-12T23:38:06.220Z,38.8206673,-122.8280029,3.22,0.57,md,6,144,0.006009,0.02,nc,nc73900496,2023-06-12T23:39:41.322Z,"8km NW of The Geysers, CA",earthquake,1.12,2.62,0.21,8,automatic,nc,nc
2023-06-12T23:36:25.210Z,35.37533333,-98.08933333,10.72,1.18,ml,22,82,0.06928640364,0.26,ok,ok2023lluf,2023-06-26T16:43:37.129Z,"13 km W of Union City, Oklahoma",earthquake,,1.3,0.33,4,reviewed,ok,ok
2023-06-12T23:31:53.718Z,51.453,-176.0659,9.1,1.2,ml,,,,0.34,ak,ak0237hyhar2,2023-06-17T04:08:06.757Z,"61 km SE of Adak, Alaska",earthquake,,0.5,,,reviewed,ak,ak
2023-06-12T23:22:14.010Z,36.5005,-121.075,6.76,1.22,md,21,143,0.04717,0.04,nc,nc73900486,2023-06-15T07:03:13.354Z,"7km ESE of Pinnacles, CA",earthquake,0.32,0.57,0.108,14,reviewed,nc,nc
2023-06-12T23:18:34.061Z,51.7818,-174.8862,41.6,1.7,ml,,,,0.3,ak,ak0237hyegxa,2023-06-16T23:24:45.080Z,"65 km SW of Atka, Alaska",earthquake,,2.5,,,reviewed,ak,ak
2023-06-12T23:17:26.080Z,19.1630001068115,-155.490173339844,29.8899993896484,1.98000002,md,29,159,,0.170000002,hv,hv73449647,2023-06-12T23:20:50.100Z,"4 km SSW of Pāhala, Hawaii",earthquake,0.71,1.30999994,0.00999999978,9,automatic,hv,hv
2023-06-12T23:08:48.270Z,35.042,-117.6656667,-0.82,1.9,ml,30,48,0.1103,0.18,ci,ci40484280,2023-06-13T15:49:10.455Z,"5km NNW of Boron, CA",quarry blast,0.41,31.61,0.174,32,reviewed,ci,ci
2023-06-12T22:57:08.256Z,31.7265105,-104.5529188,5.668823242,2.2,ml,25,151,0.02236286191,0.2,tx,tx2023llsy,2023-06-15T16:25:56.646Z,"52 km SSW of Whites City, New Mexico",earthquake,1.353005381,0.6740052135,0.2,12,reviewed,tx,tx
2023-06-12T22:55:15.810Z,38.8101654,-122.8221664,2,1.09,md,18,74,0.005629,0.03,nc,nc73900476,2023-06-12T22:56:52.297Z,"7km WNW of The Geysers, CA",earthquake,0.25,0.37,0.15,21,automatic,nc,nc
2023-06-12T22:53:41.960Z,34.5021667,-118.7526667,13.46,0.94,ml,7,185,0.1146,0.08,ci,ci40484264,2023-06-13T15:42:10.410Z,"10km NNE of Piru, CA",earthquake,0.4,0.59,0.082,3,reviewed,ci,ci
2023-06-12T22:52:37.925Z,66.1595,-149.3088,5,1.2,ml,,,,0.62,ak,ak0237hy0bxo,2023-06-16T23:24:42.910Z,"19 km NNW of Stevens Village, Alaska",earthquake,,0.3,,,reviewed,ak,ak
2023-06-12T22:48:11.680Z,51.918,178.382,8.64,0.08,ml,4,335,,0.17,av,av91924076,2023-06-16T19:04:07.230Z,"Rat Islands, Aleutian Islands, Alaska",earthquake,3.12,3.12,0.39774010867193,4,reviewed,av,av
2023-06-12T22:34:56.360Z,34.0081667,-116.3475,4.68,0.9,ml,19,66,0.07043,0.11,ci,ci40484248,2023-06-13T15:37:13.493Z,"14km SSE of Yucca Valley, CA",earthquake,0.2,0.37,0.125,7,reviewed,ci,ci
2023-06-12T22:30:17.630Z,38.8375015,-122.7943344,2,0.82,md,12,76,0.003245,0.01,nc,nc73900466,2023-06-12T23:30:16.040Z,"6km WNW of Cobb, CA",earthquake,0.31,1.08,0.26,13,automatic,nc,nc
2023-06-12T22:23:13.609Z,35.36083333,-98.07483333,7,1.22,ml,16,100,0.07378552076,0.26,ok,ok2023llru,2023-06-26T16:51:06.201Z,"Oklahoma",earthquake,,1.3,0.23,4,reviewed,ok,ok
2023-06-12T22:12:39.590Z,51.9608333333333,178.479166666667,0.51,-0.36,ml,4,306,,0.18,av,av91924051,2023-06-16T18:53:23.300Z,"Rat Islands, Aleutian Islands, Alaska",earthquake,1.28,2.63,0.137459598792303,4,reviewed,av,av
2023-06-12T21:59:54.640Z,58.1798333333333,-155.326,2.12,-0.15,ml,4,246,,0.06,av,av91924041,2023-06-16T18:47:59.950Z,"85 km NW of Karluk, Alaska",earthquake,0.58,0.8,0.187551382252767,4,reviewed,av,av
2023-06-12T21:52:58.101Z,33.1987,86.8803,10,4.4,mb,39,81,5.223,0.72,us,us7000k82h,2023-06-12T22:17:53.280Z,"western Xizang",earthquake,9.48,1.917,0.102,28,reviewed,us,us
2023-06-12T21:50:55.880Z,60.1087,-152.695,103.1,1.8,ml,,,,0.43,ak,ak0237hxeib8,2023-06-16T23:24:44.850Z,"Southern Alaska",earthquake,,0.4,,,reviewed,ak,ak
2023-06-12T21:49:34.237Z,62.3809,-151.0326,13,1.3,ml,,,,0.62,ak,ak0237hxe8w8,2023-06-16T23:32:42.115Z,"18 km SW of Petersville, Alaska",earthquake,,0.2,,,reviewed,ak,ak
2023-06-12T21:46:08.060Z,38.8403333,-122.771,4.12,0.42,md,24,126,0.004786,0.06,nc,nc73900461,2023-06-13T04:39:13.925Z,"5km WNW of Cobb, CA",earthquake,0.34,31.61,0.313,25,reviewed,nc,nc
2023-06-12T21:44:33.040Z,44.2658333333333,-115.183166666667,18.78,2.12,ml,14,68,0.8298,0.17,mb,mb90017868,2023-06-12T21:58:56.290Z,"20 km WNW of Stanley, Idaho",earthquake,0.47,1.06,0.210885230303093,15,reviewed,mb,mb
2023-06-12T21:44:15.702Z,59.9045,-153.5159,137.4,2.3,ml,,,,0.58,ak,ak0237hxd4uz,2023-06-16T23:24:42.415Z,"35 km ENE of Pedro Bay, Alaska",earthquake,,0.3,,,reviewed,ak,ak
2023-06-12T21:41:31.220Z,38.8148346,-122.8318329,1.43,0.48,md,7,132,0.006309,0,nc,nc73900446,2023-06-12T22:45:15.779Z,"8km WNW of The Geysers, CA",earthquake,0.58,1.09,0.28,9,automatic,nc,nc
2023-06-12T21:31:53.760Z,34.992,-118.1883333,-0.91,1.31,ml,22,36,0.1177,0.22,ci,ci40484216,2023-06-13T15:32:38.508Z,"7km S of Mojave, CA",quarry blast,0.41,31.61,0.091,11,reviewed,ci,ci
2023-06-12T21:27:33.480Z,34.2065,-117.3838333,3.5,1.01,ml,25,79,0.01388,0.21,ci,ci40484208,2023-06-13T15:27:16.210Z,"2km SE of Devore, CA",earthquake,0.3,0.42,0.13,14,reviewed,ci,ci
2023-06-12T21:23:44.910Z,49.36966666666667,-120.51666666666667,-0.51,2.04,ml,6,217,0.5848,0.33,uw,uw61932501,2023-06-20T05:03:10.780Z,"9 km S of Princeton, Canada",explosion,3.35,31.61,0.0742747978462015,5,reviewed,uw,uw
2023-06-12T21:14:43.630Z,46.8868333333333,-112.52,11.77,0.78,ml,8,115,0.05131,0.06,mb,mb90017838,2023-06-12T21:40:00.200Z,"14 km ESE of Lincoln, Montana",earthquake,0.54,0.7,0.134419475847044,3,reviewed,mb,mb
2023-06-12T21:11:15.838Z,51.8987,177.7013,4.8,2.5,ml,,,,0.65,ak,ak0237hx62xh,2023-06-16T23:24:42.211Z,"Rat Islands, Aleutian Islands, Alaska",earthquake,,0.4,,,reviewed,ak,ak
2023-06-12T21:11:04.390Z,38.8330002,-122.8805008,2.34,0.28,md,8,129,0.005702,0.05,nc,nc73900436,2023-06-12T21:36:16.374Z,"12km ENE of Cloverdale, CA",earthquake,0.53,0.82,0.16,8,automatic,nc,nc
2023-06-12T21:10:35.259Z,60.9453,-150.7001,39,2,ml,,,,0.72,ak,ak0237hx5w0l,2023-06-16T23:24:41.959Z,"2 km NNW of Point Possession, Alaska",earthquake,,0.7,,,reviewed,ak,ak
2023-06-12T21:06:54.275Z,55.4513,162.1042,62.06,4.3,mb,42,136,3.167,0.59,us,us7000k822,2023-06-12T21:22:05.040Z,"89 km SSW of Ust’-Kamchatsk Staryy, Russia",earthquake,13.28,11.002,0.076,49,reviewed,us,us
2023-06-12T21:01:45.680Z,58.1953333333333,-155.2675,3.3,0.54,ml,9,177,,0.09,av,av91923986,2023-06-16T18:32:13.560Z,"",earthquake,0.41,0.88,0.349912885549524,11,reviewed,av,av
2023-06-12T20:58:05.280Z,58.2501666666667,-155.149833333333,3.28,-0.46,ml,4,242,,0.07,av,av91923981,2023-06-16T18:25:48.190Z,"86 km NNW of Karluk, Alaska",earthquake,0.53,0.65,0.396315891906973,4,reviewed,av,av
2023-06-12T20:55:12.380Z,33.8318333,-116.9625,12.65,1.55,ml,60,32,0.02418,0.17,ci,ci40484192,2023-06-13T15:21:10.820Z,"5km N of San Jacinto, CA",earthquake,0.16,0.4,0.141,35,reviewed,ci,ci
2023-06-12T20:28:10.800Z,17.9541666666667,-66.9296666666667,9.28,2.48,md,19,198,0.02687,0.1,pr,pr71413163,2023-06-12T20:43:51.580Z,"3 km SW of Guánica, Puerto Rico",earthquake,0.49,0.28,0.169002069176902,8,reviewed,pr,pr
2023-06-12T20:28:04.513Z,58.2047,-155.3561,2.8,1.9,ml,,,,0.43,ak,ak0237hwo8y5,2023-06-16T23:24:41.766Z,"88 km NW of Karluk, Alaska",earthquake,,0.4,,,reviewed,ak,ak
2023-06-12T20:20:48.240Z,34.75033333,-98.4795,0,1.54,ml,24,120,0.248351265,0.45,ok,ok2023llnt,2023-06-26T20:14:44.889Z,"3 km NE of Medicine Park, Oklahoma",quarry blast,,0.8,0.19,4,reviewed,ok,ok
2023-06-12T20:20:24.900Z,38.8198318,-122.7786636,1.59,0.26,md,7,110,0.01263,0.01,nc,nc73900426,2023-06-12T20:38:14.050Z,"5km W of Cobb, CA",earthquake,0.46,1.92,0.15,8,automatic,nc,nc
2023-06-12T20:19:35.903Z,63.1579,-149.8433,83.5,1.5,ml,,,,0.56,ak,ak0237hwmdfv,2023-06-16T23:24:41.545Z,"51 km WSW of Cantwell, Alaska",earthquake,,0.5,,,reviewed,ak,ak
2023-06-12T20:02:10.068Z,31.62320651,-103.9930742,8.059667969,2.1,ml,32,54,0.02133083753,0.2,tx,tx2023llne,2023-06-15T15:57:47.578Z,"38 km WSW of Mentone, Texas",earthquake,0.5360773123,0.7221981611,0.2,15,reviewed,tx,tx
2023-06-12T19:56:48.210Z,42.33716666666667,-122.78816666666667,-1.5,1.55,ml,6,168,0.01634,0.06,uw,uw61932456,2023-06-19T21:58:06.726Z,"7 km NNE of Phoenix, Oregon",explosion,0.74,31.61,0.10452135405282026,5,reviewed,uw,uw
2023-06-12T19:52:15.586Z,60.7821,-151.5523,71.3,1.5,ml,,,,0.34,ak,ak0237hw7zfa,2023-06-16T23:24:44.647Z,"17 km NW of Nikiski, Alaska",earthquake,,0.7,,,reviewed,ak,ak
2023-06-12T19:51:46.020Z,34.0098333,-116.3476667,4.47,1,ml,37,52,0.06893,0.12,ci,ci40484168,2023-06-13T15:02:20.537Z,"14km SE of Yucca Valley, CA",earthquake,0.17,0.38,0.166,12,reviewed,ci,ci
2023-06-12T19:51:08.750Z,19.2003326416016,-155.278503417969,43.189998626709,2,md,26,190,,0.150000006,hv,hv73449517,2023-06-12T19:54:21.480Z,"Island of Hawaii, Hawaii",earthquake,0.75,1.33000004,1.70000005,10,automatic,hv,hv
2023-06-12T19:47:10.903Z,39.6113,-119.9706,5.7,1.1,ml,6,121.51,0.008,0.1359,nn,nn00861183,2023-06-13T18:35:29.369Z,"Nevada",earthquake,,1.6,0.48,3,reviewed,nn,nn
2023-06-12T19:35:31.277Z,62.7872,-148.6133,14.4,1.9,ml,,,,0.63,ak,ak0237hw4dg4,2023-06-16T23:24:41.301Z,"69 km SSE of Cantwell, Alaska",earthquake,,0.1,,,reviewed,ak,ak
2023-06-12T19:25:29.060Z,36.5658333,-121.1596667,3.05,1.77,md,30,105,0.02153,0.06,nc,nc73900416,2023-06-14T07:40:14.078Z,"4km NNW of Pinnacles, CA",earthquake,0.19,0.25,0.15,26,reviewed,nc,nc
2023-06-12T19:10:21.943Z,59.8389,-153.5613,145.2,2,ml,,,,0.56,ak,ak0237hvyzua,2023-06-16T23:24:44.436Z,"31 km E of Pedro Bay, Alaska",earthquake,,0.5,,,reviewed,ak,ak
2023-06-12T19:09:24.870Z,58.1806666666667,-155.361666666667,2.57,-0.04,ml,5,255,,0.02,av,av91923961,2023-06-16T18:16:28.900Z,"86 km NW of Karluk, Alaska",earthquake,0.66,0.71,0.155138502390221,5,reviewed,av,av
2023-06-12T19:07:54.630Z,60.0495,-153.065333333333,0.9,-0.37,ml,4,155,,0.06,av,av91923946,2023-06-16T18:11:51.280Z,"65 km ENE of Pedro Bay, Alaska",earthquake,0.42,0.27,0.328597218107342,4,reviewed,av,av
2023-06-12T19:03:15.510Z,38.8236656,-122.8508301,1.79,0.69,md,7,155,0.006106,0.01,nc,nc73900411,2023-06-12T20:05:19.867Z,"10km WNW of The Geysers, CA",earthquake,1.03,1.15,0.29,8,automatic,nc,nc
2023-06-12T18:57:15.587Z,58.1834,-155.3695,6.5,1.1,ml,,,,0.3,ak,ak0237hvnlz8,2023-06-17T04:08:06.374Z,"87 km NW of Karluk, Alaska",earthquake,,0.3,,,reviewed,ak,ak
2023-06-12T18:53:57.922Z,62.8325,-149.3656,68.8,1.4,ml,,,,0.51,ak,ak0237hvmuub,2023-06-16T23:24:40.884Z,"57 km NE of Chase, Alaska",earthquake,,0.4,,,reviewed,ak,ak
2023-06-12T18:43:06.530Z,57.1166,-135.7236,3.6,1.8,ml,,,,0.57,ak,ak0237hvkln3,2023-06-17T04:08:06.179Z,"Southeastern Alaska",earthquake,,0.3,,,reviewed,ak,ak
2023-06-12T18:25:25.068Z,31.69562857,-104.2909012,7.674047852000001,2.9,ml,41,76,0.03271881889,0.2,tx,tx2023lljz,2023-06-21T15:51:04.040Z,"western Texas",earthquake,0.6753751229000001,0.6599937298,0.2,22,reviewed,tx,tx
2023-06-12T18:17:16.181Z,51.4598,-177.5809,16.5,1.2,ml,,,,0.48,ak,ak0237hvf1sy,2023-06-16T23:24:44.244Z,"80 km SW of Adak, Alaska",earthquake,,0.6,,,reviewed,ak,ak
2023-06-12T18:17:06.050Z,38.8334999,-122.7908325,1.86,0.76,md,10,86,0.01448,0.03,nc,nc73900406,2023-06-12T19:30:15.652Z,"6km WNW of Cobb, CA",earthquake,0.36,0.61,0.27,10,automatic,nc,nc
2023-06-12T18:16:54.250Z,58.2955,-154.982333333333,3.5,0.28,ml,7,145,,0.13,av,av91923906,2023-06-16T17:24:04.480Z,"",earthquake,0.36,0.7,0.225112624072189,7,reviewed,av,av
2023-06-12T18:13:17.358Z,37.3214,-117.6285,7.1,1.6,ml,9,96.08,0.09,0.2364,nn,nn00861147,2023-06-12T18:44:27.825Z,"48 km S of Silver Peak, Nevada",earthquake,,7,0.86,5,reviewed,nn,nn
2023-06-12T18:11:56.644Z,67.3211,-162.1984,2.8,1.6,ml,,,,0.71,ak,ak0237hvdumo,2023-06-16T23:24:44.054Z,"43 km SE of Noatak, Alaska",earthquake,,0.5,,,reviewed,ak,ak
2023-06-12T18:03:50.245Z,51.4205,-178.7659,14.7,1.4,ml,,,,0.6,ak,ak0237hvc53w,2023-06-17T04:08:05.964Z,"Andreanof Islands, Aleutian Islands, Alaska",earthquake,,0.3,,,reviewed,ak,ak
2023-06-12T18:01:35.630Z,18.1108333333333,-66.4735,11.93,2.29,md,14,121,0.03793,0.18,pr,pr71413148,2023-06-12T18:27:08.300Z,"2 km SE of Villalba, Puerto Rico",earthquake,0.37,0.65,0.0738447546512737,6,reviewed,pr,pr
2023-06-12T18:01:03.560Z,51.9528333333333,179.575333333333,7.23,-0.33,ml,5,94,,0.17,av,av91923891,2023-06-16T17:19:30.770Z,"260 km W of Adak, Alaska",earthquake,0.6,1.14,0.157282275290475,5,reviewed,av,av
2023-06-12T18:00:13.342Z,31.69467269,-104.297355,7.519799805,2.3,ml,34,56,0.03604802852,0.3,tx,tx2023llje,2023-06-16T14:52:34.817Z,"53 km S of Whites City, New Mexico",earthquake,0.8186428444000001,0.6931697675,0.2,19,reviewed,tx,tx
2023-06-12T17:59:05.470Z,37.2771667,-121.6426667,8.65,1.25,md,32,42,0.03032,0.08,nc,nc73900396,2023-06-14T01:24:12.842Z,"16km N of Morgan Hill, CA",earthquake,0.19,0.33,0.201,25,reviewed,nc,nc
2023-06-12T17:59:04.511Z,63.04,-150.5686,101.6,1.3,ml,,,,0.39,ak,ak0237hv2ldf,2023-06-16T23:24:43.854Z,"61 km N of Petersville, Alaska",earthquake,,0.7,,,reviewed,ak,ak
2023-06-12T17:58:56.060Z,37.633,-119.0488333,-0.47,0.26,md,7,124,0.01851,0.02,nc,nc71130614,2023-06-14T00:12:34.646Z,"6km W of Mammoth Lakes, CA",earthquake,0.42,0.76,0.167,5,reviewed,nc,nc
2023-06-12T17:56:52.980Z,37.6366667,-119.0488333,-0.99,0.36,md,7,111,0.01684,0.02,nc,nc73900401,2023-06-12T22:52:37.467Z,"6km W of Mammoth Lakes, CA",earthquake,0.28,0.59,0.087,6,reviewed,nc,nc
2023-06-12T17:56:10.960Z,37.6366667,-119.0495,-0.56,0.35,md,6,154,0.01733,0.01,nc,nc73900391,2023-06-12T22:51:07.383Z,"6km W of Mammoth Lakes, CA",earthquake,0.38,1.85,0.403,5,reviewed,nc,nc
2023-06-12T17:47:58.590Z,37.6356667,-119.0493333,-0.6,0.24,md,6,149,0.0176,0.01,nc,nc73900381,2023-06-12T23:49:15.141Z,"6km W of Mammoth Lakes, CA",earthquake,0.32,1.29,0.154,4,reviewed,nc,nc
2023-06-12T17:45:19.353Z,61.8485,-151.0693,67.2,1.3,ml,,,,0.21,ak,ak0237huzmgv,2023-06-16T23:24:40.285Z,"Southern Alaska",earthquake,,0.6,,,reviewed,ak,ak
2023-06-12T17:43:36.360Z,33.3481667,-116.3531667,7.49,1.13,ml,41,50,0.02437,0.19,ci,ci40484112,2023-06-13T14:55:37.190Z,"10km N of Borrego Springs, CA",earthquake,0.22,0.41,0.155,23,reviewed,ci,ci
2023-06-12T17:38:49.640Z,17.9725,-67.0518333333333,8.47,2.48,md,12,213,0.06449,0.13,pr,pr71413133,2023-06-12T17:47:25.560Z,"0 km WSW of La Parguera, Puerto Rico",earthquake,0.39,0.91,0.09856388212267,5,reviewed,pr,pr
2023-06-12T17:38:23.743Z,-16.162,178.2885,10,4.8,mb,75,121,21.626,0.79,us,us7000k9lw,2023-06-20T21:14:44.040Z,"118 km WNW of Labasa, Fiji",earthquake,15.5,1.84,0.065,72,reviewed,us,us
2023-06-12T17:37:39.030Z,50.268,177.3765,13.8,2.3,ml,,,,0.39,ak,ak0237huxya7,2023-06-16T23:24:43.664Z,"Rat Islands, Aleutian Islands, Alaska",earthquake,,6.3,,,reviewed,ak,ak
2023-06-12T17:28:35.140Z,38.7908333,-122.761,1.69,1.11,md,32,71,0.02043,0.06,nc,nc73900371,2023-06-14T20:18:15.629Z,"2km NNW of The Geysers, CA",earthquake,0.18,0.4,0.212,24,reviewed,nc,nc
2023-06-12T17:27:46.040Z,51.8445,-177.8225,3.17,-0.23,ml,4,232,,0.03,av,av91923876,2023-06-16T04:55:49.800Z,"81 km W of Adak, Alaska",earthquake,0.59,0.76,0.213078591302923,4,reviewed,av,av
2023-06-12T17:15:39.890Z,51.8503333333333,-177.806,2.96,0.44,ml,5,255,,0.14,av,av91923866,2023-06-16T04:52:28.440Z,"80 km W of Adak, Alaska",earthquake,0.75,0.94,0.152840372000959,5,reviewed,av,av
2023-06-12T17:13:44.530Z,44.73,-114.341166666667,7.16,1.66,ml,14,69,0.4088,0.15,mb,mb90017703,2023-06-12T21:11:38.760Z,"26 km NNW of Challis, Idaho",earthquake,0.47,0.9,0.257806890798501,16,reviewed,mb,mb
2023-06-12T17:04:09.900Z,33.06,-114.9971667,-0.2,1.44,ml,12,83,0.08899,0.25,ci,ci40484072,2023-06-13T18:27:06.849Z,"45km NE of Holtville, CA",quarry blast,0.72,31.61,0.07,7,reviewed,ci,ci
2023-06-12T16:57:36.780Z,58.1896666666667,-155.289833333333,2.2,0.56,ml,8,188,,0.08,av,av91923861,2023-06-16T04:50:21.440Z,"85 km NW of Karluk, Alaska",earthquake,0.31,0.61,0.228077190898858,8,reviewed,av,av
2023-06-12T16:49:10.860Z,44.8003333,-111.0043333,6.46,1.11,md,10,205,0.04102,0.1,uu,uu60542046,2023-06-12T20:56:37.710Z,"",earthquake,0.77,0.76,0.208,8,reviewed,uu,uu
2023-06-12T16:46:57.460Z,36.0165,-96.50883333,0,1.36,ml,35,138,0.1736659208,0.32,ok,ok2023llgs,2023-06-26T20:00:17.808Z,"8 km ENE of Drumright, Oklahoma",quarry blast,,0.5,0.12,5,reviewed,ok,ok
2023-06-12T16:46:42.847Z,31.65820166,-104.3993309,6.491479492,1.8,ml,24,70,0.02795256597,0.1,tx,tx2023llgs,2023-06-14T19:19:22.237Z,"57 km S of Whites City, New Mexico",earthquake,0.8813330524,1.000620572,0,6,reviewed,tx,tx
2023-06-12T16:46:14.385Z,51.532,-178.0407,53.1,1.4,ml,,,,0.5,ak,ak0237huee7y,2023-06-16T23:24:43.484Z,"104 km WSW of Adak, Alaska",earthquake,,1.3,,,reviewed,ak,ak
2023-06-12T16:38:12.940Z,51.5643,-178.1007,6,1.3,ml,,,,0.69,ak,ak0237hucodc,2023-06-17T04:08:06.562Z,"Andreanof Islands, Aleutian Islands, Alaska",earthquake,,0.7,,,reviewed,ak,ak
2023-06-12T16:34:46.994Z,58.1968,-155.3673,2.9,1.2,ml,,,,0.47,ak,ak0237hubw69,2023-06-16T23:24:40.095Z,"88 km NW of Karluk, Alaska",earthquake,,0.8,,,reviewed,ak,ak
2023-06-12T16:32:54.686Z,58.1962,-155.3675,1.7,1.8,ml,,,,0.64,ak,ak0237hubhby,2023-06-16T23:24:39.680Z,"88 km NW of Karluk, Alaska",earthquake,,0.4,,,reviewed,ak,ak
2023-06-12T16:31:43.563Z,62.6175,-143.1329,1.1,1.7,ml,,,,0.75,ak,ak0237hub8q1,2023-06-16T23:24:39.877Z,"28 km NNW of Nabesna, Alaska",earthquake,,0.3,,,reviewed,ak,ak
2023-06-12T16:29:09.113Z,52.2827,-175.8503,162.4,2,ml,,,,0.54,ak,ak0237huapyw,2023-06-16T23:24:39.493Z,"70 km NE of Adak, Alaska",earthquake,,0.5,,,reviewed,ak,ak
2023-06-12T16:24:43.660Z,51.8521666666667,-177.807666666667,2.5,0.33,ml,5,253,,0.16,av,av91923821,2023-06-16T04:25:39.840Z,"Andreanof Islands, Aleutian Islands, Alaska",earthquake,0.79,1,0.237781168853981,5,reviewed,av,av
2023-06-12T16:18:39.710Z,36.23616667,-95.84166667,0,1.13,ml,27,119,0.6487726887,0.29,ok,ok2023llfu,2023-06-26T19:40:59.157Z,"Oklahoma",quarry blast,,0.3,0.41,8,reviewed,ok,ok
2023-06-12T16:15:47.206Z,51.5852,-176.0865,34.5,1.4,ml,,,,0.23,ak,ak0237hu7taz,2023-06-16T23:24:39.298Z,"Andreanof Islands, Aleutian Islands, Alaska",earthquake,,1.5,,,reviewed,ak,ak
2023-06-12T16:09:47.630Z,35.77533333,-95.03083333,0,1.49,ml,24,128,0.4382140075,0.4,ok,ok2023llfm,2023-06-26T19:28:07.412Z,"5 km SSE of Zeb, Oklahoma",quarry blast,,0.7,0.27,6,reviewed,ok,ok
2023-06-12T16:09:20.780Z,35.6871667,-117.5346667,8.87,2.19,ml,32,66,0.09298,0.13,ci,ci40484056,2023-06-13T14:43:30.190Z,"15km ENE of Ridgecrest, CA",earthquake,0.18,0.45,0.13,40,reviewed,ci,ci
2023-06-12T15:59:47.770Z,18.0765,-66.9473333333333,9.07,1.36,md,4,164,0.1199,0.23,pr,pr71413128,2023-06-12T16:14:46.480Z,"1 km E of Sabana Grande, Puerto Rico",earthquake,2.95,12.97,0.019134704907513,3,reviewed,pr,pr
2023-06-12T15:58:21.802Z,65.3939,-144.7138,0.2,1.9,ml,,,,0.71,ak,ak0237htvjsv,2023-06-16T22:35:15.122Z,"northern Alaska",earthquake,,0.2,,,reviewed,ak,ak
2023-06-12T15:58:10.374Z,52.1874,-178.623,236.1,2.2,ml,,,,0.63,ak,ak0237htviyy,2023-06-17T00:11:26.712Z,"Andreanof Islands, Aleutian Islands, Alaska",earthquake,,0.6,,,reviewed,ak,ak
2023-06-12T15:43:13.181Z,39.6196,-119.9704,6.6,1.4,ml,11,109.69,0.014,0.1357,nn,nn00861138,2023-06-12T17:08:04.992Z,"6 km S of Cold Springs, Nevada",earthquake,,1.1,0.1,8,reviewed,nn,nn
2023-06-12T15:35:33.890Z,61.3641,-151.6988,87.7,3,ml,,,,0.77,ak,ak0237htqn6x,2023-06-17T00:11:26.322Z,"41 km NW of Beluga, Alaska",earthquake,,0.3,,,reviewed,ak,ak
2023-06-12T15:31:45.960Z,51.6312,-178.4256,7.8,2.9,ml,,,,0.85,ak,ak0237htptbw,2023-06-16T22:35:14.522Z,"126 km WSW of Adak, Alaska",earthquake,,0.3,,,reviewed,ak,ak
2023-06-12T15:24:00.490Z,50.2131,179.9584,5.1,2.1,ml,,,,0.56,ak,ak0237hto7sh,2023-06-16T22:35:17.553Z,"Rat Islands, Aleutian Islands, Alaska",earthquake,,3.7,,,reviewed,ak,ak
2023-06-12T15:15:20.046Z,51.3303,-179.1303,23.9,1.6,ml,,,,0.62,ak,ak0237htmcea,2023-06-16T22:35:14.311Z,"183 km WSW of Adak, Alaska",earthquake,,0.4,,,reviewed,ak,ak
2023-06-12T15:13:15.519Z,36.38066667,-97.6445,7,1.69,ml,51,35,0.142172101,0.19,ok,ok2023lldl,2023-06-13T19:59:08.629Z,"6 km ENE of Fairmont, Oklahoma",earthquake,,0.4,0.26,5,reviewed,ok,ok
2023-06-12T15:12:58.810Z,19.3346666666667,-155.172666666667,3.17,2.38,ml,46,148,,0.14,hv,hv73449372,2023-06-12T22:37:53.100Z,"Island of Hawaii, Hawaii",earthquake,0.29,0.72,0.207245724506107,16,reviewed,hv,hv
2023-06-12T15:12:50.140Z,19.3298333333333,-155.173333333333,5.19,0.87,md,20,90,,0.1,hv,hv73449367,2023-06-12T22:49:44.860Z,"",earthquake,0.3,0.98,0.177087814907008,9,reviewed,hv,hv
2023-06-12T15:12:15.648Z,51.2922,-179.1419,22.3,2.2,ml,,,,0.59,ak,ak0237htloh9,2023-06-16T22:35:14.095Z,"185 km WSW of Adak, Alaska",earthquake,,0.3,,,reviewed,ak,ak
2023-06-12T15:09:53.740Z,64.9834,-147.3683,0,1.8,ml,,,,0.43,ak,ak0237htl45b,2023-06-16T22:35:13.902Z,"12 km ENE of Fox, Alaska",explosion,,0,,,reviewed,ak,ak
2023-06-12T15:00:53.299Z,61.7378,-150.0459,51.2,1.4,ml,,,,0.59,ak,ak0237htj6n2,2023-06-16T22:35:13.697Z,"1 km SSW of Willow, Alaska",earthquake,,0.6,,,reviewed,ak,ak
2023-06-12T15:00:12.977Z,52.1701,-178.5934,145.3,2,ml,,,,0.7,ak,ak0237htj3e4,2023-06-17T00:11:26.105Z,"Andreanof Islands, Aleutian Islands, Alaska",earthquake,,0.5,,,reviewed,ak,ak
2023-06-12T14:53:48.889Z,65.3585,-144.6589,9.6,1.2,ml,,,,0.86,ak,ak0237ht93ns,2023-06-16T22:35:13.278Z,"24 km SSE of Central, Alaska",earthquake,,0.4,,,reviewed,ak,ak
2023-06-12T14:53:41.979Z,61.6353,-150.8277,62.5,1.3,ml,,,,0.52,ak,ak0237ht935h,2023-06-16T22:35:17.365Z,"19 km WNW of Susitna, Alaska",earthquake,,1,,,reviewed,ak,ak
2023-06-12T14:45:43.934Z,65.4083,-144.708,0.2,1.7,ml,,,,0.9,ak,ak0237ht7dlt,2023-06-16T22:35:13.067Z,"18 km SSE of Central, Alaska",earthquake,,0.3,,,reviewed,ak,ak
2023-06-12T14:41:27.110Z,35.0896667,-119.1358333,12.51,1.59,ml,27,85,0.05275,0.23,ci,ci40483992,2023-06-12T21:04:23.820Z,"24km E of Maricopa, CA",earthquake,0.32,1.11,0.125,14,reviewed,ci,ci
2023-06-12T14:37:16.954Z,31.62204154,-104.1170817,7.10847168,2.1,ml,43,55,0.04453978522,0.2,tx,tx2023llcl,2023-06-14T18:32:15.841Z,"45 km NW of Toyah, Texas",earthquake,0.4882000939,0.5546085585000001,0,7,reviewed,tx,tx
2023-06-12T14:32:16.943Z,61.5597,-148.3704,15,1.2,ml,,,,0.27,ak,ak0237ht4j4j,2023-06-17T00:11:25.921Z,"26 km S of Chickaloon, Alaska",earthquake,,0.4,,,reviewed,ak,ak
2023-06-12T14:28:58.218Z,52.1864,-173.5693,152.5,2.3,ml,,,,0.65,ak,ak0237ht3vg5,2023-06-17T00:11:25.712Z,"43 km E of Atka, Alaska",earthquake,,1.2,,,reviewed,ak,ak
2023-06-12T14:28:04.079Z,69.6564,-144.8866,11.3,1.2,ml,,,,0.3,ak,ak0237ht3n87,2023-06-17T00:11:27.528Z,"71 km SW of Kaktovik, Alaska",earthquake,,1.2,,,reviewed,ak,ak
2023-06-12T14:22:28.780Z,58.1761666666667,-155.297666666667,2.18,0.39,ml,8,199,,0.08,av,av91923726,2023-06-16T01:27:13.140Z,"84 km NW of Karluk, Alaska",earthquake,0.37,0.89,0.369045804963076,8,reviewed,av,av
2023-06-12T14:20:04.853Z,65.3999,-144.7113,1.6,2.4,ml,,,,0.79,ak,ak0237ht1xop,2023-06-16T22:35:12.446Z,"19 km SSE of Central, Alaska",earthquake,,0.2,,,reviewed,ak,ak
2023-06-12T14:17:54.705Z,63.8641,-152.4097,9.8,1,ml,,,,0.81,ak,ak0237ht1ebv,2023-06-16T22:35:12.257Z,"5 km WSW of Lake Minchumina, Alaska",earthquake,,0.4,,,reviewed,ak,ak
2023-06-12T14:15:14.840Z,33.5086667,-117.0901667,13.08,1.4,ml,63,33,0.02816,0.18,ci,ci40483968,2023-06-12T20:56:03.560Z,"6km ENE of Temecula, CA",earthquake,0.14,0.38,0.143,35,reviewed,ci,ci
2023-06-12T14:08:39.973Z,39.6111,-119.9689,6.3,0.5,ml,5,121.18,0.007,0.125,nn,nn00861182,2023-06-13T18:29:18.796Z,"",earthquake,,1.5,0.09,3,reviewed,nn,nn
2023-06-12T13:58:36.280Z,51.8546666666667,-177.813,2.43,0.58,ml,5,249,,0.14,av,av91923706,2023-06-16T00:47:45.510Z,"81 km W of Adak, Alaska",earthquake,0.74,1.43,0.132220147191337,5,reviewed,av,av
2023-06-12T13:53:44.426Z,54.2038,-164.1028,58.9,2,ml,,,,0.45,ak,ak0237hsnnqi,2023-06-16T22:35:16.993Z,"85 km SSW of False Pass, Alaska",earthquake,,3.9,,,reviewed,ak,ak
2023-06-12T13:51:58.250Z,58.1811666666667,-155.3165,2.06,-0.15,ml,5,200,,0.16,av,av91923701,2023-06-16T00:50:46.820Z,"",earthquake,1.2,2.25,0.16454724521639,5,reviewed,av,av
2023-06-12T13:51:21.703Z,-20.7987,-178.7632,607.923,4.5,mb,80,78,3.347,0.73,us,us7000k7z4,2023-06-12T14:31:45.040Z,"Fiji region",earthquake,11.32,6.004,0.038,200,reviewed,us,us
2023-06-12T13:47:54.210Z,36.9628333,-121.6011667,7.99,2.63,md,84,23,0.05816,0.14,nc,nc73900336,2023-06-17T21:33:50.864Z,"6km SSW of Gilroy, CA",earthquake,0.15,0.35,0.126,102,reviewed,nc,nc
2023-06-12T13:47:36.020Z,35.931,-117.678,2.22,1.7,ml,23,125,0.1179,0.16,ci,ci40483928,2023-06-12T19:41:39.161Z,"21km E of Little Lake, CA",earthquake,0.25,0.56,0.121,11,reviewed,ci,ci
2023-06-12T13:46:19.600Z,53.3931666666667,-168.2305,6.49,-0.33,ml,5,278,,0.21,av,av91107603,2023-06-16T01:19:58.870Z,"65 km NE of Nikolski, Alaska",earthquake,1.56,2.34,0.303816974624398,5,reviewed,av,av
2023-06-12T13:45:40.950Z,35.35333333,-98.07033333,10.71,1.47,ml,26,84,0.07828463788,0.29,ok,ok2023llat,2023-06-26T16:32:15.901Z,"Oklahoma",earthquake,,1.3,0.29,4,reviewed,ok,ok
2023-06-12T13:42:19.650Z,51.3877,-176.4661,25.6,1.5,ml,,,,0.35,ak,ak0237hsl8uz,2023-06-16T22:35:12.063Z,"55 km SSE of Adak, Alaska",earthquake,,2.3,,,reviewed,ak,ak
2023-06-12T13:42:08.040Z,51.8551666666667,-177.810333333333,2.24,0.16,ml,4,251,,0.08,av,av91923696,2023-06-16T01:13:27.680Z,"81 km W of Adak, Alaska",earthquake,0.6,1.16,0.110645035927425,4,reviewed,av,av
2023-06-12T13:39:36.310Z,35.6981667,-117.4415,7.03,1.35,ml,19,147,0.03602,0.13,ci,ci40483912,2023-06-12T19:38:16.143Z,"8km SSW of Searles Valley, CA",earthquake,0.27,0.5,0.15,12,reviewed,ci,ci
2023-06-12T13:39:13.240Z,51.8531666666667,-177.815333333333,2.13,0.28,ml,4,245,,0.09,av,av91923691,2023-06-16T01:11:27.530Z,"Andreanof Islands, Aleutian Islands, Alaska",earthquake,0.61,1.28,0.153343519711911,4,reviewed,av,av
2023-06-12T13:36:17.608Z,62.0809,-150.275,3.5,1,ml,,,,0.84,ak,ak0237hsjyhs,2023-06-16T22:35:16.813Z,"23 km WSW of Susitna North, Alaska",earthquake,,1,,,reviewed,ak,ak
2023-06-12T13:35:31.872Z,59.8727,-148.1352,11.4,1.7,ml,,,,0.38,ak,ak0237hsjrv4,2023-06-17T00:11:27.331Z,"22 km SSW of Chenega, Alaska",earthquake,,1,,,reviewed,ak,ak
2023-06-12T13:30:02.570Z,38.8241667,-122.8005,3.24,0.44,md,17,49,0.01668,0.02,nc,nc73900326,2023-06-14T00:31:23.534Z,"6km NW of The Geysers, CA",earthquake,0.21,0.42,0.193,16,reviewed,nc,nc
2023-06-12T13:28:24.546Z,39.6171,-119.9739,6.4,0.9,ml,8,80.95,0.014,0.1627,nn,nn00861181,2023-06-13T18:23:08.045Z,"7 km S of Cold Springs, Nevada",earthquake,,1.3,0.25,5,reviewed,nn,nn
2023-06-12T13:27:35.920Z,33.1983333,-116.0553333,7.31,0.75,ml,23,58,0.06962,0.16,ci,ci40483888,2023-06-12T19:21:20.793Z,"9km NE of Ocotillo Wells, CA",earthquake,0.22,0.64,0.074,7,reviewed,ci,ci
2023-06-12T13:22:19.770Z,53.931,-166.591,10.02,-0.04,ml,4,273,,0.09,av,av91923666,2023-06-16T01:01:57.870Z,"5 km NW of Dutch Harbor, Alaska",earthquake,0.8,0.87,0.2173003337803,4,reviewed,av,av
2023-06-12T13:19:15.795Z,64.4795,-150.5599,30.8,1.5,ml,,,,0.75,ak,ak0237hsgbjk,2023-06-16T22:35:11.857Z,"Central Alaska",earthquake,,0.8,,,reviewed,ak,ak
2023-06-12T13:16:15.640Z,44.2996666666667,-115.1575,9.94,2.3,ml,14,66,0.8072,0.24,mb,mb90017688,2023-06-12T14:34:11.400Z,"19 km WNW of Stanley, Idaho",earthquake,0.52,1.05,0.285441297980352,28,reviewed,mb,mb
2023-06-12T13:14:45.063Z,64.4559,-150.5608,6.8,1.6,ml,,,,1.04,ak,ak0237hsfax4,2023-06-16T22:35:11.642Z,"60 km S of Manley Hot Springs, Alaska",earthquake,,0.3,,,reviewed,ak,ak
2023-06-12T13:00:43.856Z,39.5977,-119.9696,0,0.5,ml,4,236.29,0.012,0.1199,nn,nn00861165,2023-06-13T00:39:00.656Z,"8 km NNE of Verdi, California",earthquake,,0,0.38,3,reviewed,nn,nn
2023-06-12T12:59:20.300Z,58.1838333333333,-155.3215,2.19,0.19,ml,7,200,,0.06,av,av91923651,2023-06-16T00:37:45.430Z,"85 km NW of Karluk, Alaska",earthquake,0.42,0.57,0.29496387948409,7,reviewed,av,av
2023-06-12T12:56:35.663Z,-4.0924,151.7565,225.833,4.2,mb,35,69,0.418,0.49,us,us7000k7yq,2023-06-25T10:41:35.040Z,"46 km WNW of Rabaul, Papua New Guinea",earthquake,8.19,5.759,0.107,27,reviewed,us,us
2023-06-12T12:56:01.687Z,51.3979,-175.3856,25.3,1.6,ml,,,,0.62,ak,ak0237hs2s48,2023-06-16T22:35:11.455Z,"101 km ESE of Adak, Alaska",earthquake,,2,,,reviewed,ak,ak
2023-06-12T12:53:54.450Z,58.31,-154.994333333333,3.05,0.33,ml,9,134,,0.09,av,av91923636,2023-06-16T00:32:32.540Z,"88 km NNW of Karluk, Alaska",earthquake,0.33,0.53,0.244426533351835,9,reviewed,av,av
2023-06-12T12:52:47.359Z,52.0176,179.6477,178.6,2,ml,,,,0.7,ak,ak0237hs20np,2023-06-17T00:11:27.111Z,"256 km W of Adak, Alaska",earthquake,,1.1,,,reviewed,ak,ak
2023-06-12T12:46:10.218Z,64.486,-150.3527,6.2,1.3,ml,,,,1.11,ak,ak0237hs0nh4,2023-06-16T22:35:11.240Z,"58 km WNW of Anderson, Alaska",earthquake,,0.4,,,reviewed,ak,ak
2023-06-12T12:38:26.049Z,44.6242,-114.2504,6.163,3.7,mwr,45,32,0.285,0.63,us,us7000k7yj,2023-06-25T08:12:40.673Z,"southern Idaho",earthquake,2.46,4.872,0.033,86,reviewed,us,us
2023-06-12T12:37:19.911Z,-18.9474,-67.8824,10,4.8,mb,49,71,1.432,0.71,us,us7000k7yi,2023-06-25T08:03:32.040Z,"87 km ENE of Colchane, Chile",earthquake,5.49,1.855,0.066,70,reviewed,us,us
2023-06-12T12:33:24.100Z,35.6601667,-117.5156667,6.44,0.99,ml,11,117,0.07504,0.12,ci,ci40483840,2023-06-12T12:49:27.225Z,"15km ENE of Ridgecrest, CA",earthquake,0.35,1.05,0.044,7,reviewed,ci,ci
2023-06-12T12:28:34.080Z,35.7158333,-121.084,6.58,1.47,md,31,72,0.06585,0.1,nc,nc73900321,2023-06-13T05:49:12.217Z,"12km NE of San Simeon, CA",earthquake,0.15,0.36,0.183,25,reviewed,nc,nc
2023-06-12T12:23:36.910Z,33.9566667,-117.7125,12.96,1.6,ml,59,43,0.05161,0.17,ci,ci40483824,2023-06-12T19:07:02.700Z,"6km SE of Chino Hills, CA",earthquake,0.18,0.36,0.135,39,reviewed,ci,ci
2023-06-12T12:19:28.290Z,58.2455,-155.069,4.39,0.33,ml,11,106,,0.25,av,av91923596,2023-06-16T00:25:54.230Z,"83 km NNW of Karluk, Alaska",earthquake,0.44,0.82,0.202787984765557,12,reviewed,av,av
2023-06-12T12:18:52.716Z,60.294,-152.9598,131.8,1.9,ml,,,,0.72,ak,ak0237hruqj3,2023-06-16T22:35:11.016Z,"75 km E of Port Alsworth, Alaska",earthquake,,0.7,,,reviewed,ak,ak
2023-06-12T12:15:08.720Z,52.0985,-176.201,12.52,-0.39,ml,4,288,,0.14,av,av91107593,2023-06-16T00:44:02.380Z,"38 km NE of Adak, Alaska",earthquake,0.99,1.27,0.176802343318622,4,reviewed,av,av
2023-06-12T12:14:18.914Z,69.6434,-145.254,7.6,1.3,ml,,,,0.59,ak,ak0237hrtt9o,2023-06-17T00:11:25.528Z,"82 km SW of Kaktovik, Alaska",earthquake,,0.9,,,reviewed,ak,ak
2023-06-12T12:13:46.680Z,33.9318333,-116.8015,15.96,0.76,ml,19,114,0.09805,0.13,ci,ci40483800,2023-06-13T18:32:26.757Z,"2km NW of Cabazon, CA",earthquake,0.36,0.64,0.125,5,reviewed,ci,ci
2023-06-12T12:13:13.229Z,60.0582,-152.0557,73.8,1.6,ml,,,,0.45,ak,ak0237hrtl19,2023-06-16T22:35:10.620Z,"21 km W of Ninilchik, Alaska",earthquake,,0.6,,,reviewed,ak,ak
2023-06-12T12:07:28.820Z,44.6621666666667,-111.878,15.99,1.07,ml,14,98,0.1658,0.08,mb,mb90017788,2023-06-12T20:37:11.690Z,"41 km NE of Spencer, Idaho",earthquake,0.36,0.77,0.165293839561178,11,reviewed,mb,mb
2023-06-12T12:06:00.110Z,58.2221666666667,-155.105833333333,3.26,0.04,ml,4,177,,0.06,av,av91923581,2023-06-16T00:16:13.210Z,"Alaska Peninsula",earthquake,0.36,1.15,0.303353520866976,4,reviewed,av,av
2023-06-12T11:54:10.580Z,51.9581,177.6717,4.7,1.9,ml,,,,1.19,ak,ak0237hrgycg,2023-06-16T22:35:10.425Z,"Rat Islands, Aleutian Islands, Alaska",earthquake,,0.4,,,reviewed,ak,ak
2023-06-12T11:44:14.577Z,51.4087,-178.6039,10,3,ml,28,198,0.196,0.72,us,us7000k938,2023-06-24T07:16:57.040Z,"Andreanof Islands, Aleutian Islands, Alaska",earthquake,1.55,1.953,0.085,18,reviewed,us,us
2023-06-12T11:39:59.150Z,53.3421666666667,-168.084166666667,3.82,-0.09,ml,5,284,,0.07,av,av91923561,2023-06-16T00:01:39.270Z,"68 km NE of Nikolski, Alaska",earthquake,0.71,0.36,0.237788115052924,5,reviewed,av,av
2023-06-12T11:37:03.200Z,34.0113333,-116.771,13.06,1.04,ml,42,74,0.09794,0.13,ci,ci40483776,2023-06-12T18:48:28.565Z,"10km N of Cabazon, CA",earthquake,0.16,0.47,0.21,23,reviewed,ci,ci
2023-06-12T11:22:05.266Z,60.2916,-153.5861,173.8,2.1,ml,,,,0.57,ak,ak0237hra39i,2023-06-16T22:35:09.945Z,"41 km ENE of Port Alsworth, Alaska",earthquake,,0.6,,,reviewed,ak,ak
2023-06-12T11:21:47.925Z,51.9641,177.6855,4.9,1.5,ml,,,,0.9,ak,ak0237hr9xvs,2023-06-16T22:35:16.269Z,"Rat Islands, Aleutian Islands, Alaska",earthquake,,1,,,reviewed,ak,ak
2023-06-12T11:20:27.810Z,58.2233333333333,-155.084166666667,3.52,0.38,ml,6,120,,0.09,av,av91923541,2023-06-15T23:44:32.270Z,"81 km NNW of Karluk, Alaska",earthquake,0.3,1.04,0.155727320811768,6,reviewed,av,av
2023-06-12T11:19:58.241Z,51.9827,177.6702,13.2,1.5,ml,,,,0.96,ak,ak0237hr9j8w,2023-06-16T22:35:16.087Z,"Rat Islands, Aleutian Islands, Alaska",earthquake,,1.8,,,reviewed,ak,ak
2023-06-12T11:12:17.420Z,38.7938347,-122.7288361,1.78,0.74,md,6,101,0.01225,0.01,nc,nc73900316,2023-06-12T13:06:13.461Z,"3km NE of The Geysers, CA",earthquake,0.59,4.57,0.17,7,automatic,nc,nc
2023-06-12T11:09:56.949Z,51.9208,177.8734,3.1,1.5,ml,,,,0.85,ak,ak0237hr7hmo,2023-06-16T22:35:09.753Z,"Rat Islands, Aleutian Islands, Alaska",earthquake,,1.4,,,reviewed,ak,ak
2023-06-12T11:07:54.730Z,33.6995,-116.713,17.85,0.53,ml,17,102,0.01168,0.09,ci,ci40483760,2023-06-12T18:41:12.193Z,"4km S of Idyllwild, CA",earthquake,0.3,0.32,0.086,3,reviewed,ci,ci
2023-06-12T10:48:13.970Z,33.2546667,-116.3021667,11.96,0.87,ml,43,63,0.07383,0.18,ci,ci40483752,2023-06-12T18:34:41.209Z,"7km E of Borrego Springs, CA",earthquake,0.23,0.51,0.144,20,reviewed,ci,ci
2023-06-12T10:47:11.980Z,51.3687,-175.5275,16.7,1.6,ml,,,,0.28,ak,ak0237hqu04e,2023-06-16T22:35:15.903Z,"95 km SE of Adak, Alaska",earthquake,,0.9,,,reviewed,ak,ak
2023-06-12T10:42:44.130Z,38.5123333,-119.5386667,3.22,2.42,md,22,81,0.04624,0.08,nc,nc73900311,2023-06-13T02:49:14.158Z,"5km W of Walker, CA",earthquake,0.22,0.46,0.261,47,reviewed,nc,nc
2023-06-12T10:40:19.120Z,19.1700000762939,-155.490829467773,31.3299999237061,1.80999994,md,31,104,,0.129999995,hv,hv73449277,2023-06-12T10:43:34.100Z,"3 km SSW of Pāhala, Hawaii",earthquake,0.6,0.980000019,0.569999993,7,automatic,hv,hv
2023-06-12T10:40:14.063Z,59.3612,-152.7813,71.5,1.6,ml,,,,0.4,ak,ak0237hqsi7l,2023-06-16T22:35:09.550Z,"Southern Alaska",earthquake,,0.6,,,reviewed,ak,ak
2023-06-12T10:38:45.655Z,61.565,-148.3771,14.8,1.1,ml,,,,0.33,ak,ak0237hqs589,2023-06-16T22:35:09.372Z,"26 km S of Chickaloon, Alaska",earthquake,,0.2,,,reviewed,ak,ak
2023-06-12T10:37:19.874Z,54.2896,-162.4024,23.096,2.6,ml,12,161,0.82,0.36,us,us7000k93e,2023-06-19T07:58:31.040Z,"86 km S of King Cove, Alaska",earthquake,4.07,10.538,0.148,6,reviewed,us,us
2023-06-12T10:35:46.400Z,45.5883333333333,-112.384166666667,4.99,0.62,ml,5,126,0.2385,0.07,mb,mb90017783,2023-06-12T20:22:02.680Z,"6 km NW of Twin Bridges, Montana",earthquake,0.61,7.09,0.271720754103549,4,reviewed,mb,mb
2023-06-12T10:35:34.870Z,33.145,-116.4995,10.87,0.65,ml,32,66,0.08488,0.16,ci,ci40483744,2023-06-12T18:24:02.564Z,"12km NE of Julian, CA",earthquake,0.26,0.4,0.126,7,reviewed,ci,ci
2023-06-12T10:17:32.150Z,51.037,-179.3943,10.6,1.7,ml,,,,0.43,ak,ak0237hqnm5l,2023-06-17T00:11:26.922Z,"Andreanof Islands, Aleutian Islands, Alaska",earthquake,,1.8,,,reviewed,ak,ak
2023-06-12T10:00:49.450Z,58.1686666666667,-155.335333333333,1.88,0.88,ml,8,212,,0.06,av,av91107543,2023-06-15T22:37:13.820Z,"",earthquake,0.39,0.86,0.428959953418718,8,reviewed,av,av
2023-06-12T10:00:29.920Z,58.18,-155.279833333333,1.98,0.89,ml,8,191,,0.08,av,av91923456,2023-06-15T22:33:46.820Z,"",earthquake,0.37,0.69,0.435432006979758,8,reviewed,av,av
2023-06-12T09:55:40.710Z,38.8258333,-122.8001667,2.37,0.48,md,19,45,0.01824,0.01,nc,nc73900306,2023-06-12T23:08:13.912Z,"7km NW of The Geysers, CA",earthquake,0.19,0.38,0.169,18,reviewed,nc,nc
2023-06-12T09:55:05.730Z,58.2493333333333,-155.7715,11.64,0.37,ml,8,255,,0.23,av,av91923451,2023-06-15T21:31:12.560Z,"71 km SE of King Salmon, Alaska",earthquake,1.31,2.02,0.199072638206423,8,reviewed,av,av
2023-06-12T09:51:31.162Z,63.1276,-151.4374,5.9,1.3,ml,,,,1.01,ak,ak0237hq9gun,2023-06-16T22:35:09.159Z,"Central Alaska",earthquake,,0.2,,,reviewed,ak,ak
2023-06-12T09:49:47.333Z,31.69146182,-104.2962527,6.902807617,2,ml,21,81,0.03331758311,0.1,tx,tx2023lksy,2023-06-15T19:35:11.864Z,"54 km S of Whites City, New Mexico",earthquake,0.8983422608,0.8009871383,0,7,reviewed,tx,tx
2023-06-12T09:48:21.960Z,34.0663333,-116.7481667,14.29,0.67,ml,28,125,0.08771,0.14,ci,ci40483736,2023-06-12T13:33:06.936Z,"16km W of Morongo Valley, CA",earthquake,0.23,0.4,0.227,8,reviewed,ci,ci
2023-06-12T09:46:27.980Z,36.5548333333333,-89.6251666666667,7.41,1.57,md,28,33,0.03757,0.06,nm,nm60528896,2023-06-13T13:04:42.980Z,"2 km SW of Howardville, Missouri",earthquake,0.29,0.66,0.0702688446983122,25,reviewed,nm,nm
2023-06-12T09:40:35.940Z,58.18,-155.3355,2.49,0.39,ml,7,205,,0.07,av,av91923436,2023-06-15T21:34:56.010Z,"85 km NW of Karluk, Alaska",earthquake,0.4,0.42,0.337453450607105,7,reviewed,av,av
2023-06-12T09:37:55.220Z,58.276,-155.145833333333,31.67,1.21,ml,10,84,,0.1,av,av91923431,2023-06-14T20:07:44.810Z,"88 km NNW of Karluk, Alaska",earthquake,0.5,0.64,0.572153548356956,2,reviewed,av,av
2023-06-12T09:23:49.850Z,58.1621666666667,-155.309333333333,-2.18,0.68,ml,8,211,,0.2,av,av91923421,2023-06-16T19:18:07.300Z,"83 km NW of Karluk, Alaska",earthquake,0.68,4.65,0.464671287100753,8,reviewed,av,av
2023-06-12T09:13:04.794Z,69.1266,-144.637,3.9,2.1,ml,,,,0.53,ak,ak0237hq19li,2023-06-17T00:11:25.318Z,"117 km NNE of Arctic Village, Alaska",earthquake,,0.4,,,reviewed,ak,ak
2023-06-12T09:11:28.333Z,-24.21,-67.4306,206.069,4.5,mb,24,113,1.428,0.46,us,us7000k7y5,2023-06-13T08:07:03.040Z,"112 km W of San Antonio de los Cobres, Argentina",earthquake,3.75,12.21,0.241,5,reviewed,us,us
2023-06-12T09:10:04.124Z,39.6099,-119.9682,5.9,0.9,ml,6,121.14,0.006,0.1485,nn,nn00861163,2023-06-13T00:29:44.898Z,"7 km S of Cold Springs, Nevada",earthquake,,1.8,0.42,4,reviewed,nn,nn
2023-06-12T09:08:39.789Z,-5.6763,104.1248,72.959,4.9,mb,72,108,1.751,0.75,us,us7000k7y6,2023-06-18T05:34:19.682Z,"",earthquake,8.79,7.32,0.07,66,reviewed,us,us
2023-06-12T09:08:00.673Z,38.0991,-118.0107,0,1.1,ml,7,113.94,0.102,0.1057,nn,nn00861131,2023-06-12T17:17:23.228Z,"33 km SSE of Mina, Nevada",earthquake,,0,0.31,4,reviewed,nn,nn
2023-06-12T09:06:55.000Z,19.2479991912842,-155.404159545898,30.7800006866455,1.91999996,md,38,130,,0.119999997,hv,hv73449262,2023-06-12T09:10:16.130Z,"9 km ENE of Pāhala, Hawaii",earthquake,0.63,0.75999999,0.289999992,9,automatic,hv,hv
2023-06-12T09:06:04.620Z,38.8226662,-122.8044968,3.22,0.75,md,9,71,0.01634,0.02,nc,nc73900296,2023-06-12T11:32:15.960Z,"6km NW of The Geysers, CA",earthquake,0.39,1.1,0.13,11,automatic,nc,nc
2023-06-12T09:04:52.132Z,66.3556,-157.2979,10.2,1.4,ml,,,,0.51,ak,ak0237hpzfvy,2023-06-17T00:11:25.127Z,"59 km S of Shungnak, Alaska",earthquake,,0.7,,,reviewed,ak,ak
2023-06-12T08:51:44.683Z,-19.9631,-69.2074,98.445,4,mb,22,97,0.293,0.52,us,us7000k7y3,2023-06-12T09:08:26.040Z,"59 km E of Huara, Chile",earthquake,5.92,5.242,0.259,4,reviewed,us,us
2023-06-12T08:44:04.190Z,39.4346667,-111.2626667,2.2,1.5,ml,14,54,0.1443,0.17,uu,uu60542031,2023-06-12T20:06:02.530Z,"20 km SE of Mount Pleasant, Utah",earthquake,0.57,9.95,0.235,5,reviewed,uu,uu
2023-06-12T08:38:10.800Z,58.2523333333333,-155.1385,5.29,0.54,ml,11,97,,0.24,av,av91923376,2023-06-15T20:59:00.280Z,"86 km NNW of Karluk, Alaska",earthquake,0.4,0.81,0.297878173552368,12,reviewed,av,av
2023-06-12T08:30:44.611Z,63.0669,-151.0462,127.5,1.5,ml,,,,0.38,ak,ak0237hpjkad,2023-06-16T22:35:08.568Z,"62 km SSE of Denali National Park, Alaska",earthquake,,0.5,,,reviewed,ak,ak
2023-06-12T08:28:10.310Z,38.8101654,-122.8125,3.22,0.95,md,12,90,0.01309,0.02,nc,nc73900291,2023-06-12T11:05:19.786Z,"6km NW of The Geysers, CA",earthquake,0.36,0.73,0.14,12,automatic,nc,nc
2023-06-12T08:28:02.720Z,35.3685,-98.06366667,12.18,1.1,ml,15,104,0.06208781625,0.23,ok,ok2023lkqg,2023-06-26T18:58:01.650Z,"11 km WSW of Union City, Oklahoma",earthquake,,1.3,0.08,3,reviewed,ok,ok
2023-06-12T08:27:45.840Z,58.1861666666667,-155.337,0.82,0.3,ml,5,246,,0.09,av,av91923366,2023-06-15T21:16:02.230Z,"",earthquake,0.67,3.39,0.247767066489535,5,reviewed,av,av
2023-06-12T08:24:41.870Z,36.461,-121.0255,7.82,1.06,md,12,202,0.0268,0.05,nc,nc73900286,2023-06-14T00:19:13.467Z,"13km SE of Pinnacles, CA",earthquake,0.52,0.39,0.208,9,reviewed,nc,nc
2023-06-12T08:08:20.050Z,34.4625,-117.9633333,9.17,0.56,ml,15,47,0.01503,0.09,ci,ci40483728,2023-06-12T18:18:40.996Z,"7km SSE of Littlerock, CA",earthquake,0.19,0.28,0.165,7,reviewed,ci,ci
2023-06-12T08:05:22.760Z,34.4601667,-117.9605,10.03,0.33,ml,9,68,0.01196,0.08,ci,ci37548604,2023-06-12T18:11:56.336Z,"7km SW of Pearblossom, CA",earthquake,0.25,0.38,0.104,3,reviewed,ci,ci
2023-06-12T08:05:09.420Z,34.4613333,-117.9596667,9.31,0.47,ml,13,72,0.01285,0.08,ci,ci40483720,2023-06-12T18:06:05.039Z,"7km SW of Pearblossom, CA",earthquake,0.19,0.33,0.187,5,reviewed,ci,ci
2023-06-12T08:03:34.890Z,51.8535,-177.814,2.58,0.83,ml,5,247,,0.1,av,av91923341,2023-06-15T21:02:17.310Z,"81 km W of Adak, Alaska",earthquake,0.6,0.6,0.214143743119756,5,reviewed,av,av
2023-06-12T07:58:39.210Z,58.2535,-155.072166666667,3.44,0.24,ml,6,108,,0.08,av,av91923331,2023-06-15T19:49:29.840Z,"84 km NNW of Karluk, Alaska",earthquake,0.29,0.78,0.324535572134406,6,reviewed,av,av
2023-06-12T07:56:06.840Z,38.8354988,-122.8034973,1.82,0.72,md,9,96,0.01996,0.02,nc,nc73900281,2023-06-12T10:11:19.438Z,"7km WNW of Cobb, CA",earthquake,0.31,1.17,0.31,9,automatic,nc,nc
2023-06-12T07:55:52.330Z,58.2515,-155.077833333333,3.14,-0.06,ml,5,142,,0.07,av,av91923326,2023-06-15T19:52:46.860Z,"84 km NNW of Karluk, Alaska",earthquake,0.4,1.45,0.17627129217348,5,reviewed,av,av
2023-06-12T07:51:14.121Z,43.2629,-126.7102,10,3,ml,48,242,1.563,0.78,us,us7000k7xy,2023-06-13T21:15:59.338Z,"187 km W of Langlois, Oregon",earthquake,9.1,2.017,0.036,104,reviewed,us,us
2023-06-12T07:48:15.860Z,38.8214989,-122.8046646,3.25,1.15,md,17,51,0.01536,0.02,nc,nc73900276,2023-06-12T09:47:20.291Z,"6km NW of The Geysers, CA",earthquake,0.26,0.59,0.18,18,automatic,nc,nc
2023-06-12T07:44:08.500Z,19.2150001525879,-155.385330200195,30.5,2.39,ml,50,156,,0.150000006,hv,hv73449232,2023-06-12T08:11:40.040Z,"9 km E of Pāhala, Hawaii",earthquake,0.53,0.819999993,3.52,21,automatic,hv,hv
2023-06-12T07:40:12.300Z,38.822,-122.8036667,3.43,1.31,md,36,52,0.01546,0.03,nc,nc73900271,2023-06-14T09:55:13.888Z,"6km NW of The Geysers, CA",earthquake,0.18,0.27,0.246,28,reviewed,nc,nc
2023-06-12T07:38:51.920Z,35.359,-98.0825,6.43,1.57,ml,55,56,0.07828463788,0.29,ok,ok2023lkoq,2023-06-13T19:44:34.473Z,"13 km WSW of Union City, Oklahoma",earthquake,,0.6,0.2,4,reviewed,ok,ok
2023-06-12T07:35:31.030Z,52.9173333333333,-169.589333333333,-1.73,0.92,ml,4,179,,0.29,av,av91923291,2023-06-15T20:01:55.230Z,"49 km W of Nikolski, Alaska",earthquake,2.01,0.73,0.371469408976194,4,reviewed,av,av
2023-06-12T07:34:59.200Z,17.9706666666667,-67.0078333333333,8.19,2.24,md,3,182,0.03466,0.04,pr,pr71413103,2023-06-12T07:46:47.400Z,"4 km E of La Parguera, Puerto Rico",earthquake,2.83,0.98,0.144975828355374,3,reviewed,pr,pr
2023-06-12T07:33:57.300Z,38.8258333,-122.8033333,2.82,0.44,md,20,49,0.01891,0.01,nc,nc73900266,2023-06-12T22:58:14.977Z,"7km NW of The Geysers, CA",earthquake,0.2,0.41,0.176,18,reviewed,nc,nc
2023-06-12T07:24:43.046Z,60.4381,-152.0322,85.4,1.8,ml,,,,0.38,ak,ak0237howu7e,2023-06-16T21:06:59.238Z,"40 km W of Cohoe, Alaska",earthquake,,0.3,,,reviewed,ak,ak
2023-06-12T07:03:02.330Z,17.9718333333333,-66.783,13.72,1.98,md,6,203,0.09167,0.11,pr,pr71413093,2023-06-12T07:15:28.280Z,"4 km ESE of Indios, Puerto Rico",earthquake,0.95,0.38,0.0720439436345048,5,reviewed,pr,pr
2023-06-12T06:57:12.790Z,17.9481666666667,-67.012,7.61,2.16,md,4,225,0.03726,0.08,pr,pr71413118,2023-06-12T09:43:44.300Z,"4 km SE of La Parguera, Puerto Rico",earthquake,1.29,0.56,0.00488141664084174,2,reviewed,pr,pr
2023-06-12T06:56:12.545Z,58.1968,-155.2516,1.4,1.3,ml,,,,0.3,ak,ak0237hoi32d,2023-06-16T21:06:59.056Z,"84 km NW of Karluk, Alaska",earthquake,,0.3,,,reviewed,ak,ak
2023-06-12T06:54:01.301Z,50.6523,-172.922,10,2.6,ml,17,235,1.854,0.67,us,us7000k92z,2023-06-19T06:56:57.040Z,"Andreanof Islands, Aleutian Islands, Alaska",earthquake,6.34,2.017,0.105,12,reviewed,us,us
2023-06-12T06:53:34.471Z,54.3539,-161.4787,35,2.9,ml,11,240,1.122,0.31,us,us7000k92y,2023-06-19T06:46:58.040Z,"95 km SE of King Cove, Alaska",earthquake,4.03,2.009,0.148,6,reviewed,us,us
2023-06-12T06:52:41.449Z,51.4013,-176.2447,26.2,1.2,ml,,,,0.27,ak,ak0237hohek0,2023-06-16T21:07:02.722Z,"59 km SSE of Adak, Alaska",earthquake,,16.3,,,reviewed,ak,ak
2023-06-12T06:50:45.328Z,62.9625,-143.791,3.7,1.1,ml,,,,0.58,ak,ak0237hogzf8,2023-06-16T21:07:02.532Z,"4 km NNW of Mentasta Lake, Alaska",earthquake,,0.3,,,reviewed,ak,ak
2023-06-12T06:50:17.840Z,33.9648333,-117.4865,3.48,0.97,ml,44,51,0.01044,0.17,ci,ci40483712,2023-06-12T18:03:21.459Z,"2km SW of Pedley, CA",earthquake,0.16,0.19,0.091,14,reviewed,ci,ci
2023-06-12T06:45:23.492Z,36.7471,-116.2347,3.7,-0.3,ml,9,171.93,0.026,0.0751,nn,nn00861403,2023-06-19T17:25:07.027Z,"50 km ESE of Beatty, Nevada",earthquake,,2.2,0.15,3,reviewed,nn,nn
2023-06-12T06:35:07.617Z,50.2832,179.921,10,3.1,ml,32,273,1.165,0.3,us,us7000k92x,2023-06-19T06:29:50.040Z,"299 km SW of Adak, Alaska",earthquake,6.78,2.021,0.088,17,reviewed,us,us
2023-06-12T06:30:44.319Z,52.803,-170.4383,114.088,4,mb,66,167,0.264,0.91,us,us7000k80p,2023-06-16T21:06:58.574Z,"107 km W of Nikolski, Alaska",earthquake,8.52,7.141,0.096,29,reviewed,us,us
2023-06-12T06:21:03.917Z,64.2856,-148.2211,8.2,1.2,ml,,,,0.41,ak,ak0237hoaksu,2023-06-16T21:06:58.367Z,"46 km E of Clear, Alaska",earthquake,,0.2,,,reviewed,ak,ak
2023-06-12T06:18:23.690Z,46.833333333333336,-121.93583333333333,10.13,0.27,ml,15,154,0.01227,0.08,uw,uw61932366,2023-06-20T01:00:30.140Z,"11 km NE of Ashford, Washington",earthquake,0.5,0.38,0.07781025877937832,5,reviewed,uw,uw
2023-06-12T06:11:48.259Z,-8.5689,157.261,10,5,mb,32,57,2.791,1.11,us,us7000k7xr,2023-06-12T06:32:06.040Z,"69 km SE of Gizo, Solomon Islands",earthquake,5.23,1.911,0.113,25,reviewed,us,us
2023-06-12T06:11:00.550Z,58.2306666666667,-155.137166666667,6.04,0.53,ml,7,110,,0.08,av,av91923156,2023-06-15T03:43:41.380Z,"84 km NNW of Karluk, Alaska",earthquake,0.3,0.61,0.31356547856082,7,reviewed,av,av
2023-06-12T06:10:15.200Z,47.86983333333333,-122.76866666666666,18.9,1.18,ml,24,53,0.06718,0.25,uw,uw61932361,2023-06-20T00:51:27.580Z,"8 km SW of Port Ludlow, Washington",earthquake,0.53,0.77,0.10132891073733707,10,reviewed,uw,uw
2023-06-12T06:09:29.059Z,35.3645,-98.07583333,11.74,1.38,ml,26,83,0.07108605049,0.32,ok,ok2023lklr,2023-06-26T15:51:39.269Z,"12 km WSW of Union City, Oklahoma",earthquake,,1.4,0.24,4,reviewed,ok,ok
2023-06-12T06:09:17.120Z,34.0945,-117.3178333,16.91,1.32,ml,69,39,0.03098,0.17,ci,ci40483704,2023-06-12T17:50:13.350Z,"2km N of Colton, CA",earthquake,0.17,0.33,0.116,33,reviewed,ci,ci
2023-06-12T06:08:47.976Z,31.62446295,-104.3565221,6.645727539,2.1,ml,41,77,0.07181208029,0.2,tx,tx2023lklr,2023-06-14T15:19:13.322Z,"61 km S of Whites City, New Mexico",earthquake,0.819038865,0.8918972416,0.1,18,reviewed,tx,tx
2023-06-12T06:08:24.560Z,52.2948333333333,-174.174,3.71,0.33,ml,4,323,,0.12,av,av91923151,2023-06-15T03:39:04.930Z,"11 km N of Atka, Alaska",earthquake,0.78,0.73,0.230924949724193,4,reviewed,av,av
2023-06-12T05:58:33.800Z,37.1146667,-121.5063333,8.22,0.92,md,19,54,0.05022,0.09,nc,nc73900256,2023-06-12T21:54:02.271Z,"10km ENE of San Martin, CA",earthquake,0.27,0.64,0.267,18,reviewed,nc,nc
2023-06-12T05:56:05.207Z,57.2699,-155.0443,46.8,2.6,ml,,,,0.39,ak,ak0237hnwr41,2023-06-19T05:54:11.040Z,"48 km SW of Karluk, Alaska",earthquake,,0.5,,,reviewed,ak,ak
2023-06-12T05:52:13.030Z,46.26133333333333,-122.047,9.99,0.39,ml,7,104,0.1443,0.07,uw,uw61932356,2023-06-19T23:22:37.990Z,"",earthquake,0.33,1.92,0.13486266208532763,4,reviewed,uw,uw
2023-06-12T05:46:19.403Z,61.0817,-156.1127,7.9,1.7,ml,,,,0.5,ak,ak0237hnumzg,2023-06-16T21:06:57.953Z,"47 km SW of Lime Village, Alaska",earthquake,,0.3,,,reviewed,ak,ak
2023-06-12T05:45:59.520Z,35.2415,-84.2935,6.21,1.78,md,7,104,0.1567,0.18,se,se60500828,2023-06-12T15:10:56.685Z,"Tennessee",earthquake,0.65,4.11,0.0446448577643859,5,reviewed,se,se
2023-06-12T05:37:18.542Z,39.61,-119.964,6.3,1.1,ml,9,120.26,0.003,0.1355,nn,nn00861130,2023-06-12T17:20:32.535Z,"",earthquake,,1.2,0.29,7,reviewed,nn,nn
2023-06-12T05:35:00.030Z,51.8831666666667,-176.527666666667,31.51,1.03,ml,10,160,,0.17,av,av91107443,2023-06-15T01:03:10.360Z,"7 km E of Adak, Alaska",earthquake,1.95,1.06,0.372566438007959,10,reviewed,av,av
2023-06-12T05:33:33.940Z,51.9201666666667,-176.537666666667,31.07,2.06,ml,12,125,,0.26,av,av91923106,2023-06-15T01:02:33.750Z,"8 km NE of Adak, Alaska",earthquake,2.05,1.36,0.268014542933531,6,reviewed,av,av
2023-06-12T05:32:03.530Z,33.2648333,-116.4246667,4.77,0.64,ml,30,55,0.007129,0.18,ci,ci40483688,2023-06-12T17:30:58.953Z,"5km WNW of Borrego Springs, CA",earthquake,0.23,0.44,0.091,11,reviewed,ci,ci
2023-06-12T05:18:14.310Z,44.7825,-110.788,2.03,0.4,ml,7,212,0.04489,0.13,uu,uu60542021,2023-06-12T17:26:53.600Z,"22 km SSW of Mammoth, Wyoming",earthquake,0.76,10.2,0.307,2,reviewed,uu,uu
2023-06-12T05:06:22.210Z,38.824501,-122.7973328,2.85,0.73,md,10,75,0.01658,0.01,nc,nc73900251,2023-06-12T05:34:11.649Z,"6km NW of The Geysers, CA",earthquake,0.34,0.61,0.51,9,automatic,nc,nc
2023-06-12T05:04:13.570Z,38.8253333,-122.799,2.97,1.37,md,30,44,0.01758,0.03,nc,nc73900246,2023-06-14T03:13:13.524Z,"6km NW of The Geysers, CA",earthquake,0.17,0.27,0.166,26,reviewed,nc,nc
2023-06-12T05:03:27.350Z,33.8068333,-116.7811667,11.09,0.47,ml,16,170,0.08146,0.13,ci,ci40483680,2023-06-12T17:16:49.760Z,"9km NW of Idyllwild, CA",earthquake,0.44,0.34,0.009,3,reviewed,ci,ci
2023-06-12T04:58:01.975Z,31.67231719,-104.4193758,6.954223633,2.1,ml,18,56,0.009740259714,0.2,tx,tx2023lkji,2023-06-12T10:54:54.419Z,"55 km S of Whites City, New Mexico",earthquake,0.8531359409,0.7261375971,0.1,25,reviewed,tx,tx
2023-06-12T04:56:39.929Z,35.5165,-96.78033333,7.92,1.01,ml,27,50,0.135873337,0.15,ok,ok2023lkjh,2023-06-26T18:09:04.846Z,"9 km WNW of Prague, Oklahoma",earthquake,,0.6,0.11,4,reviewed,ok,ok
2023-06-12T04:56:13.356Z,51.8582,179.5041,152.4,1.9,ml,,,,0.35,ak,ak0237hnbc1j,2023-06-16T21:07:02.164Z,"265 km W of Adak, Alaska",earthquake,,0.8,,,reviewed,ak,ak
2023-06-12T04:54:34.720Z,33.602,-116.8073333,6.56,0.32,ml,19,85,0.03702,0.11,ci,ci40483672,2023-06-12T17:13:16.047Z,"13km WNW of Anza, CA",earthquake,0.21,0.39,0.026,3,reviewed,ci,ci
2023-06-12T04:45:57.800Z,44.7998333,-110.9986667,6.91,0.63,ml,11,164,0.04085,0.09,uu,uu60542016,2023-06-12T13:14:26.380Z,"Wyoming",earthquake,0.49,0.83,0.252,2,reviewed,uu,uu
2023-06-12T04:33:28.580Z,38.7933333,-122.7581667,3.54,1.5,md,33,49,0.01956,0.07,nc,nc73900241,2023-06-14T02:00:12.043Z,"2km N of The Geysers, CA",earthquake,0.19,0.35,0.219,28,reviewed,nc,nc
2023-06-12T04:33:07.957Z,53.8039,-166.0089,72.2,1.8,ml,,,,0.28,ak,ak0237hn6e5n,2023-06-16T21:07:01.970Z,"35 km ESE of Unalaska, Alaska",earthquake,,0.7,,,reviewed,ak,ak
2023-06-12T04:29:53.054Z,31.68568389,-104.4135767,6.594311523,2.3,ml,37,55,0.0118080749,0.3,tx,tx2023lkik,2023-06-14T15:09:05.206Z,"54 km S of Whites City, New Mexico",earthquake,0.7994389606999999,0.6809593983999999,0.1,19,reviewed,tx,tx
2023-06-12T04:29:44.508Z,63.6459,-152.5544,14.2,1.9,ml,,,,0.71,ak,ak0237hn5m7e,2023-06-16T21:06:57.749Z,"28 km SSW of Lake Minchumina, Alaska",earthquake,,0.2,,,reviewed,ak,ak
2023-06-12T04:29:07.460Z,33.4521667,-116.4251667,8.64,0.62,ml,26,105,0.07105,0.15,ci,ci40483656,2023-06-12T17:09:42.163Z,"22km NNW of Borrego Springs, CA",earthquake,0.26,0.74,0.135,10,reviewed,ci,ci
2023-06-12T04:26:25.195Z,51.6038,-179.2118,65,1.8,ml,,,,0.46,ak,ak0237hn4xg4,2023-06-16T21:06:57.531Z,"180 km W of Adak, Alaska",earthquake,,0.4,,,reviewed,ak,ak
2023-06-12T04:24:39.720Z,37.612,-122.4638333,7.92,1.41,md,45,56,0.03972,0.05,nc,nc73900236,2023-06-14T01:57:10.025Z,"2km E of Pacifica, CA",earthquake,0.13,0.21,0.288,37,reviewed,nc,nc
2023-06-12T04:21:24.430Z,33.7033333,-116.8088333,15.59,1.06,ml,32,101,0.0793,0.16,ci,ci40483648,2023-06-12T12:51:16.358Z,"9km ESE of Valle Vista, CA",earthquake,0.34,0.45,0.308,26,reviewed,ci,ci
2023-06-12T04:14:26.028Z,60.2345,-139.7288,4.2,2.3,ml,,,,0.47,ak,ak0237hn2czn,2023-06-16T21:06:57.331Z,"76 km N of Yakutat, Alaska",earthquake,,0.2,,,reviewed,ak,ak
2023-06-12T04:14:09.426Z,62.6961,-150.7392,89.3,1.5,ml,,,,0.58,ak,ak0237hn2bny,2023-06-16T21:07:01.763Z,"Central Alaska",earthquake,,0.4,,,reviewed,ak,ak
2023-06-12T04:06:14.719Z,51.5174,-178.9454,11.4,1.5,ml,,,,0.56,ak,ak0237hn0mcf,2023-06-16T21:07:01.575Z,"164 km WSW of Adak, Alaska",earthquake,,0.2,,,reviewed,ak,ak
2023-06-12T04:05:37.267Z,50.9758,-173.5081,2.4,2.3,ml,,,,0.37,ak,ak0237hn0lhk,2023-06-16T21:06:57.140Z,"144 km SSE of Atka, Alaska",earthquake,,1.7,,,reviewed,ak,ak
2023-06-12T03:57:51.299Z,51.2058,-178.7483,26.2,3.2,ml,,,,0.47,ak,ak0237hmq75s,2023-06-16T21:06:56.913Z,"164 km WSW of Adak, Alaska",earthquake,,1.7,,,reviewed,ak,ak
2023-06-12T03:54:23.934Z,31.12328977,-103.7547688,8.419580078,1.9,ml,17,65,0.07224271007,0.2,tx,tx2023lkhf,2023-06-12T11:40:50.465Z,"15 km N of Balmorhea, Texas",earthquake,1.026184282,2.279632479,0.1,13,reviewed,tx,tx
2023-06-12T03:52:45.570Z,38.7926667,-122.764,2.86,1.11,md,32,74,0.0187,0.04,nc,nc73900231,2023-06-13T12:51:13.863Z,"2km NNW of The Geysers, CA",earthquake,0.16,0.44,0.186,25,reviewed,nc,nc
2023-06-12T03:48:31.770Z,38.7908333,-122.7631667,3.75,1.2,md,34,72,0.01948,0.06,nc,nc73900226,2023-06-13T12:25:12.693Z,"2km NNW of The Geysers, CA",earthquake,0.17,0.37,0.176,28,reviewed,nc,nc
2023-06-12T03:44:52.790Z,51.5586,-177.3795,65,1.3,ml,,,,0.21,ak,ak0237hmnevz,2023-06-16T21:07:01.390Z,"62 km SW of Adak, Alaska",earthquake,,1,,,reviewed,ak,ak
2023-06-12T03:43:18.760Z,58.2358333333333,-155.1605,1.99,0.22,ml,4,141,,0.06,av,av91922966,2023-06-14T22:40:19.020Z,"85 km NNW of Karluk, Alaska",earthquake,0.29,1.72,0.238921252976064,4,reviewed,av,av
2023-06-12T03:34:31.920Z,35.7751667,-117.5811667,6.49,1.34,ml,18,128,0.153,0.11,ci,ci40483640,2023-06-12T17:36:02.464Z,"16km W of Searles Valley, CA",earthquake,0.27,0.74,0.253,11,reviewed,ci,ci
2023-06-12T03:34:31.660Z,37.5766667,-118.8363333,2.98,0.62,md,13,260,0.01452,0.07,nc,nc73900221,2023-06-12T21:46:01.468Z,"14km W of Toms Place, CA",earthquake,0.84,0.81,0.125,15,reviewed,nc,nc
2023-06-12T03:17:20.190Z,33.9286667,-117.0936667,15.28,0.9,ml,29,63,0.06837,0.18,ci,ci40483632,2023-06-12T16:18:50.572Z,"8km SSW of Calimesa, CA",earthquake,0.26,0.53,0.068,6,reviewed,ci,ci
2023-06-12T03:17:04.190Z,-7.315,130.1976,96.412,4.6,mb,28,129,2.79,0.64,us,us7000k7xe,2023-06-12T03:34:32.040Z,"Pulau Pulau Tanimbar, Indonesia",earthquake,9.17,7.68,0.105,27,reviewed,us,us
2023-06-12T03:11:03.010Z,38.777832,-122.7566681,1.28,0.95,md,9,134,0.0165,0.01,nc,nc73900211,2023-06-12T04:54:12.396Z,"0km NNW of The Geysers, CA",earthquake,0.3,0.67,0.18,8,automatic,nc,nc
2023-06-12T03:03:44.240Z,37.559,-118.8295,3.84,0.82,md,15,154,0.03097,0.04,nc,nc73900206,2023-06-12T05:21:13.568Z,"13km W of Toms Place, CA",earthquake,0.35,0.56,0.13,16,reviewed,nc,nc
2023-06-12T02:59:29.794Z,60.0577,-153.5587,162.8,2.5,ml,,,,0.5,ak,ak0237hm5580,2023-06-16T21:06:56.629Z,"42 km NE of Pedro Bay, Alaska",earthquake,,0.3,,,reviewed,ak,ak
2023-06-12T02:58:57.890Z,46.474833333333336,-122.45583333333333,21.84,1.19,ml,27,68,0.1123,0.11,uw,uw61932351,2023-06-19T23:10:14.520Z,"6 km SSE of Mossyrock, Washington",earthquake,0.23,0.57,0.11270637790480098,7,reviewed,uw,uw
2023-06-12T02:58:40.805Z,62.9372,-149.9905,79.4,1.8,ml,,,,0.52,ak,ak0237hm4ye7,2023-06-16T21:06:56.399Z,"Central Alaska",earthquake,,0.2,,,reviewed,ak,ak
2023-06-12T02:57:08.819Z,52.983,-167.4669,56.3,1.7,ml,,,,0.57,ak,ak0237hm4o75,2023-06-16T21:07:01.001Z,"93 km E of Nikolski, Alaska",earthquake,,4.6,,,reviewed,ak,ak
2023-06-12T02:52:27.148Z,63.0305,-150.4863,88.1,1.4,ml,,,,0.48,ak,ak0237hm3n16,2023-06-16T21:07:01.193Z,"61 km NNE of Petersville, Alaska",earthquake,,0.4,,,reviewed,ak,ak
2023-06-12T02:44:40.572Z,31.67506742,-104.4204778,6.440063477,2.2,ml,20,56,0.00698831294,0.2,tx,tx2023lkey,2023-06-12T10:07:51.309Z,"55 km S of Whites City, New Mexico",earthquake,1.076926433,0.7920252394,0.1,25,reviewed,tx,tx
2023-06-12T02:42:42.850Z,63.2914,-149.1058,91.2,1.3,ml,,,,0.56,ak,ak0237hm1j31,2023-06-16T21:07:00.807Z,"Central Alaska",earthquake,,0.6,,,reviewed,ak,ak
2023-06-12T02:39:21.065Z,37.3036,-115.2434,0,1.2,ml,14,153.24,0.184,0.2917,nn,nn00861126,2023-06-12T16:40:05.022Z,"9 km SW of Alamo, Nevada",earthquake,,0,0.17,8,reviewed,nn,nn
2023-06-12T02:37:52.676Z,51.9105,178.1193,0.1,1.6,ml,,,,0.36,ak,ak0237hm0hr3,2023-06-16T21:06:56.216Z,"Rat Islands, Aleutian Islands, Alaska",earthquake,,1.2,,,reviewed,ak,ak
2023-06-12T02:31:57.220Z,51.9281666666667,179.585666666667,10.93,-0.2,ml,6,98,,0.27,av,av91922841,2023-06-14T22:22:28.860Z,"",earthquake,1.5,1.32,0.30531439567711,6,reviewed,av,av
2023-06-12T02:29:32.408Z,50.2413,-177.7128,3.6,2.1,ml,,,,0.4,ak,ak0237hlypyc,2023-06-16T21:06:55.998Z,"196 km SSW of Adak, Alaska",earthquake,,1.3,,,reviewed,ak,ak
2023-06-12T02:20:18.710Z,34.0365,-116.8506667,20.39,1.17,ml,44,135,0.09079,0.15,ci,ci40483616,2023-06-12T15:57:01.347Z,"13km N of Banning, CA",earthquake,0.21,0.48,0.13,26,reviewed,ci,ci
2023-06-12T02:19:59.140Z,48.751666666666665,-121.81783333333334,4.37,1.4000000000000001,ml,5,148,0.1376,0.22,uw,uw61932341,2023-06-20T21:33:56.010Z,"18 km SSE of Glacier, Washington",earthquake,1.31,20.01,0.12044812950194916,5,reviewed,uw,uw
2023-06-12T02:18:59.882Z,36.6325,-116.2798,4.9,-0.4,ml,6,278.1,0.099,0.0852,nn,nn00861402,2023-06-19T17:22:00.507Z,"52 km SE of Beatty, Nevada",earthquake,,7.9,0.05,2,reviewed,nn,nn
2023-06-12T02:09:25.099Z,63.2573,-151.6355,4.2,1.2,ml,,,,0.59,ak,ak0237hluf33,2023-06-16T21:06:55.815Z,"31 km S of Denali National Park, Alaska",earthquake,,0.2,,,reviewed,ak,ak
2023-06-12T02:06:57.890Z,58.1761666666667,-155.290833333333,5,0.68,ml,5,197,,0.06,av,av91922786,2023-06-14T19:34:24.660Z,"Alaska Peninsula",earthquake,0.49,1.22,0.28721859292176,5,reviewed,av,av
2023-06-12T02:04:32.052Z,39.6146,-119.9693,6.5,2.4,ml,29,67.91,0.01,0.1682,nn,nn00861124,2023-06-12T15:51:09.138Z,"7 km S of Cold Springs, Nevada",earthquake,,0.9,0.14,9,reviewed,nn,nn
2023-06-12T01:51:33.016Z,6.8265,-73.0597,148.614,4.2,mb,13,118,0.928,1.16,us,us7000k9l8,2023-06-25T05:59:59.040Z,"11 km NNE of Jordán, Colombia",earthquake,7.34,9.606,0.216,6,reviewed,us,us
2023-06-12T01:49:47.590Z,33.2721667,-118.2315,9.71,1.63,ml,25,208,0.1062,0.29,ci,ci40483600,2023-06-12T13:25:04.894Z,"12km SE of Avalon, CA",earthquake,0.66,1.41,0.084,6,reviewed,ci,ci
2023-06-12T01:49:04.362Z,36.6539,-116.2721,7.1,1,ml,33,83.09,0.054,0.119,nn,nn00861122,2023-06-12T17:01:49.793Z,"51 km ESE of Beatty, Nevada",earthquake,,0.6,0.32,15,reviewed,nn,nn
2023-06-12T01:41:51.025Z,58.5137,-133.2992,6.7,2.3,ml,,,,0.56,ak,ak0237hlfwde,2023-06-16T21:06:55.630Z,"69 km ENE of Juneau, Alaska",earthquake,,0.3,,,reviewed,ak,ak
2023-06-12T01:36:55.431Z,36.6524,-116.27,6.7,0.5,ml,11,94.99,0.056,0.0537,nn,nn00861121,2023-06-12T17:29:50.157Z,"",earthquake,,1.3,0.9,3,reviewed,nn,nn
2023-06-12T01:26:54.720Z,52.0993333333333,-176.199333333333,11.26,-0.32,ml,4,288,,0.14,av,av91107413,2023-06-14T21:30:17.440Z,"38 km NE of Adak, Alaska",earthquake,0.82,0.84,0.133626856470103,4,reviewed,av,av
2023-06-12T01:23:43.783Z,24.1392,143.0614,10,5,mww,124,81,10.869,0.94,us,us7000k7x0,2023-06-12T01:48:11.040Z,"Volcano Islands, Japan region",earthquake,7.34,1.858,0.075,17,reviewed,us,us
2023-06-12T01:19:55.191Z,59.6588,-152.832,85.7,1.8,ml,,,,0.34,ak,ak0237hlb6yn,2023-06-16T21:07:00.608Z,"57 km WSW of Anchor Point, Alaska",earthquake,,0.2,,,reviewed,ak,ak
2023-06-12T01:19:26.015Z,51.9055,177.978,4.4,1.9,ml,,,,0.52,ak,ak0237hlb56c,2023-06-16T21:06:55.439Z,"Rat Islands, Aleutian Islands, Alaska",earthquake,,1.3,,,reviewed,ak,ak
2023-06-12T01:11:01.790Z,35.3615,-98.0955,6.18,1.78,ml,29,85,0.082783755,0.4,ok,ok2023lkbv,2023-06-13T19:12:29.308Z,"Oklahoma",earthquake,,1.1,0.39,4,reviewed,ok,ok
2023-06-12T01:08:54.040Z,58.1653333333333,-155.3245,2.66,1.34,ml,5,261,,0.08,av,av91922691,2023-06-14T21:42:30.850Z,"84 km NW of Karluk, Alaska",earthquake,0.58,0.47,0.2753923548016,5,reviewed,av,av
2023-06-12T01:04:24.990Z,58.4375,-154.752333333333,3.74,-0.08,ml,5,144,,0.08,av,av91922666,2023-06-14T21:23:58.580Z,"98 km N of Karluk, Alaska",earthquake,0.3,0.75,0.246914718117145,5,reviewed,av,av
2023-06-12T01:04:06.426Z,51.4865,-177.2726,58.8,1.3,ml,,,,0.34,ak,ak0237hl7vgi,2023-06-16T21:07:00.415Z,"61 km SW of Adak, Alaska",earthquake,,1.4,,,reviewed,ak,ak
2023-06-12T00:53:30.864Z,62.1642,-152.1659,102.9,1.4,ml,,,,0.31,ak,ak0237hkwztq,2023-06-16T21:07:00.225Z,"44 km WNW of Skwentna, Alaska",earthquake,,0.4,,,reviewed,ak,ak
2023-06-12T00:53:07.470Z,58.4343333333333,-154.744,3.42,-0.19,ml,4,151,,0.06,av,av91922641,2023-06-14T21:01:19.170Z,"97 km N of Karluk, Alaska",earthquake,0.42,0.79,0.137682519354723,4,reviewed,av,av
2023-06-12T00:46:31.526Z,51.9535,177.7869,12.5,1.7,ml,,,,0.51,ak,ak0237hkvhv4,2023-06-16T21:07:00.019Z,"Rat Islands, Aleutian Islands, Alaska",earthquake,,1.9,,,reviewed,ak,ak
2023-06-12T00:46:04.070Z,35.06616667,-97.92216667,10.85,0.89,ml,16,166,0.1394726307,0.16,ok,ok2023lkba,2023-06-26T17:28:07.152Z,"1 km NE of Chickasha, Oklahoma",earthquake,,1.3,0.38,3,reviewed,ok,ok
2023-06-12T00:43:57.823Z,58.4304,-154.7572,6.9,1.2,ml,,,,0.31,ak,ak0237hkuwna,2023-06-16T21:06:55.247Z,"97 km N of Karluk, Alaska",earthquake,,0.2,,,reviewed,ak,ak
2023-06-12T00:42:32.687Z,47.0317,-66.5996,5,2,mb_lg,16,66,0.442,0.33,us,us7000k7wx,2023-06-13T13:30:29.040Z,"83 km W of Miramichi, Canada",earthquake,2.54,2.003,0.228,5,reviewed,us,us
2023-06-12T00:41:07.332Z,53.4898,-163.2147,17.7,2.7,ml,,,,0.49,ak,ak0237hkudgr,2023-06-16T21:06:55.049Z,"152 km S of False Pass, Alaska",earthquake,,2.9,,,reviewed,ak,ak
2023-06-12T00:39:01.670Z,58.4296666666667,-154.749666666667,5.11,-0.07,ml,5,153,,0.19,av,av91922611,2023-06-14T20:33:20.710Z,"97 km N of Karluk, Alaska",earthquake,0.6,1.1,0.221078729840589,5,reviewed,av,av
2023-06-12T00:34:28.170Z,33.9628333,-116.845,20.16,0.77,ml,27,76,0.07044,0.17,ci,ci40483584,2023-06-12T13:15:49.783Z,"5km NE of Banning, CA",earthquake,0.27,0.69,0.069,4,reviewed,ci,ci
2023-06-12T00:33:57.805Z,55.8968,-135.7831,25.4,2.5,ml,,,,0.56,ak,ak0237hksuwu,2023-06-16T21:06:54.864Z,"81 km WSW of Port Alexander, Alaska",earthquake,,3,,,reviewed,ak,ak
2023-06-12T00:28:56.903Z,51.8053,-177.1004,15.2,0.8,ml,,,,0.55,ak,ak0237hkroxm,2023-06-16T21:06:59.837Z,"33 km WSW of Adak, Alaska",earthquake,,0.3,,,reviewed,ak,ak
2023-06-12T00:27:40.400Z,58.4341666666667,-154.750666666667,4.61,0.51,ml,8,148,,0.11,av,av91922571,2023-06-14T20:23:11.590Z,"Alaska Peninsula",earthquake,0.45,0.5,0.196660791785322,8,reviewed,av,av
2023-06-12T00:26:05.740Z,38.7483333,-122.698,0.87,1,md,28,88,0.005814,0.06,nc,nc73900191,2023-06-12T04:27:14.223Z,"3km S of Anderson Springs, CA",earthquake,0.25,0.25,0.163,21,reviewed,nc,nc
2023-06-12T00:25:41.501Z,62.4749,-151.3241,81.7,1.3,ml,,,,0.23,ak,ak0237hkr0li,2023-06-16T21:06:59.657Z,"28 km W of Petersville, Alaska",earthquake,,0.4,,,reviewed,ak,ak
2023-06-12T00:10:13.679Z,36.17083333,-96.05866667,0,1.22,ml,38,116,0.4841050021,0.41,ok,ok2023ljzv,2023-06-26T17:58:25.046Z,"5 km NE of Sand Springs, Oklahoma",earthquake,,0.4,0.51,4,reviewed,ok,ok
2023-06-12T00:06:23.506Z,61.8665,-149.566,43.8,1.4,ml,,,,0.4,ak,ak0237hkmwlq,2023-06-16T21:06:59.467Z,"22 km NW of Fishhook, Alaska",earthquake,,0.7,,,reviewed,ak,ak
2023-06-11T23:58:02.045Z,51.7693,-179.7268,90,2.6,ml,,,,0.52,ak,ak0237gb3mo4,2023-06-16T00:55:04.252Z,"213 km W of Adak, Alaska",earthquake,,0.4,,,reviewed,ak,ak
2023-06-11T23:56:27.616Z,58.5895,-156.2019,182.3,2.9,ml,,,,0.57,ak,ak0237gb39cy,2023-06-16T02:58:48.678Z,"28 km ESE of King Salmon, Alaska",earthquake,,0.5,,,reviewed,ak,ak
2023-06-11T23:47:33.650Z,44.6441666666667,-114.3775,9.91,2.37,ml,19,95,0.3563,0.2,mb,mb90017668,2023-06-12T14:45:32.400Z,"19 km NW of Challis, Idaho",earthquake,0.47,0.85,0.278520659565732,33,reviewed,mb,mb
2023-06-11T23:44:08.192Z,51.4359,-176.1044,22.6,1.8,ml,,,,0.27,ak,ak0237gb0mzv,2023-06-16T00:55:03.823Z,"60 km SE of Adak, Alaska",earthquake,,0.4,,,reviewed,ak,ak
2023-06-11T23:35:08.813Z,63.1267,-150.4579,109,1.4,ml,,,,0.36,ak,ak0237gayppm,2023-06-16T02:58:49.120Z,"71 km NNE of Petersville, Alaska",earthquake,,0.9,,,reviewed,ak,ak
2023-06-11T23:30:13.350Z,58.2028333333333,-155.343666666667,4.8,1.01,ml,7,262,,0.26,av,av91922491,2023-06-12T00:48:10.100Z,"88 km NW of Karluk, Alaska",earthquake,1.13,0.94,0.19503173647027,7,reviewed,av,av
2023-06-11T23:27:05.220Z,35.0463333,-117.6746667,-0.82,1.84,ml,27,48,0.1131,0.21,ci,ci40483560,2023-06-12T15:49:06.395Z,"6km NNW of Boron, CA",quarry blast,0.36,31.61,0.144,26,reviewed,ci,ci
2023-06-11T23:20:39.731Z,64.9854,-147.4107,0,0.8,ml,,,,0.58,ak,ak0237gavkc7,2023-06-16T02:58:48.497Z,"10 km ENE of Fox, Alaska",explosion,,0,,,reviewed,ak,ak
2023-06-11T23:20:14.789Z,51.6247,-175.3313,25.6,1.9,ml,,,,0.3,ak,ak0237gavijv,2023-06-16T00:55:03.619Z,"94 km ESE of Adak, Alaska",earthquake,,1.7,,,reviewed,ak,ak
2023-06-11T23:13:24.102Z,65.5104,-144.4006,8.6,1.3,ml,,,,0.72,ak,ak0237gau114,2023-06-16T00:55:03.241Z,"19 km ESE of Central, Alaska",earthquake,,0.4,,,reviewed,ak,ak
2023-06-11T23:10:24.889Z,52.115,-178.5865,146.7,2.1,ml,,,,0.57,ak,ak0237gatdzs,2023-06-16T00:55:06.563Z,"Andreanof Islands, Aleutian Islands, Alaska",earthquake,,0.8,,,reviewed,ak,ak
2023-06-11T22:49:57.857Z,-6.6479,155.4774,255.188,4.5,mb,52,127,4.103,0.5,us,us7000k7ws,2023-06-12T20:57:24.040Z,"Bougainville region, Papua New Guinea",earthquake,11.9,8.292,0.08,45,reviewed,us,us
2023-06-11T22:43:23.665Z,51.8152,175.1419,25,2.9,ml,,,,0.63,ak,ak0237gaf12g,2023-06-16T02:58:48.932Z,"175 km SE of Attu Station, Alaska",earthquake,,3.1,,,reviewed,ak,ak
2023-06-11T22:41:01.131Z,51.4444,-177.5524,16.4,1.3,ml,,,,0.54,ak,ak0237gaejr5,2023-06-16T00:55:06.183Z,"79 km SW of Adak, Alaska",earthquake,,1,,,reviewed,ak,ak
2023-06-11T22:40:54.042Z,62.7582,-152.2025,5,1.5,ml,,,,0.77,ak,ak0237gaeg3u,2023-06-16T00:55:03.021Z,"Central Alaska",earthquake,,0.2,,,reviewed,ak,ak
2023-06-11T22:39:24.090Z,33.0321667,-116.419,9.88,1.13,ml,43,88,0.04781,0.18,ci,ci40483544,2023-06-12T15:44:09.370Z,"18km ESE of Julian, CA",earthquake,0.22,0.38,0.138,20,reviewed,ci,ci
2023-06-11T22:31:57.959Z,63.1113,-150.77,107,1.5,ml,,,,0.36,ak,ak0237gaciz7,2023-06-16T00:55:05.993Z,"67 km SE of Denali National Park, Alaska",earthquake,,0.8,,,reviewed,ak,ak
2023-06-11T22:29:49.470Z,58.4871,-154.9713,106.2,2.5,ml,,,,0.52,ak,ak0237gac2w8,2023-06-16T00:55:02.789Z,"Alaska Peninsula",earthquake,,0.4,,,reviewed,ak,ak
2023-06-11T22:29:24.346Z,38.6044,22.9285,10,4,mb,44,55,1.535,0.8,us,us7000k7wn,2023-06-12T20:40:25.040Z,"8 km SW of Atalánti, Greece",earthquake,4.39,1.933,0.138,14,reviewed,us,us
2023-06-11T22:21:43.100Z,17.9076666666667,-66.8311666666667,13.06,2.29,md,7,234,0.08116,0.08,pr,pr71413063,2023-06-11T22:38:57.180Z,"",earthquake,1.09,0.48,0.0328266966863384,4,reviewed,pr,pr
2023-06-11T22:18:54.362Z,51.7529,-179.9787,13.2,1.6,ml,,,,0.55,ak,ak0237ga9qe4,2023-06-16T00:55:05.805Z,"231 km W of Adak, Alaska",earthquake,,1.1,,,reviewed,ak,ak
2023-06-11T21:53:22.201Z,51.9411,177.869,4.8,2.5,ml,,,,0.4,ak,ak0237g9vqws,2023-06-16T02:58:48.298Z,"Rat Islands, Aleutian Islands, Alaska",earthquake,,0.7,,,reviewed,ak,ak
2023-06-11T21:44:07.618Z,64.5062,-150.6055,7.1,1.8,ml,,,,0.81,ak,ak0237g9trxd,2023-06-16T00:55:02.367Z,"55 km S of Manley Hot Springs, Alaska",earthquake,,0.2,,,reviewed,ak,ak
2023-06-11T21:39:19.800Z,35.8038333,-121.473,3.69,1.6,md,29,201,0.1433,0.14,nc,nc73900171,2023-06-13T00:59:18.531Z,"26km SSE of Lopez Point, CA",earthquake,0.35,0.77,0.205,26,reviewed,nc,nc
2023-06-11T21:37:51.950Z,38.589,-112.5825,4.49,0.89,ml,7,177,0.108,0.04,uu,uu60542006,2023-06-12T17:03:43.210Z,"26 km SSW of Kanosh, Utah",earthquake,1.78,2.51,0.234,2,reviewed,uu,uu
2023-06-11T21:24:52.168Z,52.1082,-174.3297,106.3,3.3,ml,,,,0.56,ak,ak0237g9pl78,2023-06-16T02:58:48.053Z,"Andreanof Islands, Aleutian Islands, Alaska",earthquake,,0.6,,,reviewed,ak,ak
2023-06-11T21:19:30.030Z,64.753,-147.8531,7.7,1.5,ml,,,,0.61,ak,ak0237g9ogmd,2023-06-16T00:55:01.886Z,"7 km SSW of South Van Horn, Alaska",earthquake,,0.2,,,reviewed,ak,ak
2023-06-11T20:58:54.160Z,58.1773333333333,-155.313333333333,1.91,0.37,ml,4,244,,0.04,av,av91922371,2023-06-11T22:25:51.000Z,"84 km NW of Karluk, Alaska",earthquake,0.65,0.58,0.215415561895648,4,reviewed,av,av
2023-06-11T20:41:23.840Z,33.5806667,-116.6131667,16.89,0.74,ml,31,43,0.02014,0.13,ci,ci40483512,2023-06-12T15:38:33.334Z,"6km ENE of Anza, CA",earthquake,0.18,0.33,0.15,16,reviewed,ci,ci
2023-06-11T20:35:23.413Z,-22.0201,-68.787,105.989,4.6,mwr,109,41,0.897,0.58,us,us7000k7w6,2023-06-11T21:10:33.040Z,"Antofagasta, Chile",earthquake,5.1,4.216,0.065,23,reviewed,us,us
2023-06-11T20:22:21.050Z,58.2186666666667,-155.094666666667,4.12,0.21,ml,4,110,,0.12,av,av91922331,2023-06-11T22:16:34.020Z,"Alaska Peninsula",earthquake,0.86,2.15,0.129490236554799,4,reviewed,av,av
2023-06-11T20:20:08.472Z,31.67315695,-104.4312266,6.388647461,2.1,ml,13,83,0.008474514075,0.1,tx,tx2023ljsf,2023-06-15T11:34:42.372Z,"55 km S of Whites City, New Mexico",earthquake,1.323387515,0.8907104363,0.1,19,reviewed,tx,tx
2023-06-11T20:17:27.079Z,35.36466667,-98.084,7.61,2.14,ml,98,30,0.07468534419,0.32,ok,ok2023ljsd,2023-06-13T00:45:03.014Z,"",earthquake,,0.5,0.23,20,reviewed,ok,ok
2023-06-11T20:09:38.470Z,38.73,-122.385,7.71,1.49,md,56,50,0.04516,0.14,nc,nc73900131,2023-06-12T03:33:12.891Z,"17km ESE of Hidden Valley Lake, CA",earthquake,0.16,0.47,0.191,48,reviewed,nc,nc
2023-06-11T20:07:20.350Z,58.22,-155.088333333333,4.25,1.32,ml,8,113,,0.08,av,av91922316,2023-06-11T22:14:21.130Z,"",earthquake,0.3,0.6,0.251256554593515,8,reviewed,av,av
2023-06-11T19:50:27.225Z,51.9475,178.5171,142.6,2.1,ml,,,,0.17,ak,ak0237g8o8ea,2023-06-16T00:55:05.629Z,"Rat Islands, Aleutian Islands, Alaska",earthquake,,0.8,,,reviewed,ak,ak
2023-06-11T19:49:26.848Z,31.67228125,-104.4247586,7.314135742,1.9,ml,17,58,0.008091125038,0.2,tx,tx2023ljrg,2023-06-16T12:53:58.206Z,"56 km S of Whites City, New Mexico",earthquake,1.113709569,0.9736270805,0.1,19,reviewed,tx,tx
2023-06-11T19:26:25.750Z,33.6588333,-116.7278333,13.98,0.3,ml,13,104,0.04617,0.07,ci,ci40483496,2023-06-12T15:33:57.483Z,"9km S of Idyllwild, CA",earthquake,0.24,0.43,0.062,3,reviewed,ci,ci
2023-06-11T19:25:03.780Z,33.6481667,-116.7015,16.39,0.65,ml,16,80,0.06372,0.17,ci,ci40483488,2023-06-11T20:14:18.298Z,"10km S of Idyllwild, CA",earthquake,0.45,0.6,0.232,8,reviewed,ci,ci
2023-06-11T19:24:09.531Z,51.7021,-179.7154,81.4,2.1,ml,,,,0.4,ak,ak0237g8imh0,2023-06-16T00:55:01.650Z,"213 km W of Adak, Alaska",earthquake,,0.5,,,reviewed,ak,ak
2023-06-11T19:23:46.590Z,33.475,-116.5588333,10.53,0.54,ml,19,112,0.04123,0.09,ci,ci40483480,2023-06-12T15:28:11.260Z,"14km SE of Anza, CA",earthquake,0.2,0.34,0.081,9,reviewed,ci,ci
2023-06-11T19:17:23.634Z,51.8637,-178.2302,7.4,1.7,ml,,,,0.57,ak,ak0237g8h55j,2023-06-16T02:58:47.837Z,"Andreanof Islands, Aleutian Islands, Alaska",earthquake,,0.2,,,reviewed,ak,ak
2023-06-11T19:11:08.436Z,61.4137,-147.7801,13.6,1.6,ml,,,,0.78,ak,ak0237g8ftxy,2023-06-16T00:55:01.199Z,"44 km S of Glacier View, Alaska",earthquake,,0.3,,,reviewed,ak,ak
2023-06-11T19:10:04.100Z,38.8353348,-122.805336,1.92,1.03,md,13,60,0.0121,0.01,nc,nc73900076,2023-06-11T21:06:17.457Z,"7km WNW of Cobb, CA",earthquake,0.29,0.78,0.24,14,automatic,nc,nc
2023-06-11T19:05:25.430Z,51.7353333333333,179.753333333333,9.3,0.41,ml,5,339,,0.04,av,av91107288,2023-06-12T20:38:04.080Z,"249 km W of Adak, Alaska",earthquake,1.16,0.51,0.158480190889596,5,reviewed,av,av
2023-06-11T18:52:45.680Z,35.5723333,-118.2381667,4.35,1.13,ml,26,50,0.08735,0.12,ci,ci40483472,2023-06-12T15:21:24.224Z,"22km ESE of Lake Isabella, CA",earthquake,0.17,0.38,0.175,13,reviewed,ci,ci
2023-06-11T18:51:34.210Z,38.7878342,-122.7471695,1.31,1.19,md,15,84,0.009365,0.02,nc,nc73900061,2023-06-11T20:40:16.308Z,"1km NE of The Geysers, CA",earthquake,0.24,0.58,0.15,15,automatic,nc,nc
2023-06-11T18:50:03.299Z,35.35283333,-98.103,7.44,1.87,ml,59,58,0.09358163609,0.36,ok,ok2023ljph,2023-06-13T16:33:04.914Z,"15 km WNW of Minco, Oklahoma",earthquake,,0.7,0.17,7,reviewed,ok,ok
2023-06-11T18:50:01.660Z,64.5059,-147.1835,2.6,1.2,ml,,,,0.91,ak,ak0237g82qt0,2023-06-16T00:55:00.986Z,"13 km W of Salcha, Alaska",earthquake,,0.3,,,reviewed,ak,ak
2023-06-11T18:48:43.263Z,51.5344,-176.3659,28.6,1.2,ml,,,,0.23,ak,ak0237g82eli,2023-06-16T00:55:05.447Z,"Andreanof Islands, Aleutian Islands, Alaska",earthquake,,3,,,reviewed,ak,ak
2023-06-11T18:44:17.044Z,53.6058,-164.6003,5.7,2,ml,,,,0.48,ak,ak0237g81hpk,2023-06-16T00:55:05.253Z,"97 km SE of Akutan, Alaska",earthquake,,0.8,,,reviewed,ak,ak
2023-06-11T18:41:16.933Z,53.5956,-164.5988,7.8,2,ml,,,,0.46,ak,ak0237g80ujx,2023-06-16T00:55:05.066Z,"97 km SE of Akutan, Alaska",earthquake,,1.2,,,reviewed,ak,ak
2023-06-11T18:40:36.325Z,61.339,-147.8707,7.5,1.6,ml,,,,0.55,ak,ak0237g80obb,2023-06-16T02:58:47.612Z,"53 km SSW of Glacier View, Alaska",earthquake,,0.2,,,reviewed,ak,ak
2023-06-11T18:30:54.984Z,64.5068,-147.1877,5.8,1.2,ml,,,,0.63,ak,ak0237g7yklo,2023-06-16T00:55:00.546Z,"13 km W of Salcha, Alaska",earthquake,,0.3,,,reviewed,ak,ak
2023-06-11T18:22:30.638Z,-17.9067,-178.5219,581.438,4.3,mb,76,60,3.267,0.74,us,us7000k7vp,2023-06-11T18:49:55.040Z,"229 km E of Levuka, Fiji",earthquake,13.85,9.589,0.053,99,reviewed,us,us
2023-06-11T18:21:22.060Z,38.077,-119.0838333,9.5,1.69,md,32,42,0.1328,0.2,nc,nc73900056,2023-06-13T00:32:14.389Z,"14km NNE of Lee Vining, CA",earthquake,0.43,1.62,0.17,23,reviewed,nc,nc
2023-06-11T18:18:03.370Z,38.7993317,-122.7535019,2.67,0.76,md,7,171,0.005021,0.01,nc,nc73900046,2023-06-11T18:46:13.618Z,"2km N of The Geysers, CA",earthquake,0.61,1.35,0.04,8,automatic,nc,nc
2023-06-11T18:16:09.246Z,61.5612,-141.0686,3.6,1.2,ml,,,,0.5,ak,ak0237g7vgvp,2023-06-16T00:55:00.353Z,"99 km E of McCarthy, Alaska",earthquake,,0.4,,,reviewed,ak,ak
2023-06-11T18:07:09.990Z,33.1428333,-116.5276667,8.67,1.69,ml,58,32,0.08512,0.22,ci,ci40483448,2023-06-11T18:17:42.290Z,"10km NE of Julian, CA",earthquake,0.25,0.85,0.159,24,reviewed,ci,ci
2023-06-11T18:04:45.430Z,34.0411667,-117.0018333,13.16,0.99,ml,26,96,0.07568,0.12,ci,ci40483440,2023-06-11T20:13:18.466Z,"4km ENE of Yucaipa, CA",earthquake,0.21,0.52,0.118,13,reviewed,ci,ci
2023-06-11T17:52:35.440Z,51.6232,-174.8841,17.1,1.5,ml,,,,0.24,ak,ak0237g7ht94,2023-06-16T00:55:04.886Z,"79 km SW of Atka, Alaska",earthquake,,0.8,,,reviewed,ak,ak
2023-06-11T17:50:42.490Z,38.0506667,-122.2146667,8.16,1.04,md,28,50,0.04286,0.13,nc,nc73900031,2023-06-13T22:23:20.775Z,"0km SW of Crockett, CA",earthquake,0.3,0.48,0.138,18,reviewed,nc,nc
2023-06-11T17:40:47.850Z,35.366,-98.08333333,6.7,1.64,ml,38,83,0.07288569734,0.34,ok,ok2023ljmz,2023-06-13T15:17:01.785Z,"13 km WSW of Union City, Oklahoma",earthquake,,0.7,0.2,6,reviewed,ok,ok
2023-06-11T17:11:44.090Z,38.7811667,-122.708,1.97,0.24,md,10,128,0.006768,0.04,nc,nc71130609,2023-06-12T21:46:14.440Z,"2km WNW of Anderson Springs, CA",earthquake,0.46,0.97,0.185,3,reviewed,nc,nc
2023-06-11T17:11:02.930Z,40.2186667,-121.1793333,0.23,2.3,md,26,44,0.03893,0.09,nc,nc73900021,2023-06-13T00:04:15.238Z,"0km NW of Almanor, CA",earthquake,0.28,0.37,0.179,41,reviewed,nc,nc
2023-06-11T17:01:50.821Z,53.6193,-164.6057,5.3,2.1,ml,,,,0.58,ak,ak0237g770wv,2023-06-16T00:55:00.148Z,"95 km SE of Akutan, Alaska",earthquake,,0.8,,,reviewed,ak,ak
2023-06-11T16:56:44.450Z,53.5793,-164.62,10,3.1,ml,21,206,0.889,0.42,us,us7000k8u1,2023-06-25T14:35:14.040Z,"",earthquake,2.96,1.965,0.097,14,reviewed,us,us
2023-06-11T16:52:58.572Z,62.7721,-149.3585,8.2,1.5,ml,,,,0.84,ak,ak0237g6wfew,2023-06-16T00:54:59.717Z,"52 km NE of Chase, Alaska",earthquake,,0.2,,,reviewed,ak,ak
2023-06-11T16:49:35.030Z,38.8370018,-122.7939987,2.34,0.53,md,8,118,0.003181,0.02,nc,nc73900016,2023-06-11T17:15:13.037Z,"6km WNW of Cobb, CA",earthquake,0.55,1.6,0.32,9,automatic,nc,nc
2023-06-11T16:41:19.571Z,62.6416,-151.001,79.4,1.6,ml,,,,0.54,ak,ak0237g6tzjp,2023-06-16T00:55:04.682Z,"20 km NW of Petersville, Alaska",earthquake,,0.8,,,reviewed,ak,ak
2023-06-11T16:35:48.382Z,63.3081,-149.9381,95.4,1.4,ml,,,,0.54,ak,ak0237g6srh2,2023-06-16T00:55:04.487Z,"50 km W of Cantwell, Alaska",earthquake,,0.7,,,reviewed,ak,ak
2023-06-11T16:32:24.750Z,38.8284988,-122.7946701,-0.64,0.69,md,12,61,0.01046,0.01,nc,nc73900006,2023-06-11T16:50:13.900Z,"6km W of Cobb, CA",earthquake,0.18,1,0.26,11,automatic,nc,nc
2023-06-11T16:24:36.250Z,35.3655,-98.089,6.84,1.53,ml,42,55,0.07648499104,0.38,ok,ok2023ljkm,2023-06-13T14:20:07.721Z,"13 km WSW of Union City, Oklahoma",earthquake,,0.8,0.23,4,reviewed,ok,ok
2023-06-11T16:13:07.040Z,36.5145,-121.0898333,7.37,1.09,md,14,115,0.04703,0.08,nc,nc73899996,2023-06-13T22:13:13.701Z,"5km ESE of Pinnacles, CA",earthquake,0.33,1.03,0.112,11,reviewed,nc,nc
2023-06-11T16:11:39.525Z,-29.7693,-176.832,10,4.6,mb,22,193,1.075,0.99,us,us7000k900,2023-06-25T14:33:13.040Z,"Kermadec Islands region",earthquake,11.98,1.921,0.137,16,reviewed,us,us
2023-06-11T16:11:18.947Z,61.348,-146.792,12.5,1.6,ml,,,,0.56,ak,ak0237g6njyn,2023-06-16T00:54:59.482Z,"33 km NW of Valdez, Alaska",earthquake,,0.4,,,reviewed,ak,ak
2023-06-11T16:08:29.177Z,64.998,-146.0072,11.8,2.3,ml,,,,0.9,ak,ak0237g6mxp2,2023-06-16T00:54:59.216Z,"42 km ENE of Pleasant Valley, Alaska",earthquake,,0.2,,,reviewed,ak,ak
2023-06-11T16:08:23.925Z,-5.7827,152.1754,10,4.4,mb,23,88,1.581,0.93,us,us7000k7vd,2023-06-25T14:25:53.040Z,"",earthquake,8.65,1.806,0.131,17,reviewed,us,us
2023-06-11T16:07:25.634Z,-15.6117,-174.7796,285.267,4.3,mb,24,70,3.48,0.37,us,us7000k8zw,2023-06-25T14:20:20.040Z,"Tonga",earthquake,9.5,7.602,0.148,13,reviewed,us,us
2023-06-11T15:55:14.240Z,-29.8378,-176.8668,10,4.6,mb,17,195,1.099,0.77,us,us7000k8zu,2023-06-25T14:15:07.040Z,"",earthquake,7.28,1.951,0.151,13,reviewed,us,us
2023-06-11T15:52:19.450Z,35.7006667,-121.1448333,7.55,0.84,md,18,128,0.0197,0.06,nc,nc73899991,2023-06-13T23:53:31.880Z,"8km NNE of San Simeon, CA",earthquake,0.31,0.33,0.24,9,reviewed,nc,nc
2023-06-11T15:49:00.970Z,33.9115,-116.7685,17.7,1.52,ml,52,27,0.01316,0.19,ci,ci40483376,2023-06-11T18:13:29.471Z,"2km ESE of Cabazon, CA",earthquake,0.2,0.49,0.131,26,reviewed,ci,ci
2023-06-11T15:41:10.812Z,64.9828,-146.0369,11.3,1.8,ml,,,,0.93,ak,ak0237g68j99,2023-06-15T21:18:17.467Z,"40 km ENE of Pleasant Valley, Alaska",earthquake,,0.2,,,reviewed,ak,ak
2023-06-11T15:39:29.010Z,38.8296661,-122.8010025,1.89,0.73,md,13,60,0.009456,0.02,nc,nc73899986,2023-06-11T18:20:12.442Z,"7km W of Cobb, CA",earthquake,0.29,0.74,0.23,13,automatic,nc,nc
2023-06-11T15:38:06.757Z,62.6527,-150.2509,67.5,1.4,ml,,,,0.57,ak,ak0237g67vu3,2023-06-15T21:18:17.270Z,"23 km NNW of Chase, Alaska",earthquake,,0.5,,,reviewed,ak,ak
2023-06-11T15:25:12.970Z,44.6526667,-110.4333333,2.37,1.15,md,7,136,0.08195,0.2,uu,uu60541986,2023-06-12T16:22:02.160Z,"41 km SSE of Mammoth, Wyoming",earthquake,0.57,5.75,0.407,4,reviewed,uu,uu
2023-06-11T15:13:25.110Z,38.8421669,-122.8763351,2.02,0.78,md,13,126,0.006402,0.02,nc,nc73899976,2023-06-11T17:54:12.277Z,"13km NW of The Geysers, CA",earthquake,0.62,0.77,0.25,15,automatic,nc,nc
2023-06-11T14:50:33.410Z,38.840332,-122.8253326,1.42,0.74,md,7,107,0.008119,0.01,nc,nc73899971,2023-06-11T17:28:13.121Z,"9km WNW of Cobb, CA",earthquake,0.71,2.35,0.17,8,automatic,nc,nc
2023-06-11T14:49:25.880Z,38.8261681,-122.7956696,2.56,0.96,md,7,113,0.01159,0.01,nc,nc73899966,2023-06-11T17:01:13.107Z,"6km W of Cobb, CA",earthquake,0.91,2.5,0.26,9,automatic,nc,nc
2023-06-11T14:48:42.150Z,38.779335,-122.7576675,1.51,0.64,md,8,140,0.01067,0.02,nc,nc73899961,2023-06-11T16:35:17.943Z,"0km NNW of The Geysers, CA",earthquake,0.8,0.79,0.19,8,automatic,nc,nc
2023-06-11T14:40:47.220Z,34.2316667,-117.4963333,8.55,0.87,ml,20,66,0.01174,0.17,ci,ci40483360,2023-06-11T18:27:01.683Z,"3km S of Lytle Creek, CA",earthquake,0.28,0.46,0.177,3,reviewed,ci,ci
2023-06-11T14:37:53.539Z,41.8958,-119.3137,32.7,2,ml,3,270.6,0.736,0.001,nn,nn00861587,2023-06-22T21:17:20.272Z,"57 km W of Denio, Nevada",earthquake,,124.2,0.58,3,reviewed,nn,nn
2023-06-11T14:37:14.210Z,38.7815018,-122.7576675,1.55,0.94,md,11,100,0.01646,0.03,nc,nc73899956,2023-06-11T16:08:14.630Z,"0km NNW of The Geysers, CA",earthquake,0.29,0.71,0.35,11,automatic,nc,nc
2023-06-11T14:33:03.261Z,32.25860596,-101.9327601,6.725056966,1.7,ml,28,65,0.0373642895,0.2,tx,tx2023ljgw,2023-06-15T13:00:28.652Z,"19 km NW of Stanton, Texas",earthquake,0.6785288006,1.223529512,0.1,18,reviewed,tx,tx
2023-06-11T14:32:20.434Z,65.5752,-144.4827,15.2,4.8,mb,,,,0.79,ak,ak0237g5l70e,2023-06-16T17:24:08.826Z,"14 km E of Central, Alaska",earthquake,,0.5,,,reviewed,ak,ak
2023-06-11T14:23:49.086Z,60.7082,-146.7124,11.8,1.8,ml,,,,0.68,ak,ak0237g5jbop,2023-06-15T21:18:16.647Z,"17 km S of Tatitlek, Alaska",earthquake,,0.2,,,reviewed,ak,ak
2023-06-11T14:15:31.850Z,34.0216667,-117.506,18.01,1.43,ml,48,59,0.04339,0.2,ci,ci40483344,2023-06-11T18:18:32.870Z,"2km WNW of Glen Avon, CA",earthquake,0.28,0.45,0.233,30,reviewed,ci,ci
2023-06-11T14:11:12.040Z,58.2271666666667,-155.114166666667,5.65,0.86,ml,8,100,,0.11,av,av91921776,2023-06-11T16:43:10.540Z,"83 km NNW of Karluk, Alaska",earthquake,0.35,0.87,0.355210518129214,8,reviewed,av,av
2023-06-11T14:10:13.344Z,65.9992,-166.7004,8,2.3,ml,,,,0.8,ak,ak0237g5ggnq,2023-06-24T21:13:49.040Z,"40 km SW of Shishmaref, Alaska",earthquake,,1.2,,,reviewed,ak,ak
2023-06-11T13:54:39.560Z,38.7958336,-122.7581635,1.87,0.76,md,11,85,0.004935,0.04,nc,nc73899951,2023-06-11T15:42:16.460Z,"2km N of The Geysers, CA",earthquake,0.34,0.86,0.25,11,automatic,nc,nc
2023-06-11T13:49:23.500Z,38.8190002,-122.822998,2.81,0.71,md,7,73,0.01026,0.02,nc,nc73899946,2023-06-11T15:16:14.326Z,"7km NW of The Geysers, CA",earthquake,0.75,1.61,0.27,8,automatic,nc,nc
2023-06-11T13:48:34.349Z,57.1715,-156.0615,12.7,2.4,ml,,,,0.64,ak,ak0237g537vu,2023-06-15T21:18:18.760Z,"88 km ESE of Ugashik, Alaska",earthquake,,0.6,,,reviewed,ak,ak
2023-06-11T13:44:41.306Z,50.4323,-175.0926,10,2.5,ml,9,289,1.642,0.76,us,us7000k8sw,2023-06-24T21:12:09.040Z,"193 km SSE of Adak, Alaska",earthquake,3.66,2.025,0.148,6,reviewed,us,us
2023-06-11T13:35:06.180Z,19.236499786377,-155.401840209961,31.4300003051758,1.83000004,md,36,154,,0.109999999,hv,hv73448762,2023-06-11T13:38:19.120Z,"8 km ENE of Pāhala, Hawaii",earthquake,0.65,0.839999974,1.80999994,6,automatic,hv,hv
2023-06-11T13:34:25.970Z,34.1398333,-116.7288333,6.2,0.97,ml,28,54,0.1213,0.15,ci,ci40483328,2023-06-12T15:15:56.792Z,"17km NW of Morongo Valley, CA",earthquake,0.2,0.74,0.111,11,reviewed,ci,ci
2023-06-11T13:23:49.100Z,33.9743333,-117.784,5.27,1.77,ml,76,32,0.03721,0.19,ci,ci40483312,2023-06-12T15:12:02.420Z,"3km SW of Chino Hills, CA",earthquake,0.14,0.31,0.177,65,reviewed,ci,ci
2023-06-11T13:22:49.066Z,13.1045,144.0229,119.561,4.3,mb,18,115,2.728,0.5,us,us7000k8zr,2023-06-24T21:09:34.040Z,"72 km WSW of Merizo Village, Guam",earthquake,10.7,11.704,0.16,11,reviewed,us,us
2023-06-11T13:22:46.501Z,39.6135,-119.977,5.8,1.6,ml,14,111.89,0.014,0.1025,nn,nn00861118,2023-06-12T02:03:50.147Z,"7 km S of Cold Springs, Nevada",earthquake,,1.1,0.1,7,reviewed,nn,nn
2023-06-11T13:16:48.191Z,51.5147,-176.0508,23.4,1.5,ml,,,,0.43,ak,ak0237g4we1f,2023-06-15T21:18:18.390Z,"56 km SE of Adak, Alaska",earthquake,,0.7,,,reviewed,ak,ak
2023-06-11T13:08:47.368Z,-56.9287,147.6131,10,5.8,mww,47,75,6.848,0.73,us,us7000k7u0,2023-06-15T17:44:25.040Z,"west of Macquarie Island",earthquake,6.77,1.759,0.098,10,reviewed,us,us
2023-06-11T13:02:00.124Z,51.4386,178.7993,46.6,1.9,ml,,,,0.47,ak,ak0237g4taee,2023-06-15T22:55:50.817Z,"Rat Islands, Aleutian Islands, Alaska",earthquake,,1,,,reviewed,ak,ak
2023-06-11T12:55:46.411Z,62.258,-151.1114,67.9,1.6,ml,,,,0.49,ak,ak0237g4jb6g,2023-06-15T21:18:16.439Z,"32 km SW of Petersville, Alaska",earthquake,,0.5,,,reviewed,ak,ak
2023-06-11T12:52:27.659Z,-29.6836,-177.0665,10,4.7,mb,26,115,0.855,0.54,us,us7000k8zp,2023-06-18T06:47:51.040Z,"",earthquake,9.45,1.795,0.13,18,reviewed,us,us
2023-06-11T12:49:23.445Z,62.8899,-151.6224,1.5,0.9,ml,,,,0.94,ak,ak0237g4hz5k,2023-06-15T21:18:18.029Z,"62 km NW of Petersville, Alaska",earthquake,,0.8,,,reviewed,ak,ak
2023-06-11T12:48:56.120Z,40.209,-121.1718333,4.47,2.46,md,24,62,0.04363,0.07,nc,nc73899941,2023-06-13T04:43:49.040Z,"1km SSE of Almanor, CA",earthquake,0.22,0.34,0.173,52,reviewed,nc,nc
2023-06-11T12:47:01.818Z,-7.4084,120.2704,399.7,4.3,mb,66,47,2.298,0.81,us,us7000k7tx,2023-06-25T07:49:41.040Z,"127 km NNE of Labuan Bajo, Indonesia",earthquake,8.26,2.681,0.076,49,reviewed,us,us
2023-06-11T12:44:01.610Z,19.1319999694824,-155.408004760742,31.75,1.86000001,md,45,180,,0.119999997,hv,hv73448742,2023-06-11T12:47:19.200Z,"10 km SE of Pāhala, Hawaii",earthquake,0.75,0.899999976,1.25999999,10,automatic,hv,hv
2023-06-11T12:38:13.620Z,45.9553333333333,-110.916,4.99,0.64,ml,8,125,0.2664,0.11,mb,mb90017768,2023-06-12T20:06:57.710Z,"Western Montana",earthquake,0.37,8.47,0.209246336827717,4,reviewed,mb,mb
2023-06-11T12:35:40.710Z,33.9821667,-116.812,19.17,1,ml,34,84,0.07208,0.15,ci,ci40483280,2023-06-12T14:59:02.099Z,"8km NNW of Cabazon, CA",earthquake,0.19,0.47,0.099,17,reviewed,ci,ci
2023-06-11T12:27:21.802Z,63.3528,-149.5001,91.4,1.4,ml,,,,0.72,ak,ak0237g4d9o8,2023-06-15T21:18:16.257Z,"27 km W of Cantwell, Alaska",earthquake,,1,,,reviewed,ak,ak
2023-06-11T12:25:38.578Z,24.201,122.4809,52.449,4.7,mwr,73,74,0.552,0.59,us,us7000k7tt,2023-06-25T07:44:27.033Z,"60 km WSW of Yonakuni, Japan",earthquake,3.56,5.596,0.065,23,reviewed,us,us
2023-06-11T12:17:24.110Z,38.8149986,-122.8131638,3.11,1.09,md,24,47,0.008725,0.05,nc,nc73899936,2023-06-11T14:35:18.084Z,"6km NW of The Geysers, CA",earthquake,0.24,0.49,0.19,26,automatic,nc,nc
2023-06-11T12:13:49.664Z,62.2561,-153.3563,1.5,1.2,ml,,,,0.63,ak,ak0237g4abdq,2023-06-15T21:18:16.062Z,"99 km SSE of Nikolai, Alaska",earthquake,,0.4,,,reviewed,ak,ak
2023-06-11T12:09:57.040Z,60.2714,-151.1388,51,2.8,ml,,,,0.82,ak,ak0237g49h2q,2023-06-25T07:32:07.040Z,"10 km SE of Kasilof, Alaska",earthquake,,0.6,,,reviewed,ak,ak
2023-06-11T12:07:50.590Z,35.9308333,-120.4786667,4.42,0.91,md,32,55,0.01681,0.1,nc,nc73899931,2023-06-13T07:08:13.697Z,"6km NW of Parkfield, CA",earthquake,0.24,0.36,0.167,13,reviewed,nc,nc
2023-06-11T11:58:16.413Z,61.2065,-146.2022,13,2,ml,,,,0.76,ak,ak0237g3ygda,2023-06-15T21:18:15.509Z,"11 km NE of Valdez, Alaska",earthquake,,0.3,,,reviewed,ak,ak
2023-06-11T11:54:31.117Z,63.1993,-149.8794,97,1.6,ml,,,,0.61,ak,ak0237g3xmq4,2023-06-15T21:18:15.279Z,"51 km WSW of Cantwell, Alaska",earthquake,,0.3,,,reviewed,ak,ak
2023-06-11T11:50:54.454Z,46.2339,153.2192,10,4.1,mb,27,136,7.243,0.45,us,us7000k8zn,2023-06-18T06:20:43.040Z,"Kuril Islands",earthquake,7.18,1.878,0.158,11,reviewed,us,us
2023-06-11T11:49:49.270Z,33.9356667,-117.9361667,9.32,0.82,ml,26,117,0.01418,0.2,ci,ci40483264,2023-06-12T14:53:41.351Z,"1km ENE of La Habra, CA",earthquake,0.34,0.48,0.264,10,reviewed,ci,ci
2023-06-11T11:36:59.467Z,42.2535,104.7159,10,4.6,mb,54,41,5.706,0.56,us,us7000k7tj,2023-06-25T07:12:19.040Z,"148 km S of Dalandzadgad, Mongolia",earthquake,8.14,1.879,0.073,56,reviewed,us,us
2023-06-11T11:34:53.408Z,-6.2358,150.6449,10,5.2,mb,49,67,2.532,0.78,us,us7000k7ti,2023-06-25T07:05:39.040Z,"94 km SE of Kimbe, Papua New Guinea",earthquake,7.65,1.86,0.042,188,reviewed,us,us
2023-06-11T11:29:44.142Z,48.7871,129.6482,10.69,4,mb,19,94,4.171,0.5,us,us7000k8zm,2023-06-18T06:11:05.040Z,"56 km N of Xinqing, China",earthquake,10.38,4.177,0.196,7,reviewed,us,us
2023-06-11T11:24:37.670Z,36.513,-121.0915,6.77,0.88,md,10,117,0.04634,0.05,nc,nc73899921,2023-06-13T22:01:14.624Z,"5km ESE of Pinnacles, CA",earthquake,0.38,0.85,0.31,9,reviewed,nc,nc
2023-06-11T11:19:43.220Z,58.1921666666667,-155.276,4.53,0.87,ml,5,223,,0.05,av,av91921416,2023-06-11T15:46:56.900Z,"84 km NW of Karluk, Alaska",earthquake,0.59,0.83,0.1364184143129,5,reviewed,av,av
2023-06-11T11:16:41.420Z,58.2303333333333,-155.12,1.66,0.41,ml,5,170,,0.11,av,av91921411,2023-06-11T15:44:24.980Z,"83 km NNW of Karluk, Alaska",earthquake,0.37,1.88,0.289588561797542,5,reviewed,av,av
2023-06-11T11:06:35.640Z,19.3645,-155.411833333333,9.14,1.98,ml,48,37,,0.12,hv,hv73448717,2023-06-12T22:19:56.350Z,"19 km NNE of Pāhala, Hawaii",earthquake,0.28,0.45,0.147704033969833,11,reviewed,hv,hv
2023-06-11T10:59:05.940Z,39.3791667,-123.317,5.37,1.58,md,21,65,0.02341,0.09,nc,nc73899916,2023-06-13T04:14:12.820Z,"5km SE of Willits, CA",earthquake,0.18,0.44,0.201,24,reviewed,nc,nc
2023-06-11T10:58:32.605Z,53.9831,-166.2666,11.8,1.6,ml,,,,0.54,ak,ak0237g3d0et,2023-06-15T21:18:15.096Z,"20 km ENE of Dutch Harbor, Alaska",earthquake,,0.4,,,reviewed,ak,ak
2023-06-11T10:55:59.060Z,38.8311653,-122.8570023,2.36,0.92,md,18,95,0.003616,0.05,nc,nc73899911,2023-06-11T12:24:17.237Z,"11km NW of The Geysers, CA",earthquake,0.29,0.52,0.3,18,automatic,nc,nc
2023-06-11T10:54:52.496Z,37.0072,-117.3745,6,1.4,ml,18,158.19,0.013,0.1752,nn,nn00861114,2023-06-12T18:28:52.338Z,"55 km W of Beatty, Nevada",earthquake,,1.8,0.24,8,reviewed,nn,nn
2023-06-11T10:47:27.990Z,36.0001667,-120.5623333,3.27,1.59,md,39,46,0.02281,0.09,nc,nc73899906,2023-06-13T08:01:13.045Z,"16km NW of Parkfield, CA",earthquake,0.17,0.24,0.257,29,reviewed,nc,nc
2023-06-11T10:46:54.960Z,58.1915,-155.292333333333,2.57,0.74,ml,6,187,,0.06,av,av91921311,2023-06-11T15:31:15.320Z,"Alaska Peninsula",earthquake,0.45,0.43,0.224663654347562,6,reviewed,av,av
2023-06-11T10:41:12.310Z,33.397,-116.3795,3.33,0.89,ml,30,59,0.1318,0.23,ci,ci40483240,2023-06-11T13:46:57.360Z,"16km N of Borrego Springs, CA",earthquake,0.38,1.18,0.151,23,reviewed,ci,ci
2023-06-11T10:30:35.310Z,58.1735,-155.3415,1.96,1.49,ml,8,210,,0.17,av,av91921261,2023-06-11T15:25:17.850Z,"85 km NW of Karluk, Alaska",earthquake,0.56,0.86,0.378351145361369,8,reviewed,av,av
2023-06-11T10:30:05.140Z,40.2263333,-121.1698333,4.74,2.47,md,32,47,0.02838,0.11,nc,nc73899901,2023-06-13T05:01:09.040Z,"1km NNE of Almanor, CA",earthquake,0.22,0.39,0.183,52,reviewed,nc,nc
2023-06-11T10:26:51.330Z,37.5975,-118.7883333,4.6,0.91,md,17,187,0.03324,0.04,nc,nc73899896,2023-06-13T21:51:16.559Z,"10km WNW of Toms Place, CA",earthquake,0.53,0.34,0.104,16,reviewed,nc,nc
2023-06-11T10:26:46.890Z,34.5418333,-118.8836667,18.8,0.95,ml,20,61,0.06811,0.24,ci,ci40483232,2023-06-12T14:38:50.981Z,"16km N of Fillmore, CA",earthquake,0.45,0.72,0.068,7,reviewed,ci,ci
2023-06-11T10:23:22.538Z,-18.4677,-135.8448,10,4.8,mb,197,54,10.429,0.35,us,us7000k8zl,2023-06-18T05:24:24.040Z,"Tuamotu Archipelago, French Polynesia region",earthquake,11.4,1.845,0.041,186,reviewed,us,us
2023-06-11T10:20:33.258Z,39.6097,-119.965,6.4,0.9,ml,9,120.48,0.004,0.1045,nn,nn00861111,2023-06-12T18:13:16.685Z,"7 km S of Cold Springs, Nevada",earthquake,,1.4,0.34,4,reviewed,nn,nn
2023-06-11T10:19:13.800Z,18.0151666666667,-66.7768333333333,14.21,2.07,md,10,168,0.01479,0.08,pr,pr71413033,2023-06-11T10:39:11.710Z,"Puerto Rico region",earthquake,0.38,0.83,0.0438401996170046,5,reviewed,pr,pr
2023-06-11T10:16:18.656Z,39.6151,-119.9687,6.6,1.6,ml,24,68,0.01,0.1467,nn,nn00861109,2023-06-22T20:49:20.300Z,"7 km S of Cold Springs, Nevada",earthquake,,0.9,0.36,7,reviewed,nn,nn
2023-06-11T10:07:14.402Z,60.9943,-150.6962,48,2.2,ml,,,,0.52,ak,ak0237g3235g,2023-06-15T21:18:14.883Z,"7 km N of Point Possession, Alaska",earthquake,,0.5,,,reviewed,ak,ak
2023-06-11T09:54:44.886Z,42.5268,141.9005,121,6.2,mww,143,31,1.064,0.53,us,us7000k7su,2023-06-24T12:30:10.102Z,"20 km WSW of Biratori, Japan",earthquake,5.62,1.905,0.032,94,reviewed,us,us
2023-06-11T09:50:19.920Z,58.2413333333333,-155.052333333333,3.35,0.74,ml,9,114,,0.22,av,av91921121,2023-06-11T15:11:10.570Z,"82 km NNW of Karluk, Alaska",earthquake,0.49,1.07,0.247021228409694,9,reviewed,av,av
2023-06-11T09:49:19.053Z,38.1834,-118.156,1.7,0.8,ml,7,114.18,0.283,0.2359,nn,nn00861585,2023-06-22T20:46:01.569Z,"23 km S of Mina, Nevada",earthquake,,2.7,0.36,6,reviewed,nn,nn
2023-06-11T09:47:18.446Z,52.6373,-167.0997,14.4,2.1,ml,,,,0.59,ak,ak0237g2p94f,2023-06-15T21:18:14.703Z,"123 km ESE of Nikolski, Alaska",earthquake,,0.9,,,reviewed,ak,ak
2023-06-11T09:30:09.510Z,36.4573333333333,-89.5391666666667,8.54,1.24,md,12,89,0.06473,0.07,nm,nm60528626,2023-06-13T13:12:02.540Z,"9 km SE of Marston, Missouri",earthquake,0.48,1.01,0.126358619935812,9,reviewed,nm,nm
2023-06-11T09:29:57.490Z,36.4596666666667,-89.5415,0.91,0.83,md,8,178,0.06571,0.28,nm,nm60500838,2023-06-13T13:52:02.100Z,"southeastern Missouri",earthquake,0.74,0.51,0.0431776190977089,6,reviewed,nm,nm
2023-06-11T09:28:01.900Z,33.9615,-117.0128333,17.5,0.92,ml,30,95,0.04816,0.15,ci,ci40483216,2023-06-12T14:34:45.962Z,"5km SE of Calimesa, CA",earthquake,0.27,0.57,0.137,9,reviewed,ci,ci
2023-06-11T09:12:38.840Z,38.7785,-122.7188333,1.85,0.37,md,16,78,0.01297,0.03,nc,nc73899876,2023-06-12T18:47:45.378Z,"2km W of Anderson Springs, CA",earthquake,0.28,0.49,0.235,9,reviewed,nc,nc
2023-06-11T09:09:58.471Z,-6.6253,-11.2688,10,4.5,mb,35,66,3.33,0.36,us,us7000k90f,2023-06-24T06:24:42.040Z,"Ascension Island region",earthquake,7.57,1.863,0.105,27,reviewed,us,us
2023-06-11T09:07:38.419Z,54.1349,-165.2988,93.3,1.8,ml,,,,0.54,ak,ak0237g2gpc9,2023-06-15T22:55:50.620Z,"31 km E of Akutan, Alaska",earthquake,,0.7,,,reviewed,ak,ak
2023-06-11T09:00:44.190Z,58.1745,-155.3355,3.16,1.03,ml,4,251,,0.07,av,av91920941,2023-06-11T15:00:12.010Z,"85 km NW of Karluk, Alaska",earthquake,0.71,2.75,0.259854170595489,4,reviewed,av,av
2023-06-11T08:58:44.870Z,53.3711666666667,-168.066,-1,-0.82,ml,6,190,,0.26,av,av91920936,2023-06-11T14:57:50.160Z,"71 km NE of Nikolski, Alaska",earthquake,0.85,1.13,0.270100749304932,7,reviewed,av,av
2023-06-11T08:54:04.630Z,58.1761666666667,-155.362833333333,1.85,1.08,ml,5,258,,0.08,av,av91107253,2023-06-11T14:52:25.910Z,"86 km NW of Karluk, Alaska",earthquake,0.47,0.87,0.274194457555667,5,reviewed,av,av
2023-06-11T08:53:46.660Z,58.1758333333333,-155.365666666667,3.79,1.16,ml,7,213,,0.2,av,av91920921,2023-06-11T14:49:29.300Z,"86 km NW of Karluk, Alaska",earthquake,0.65,1.28,0.255291379788647,7,reviewed,av,av
2023-06-11T08:50:38.935Z,65.9091,-147.035,0.5,1.3,ml,,,,0.97,ak,ak0237g24hmr,2023-06-15T21:18:14.507Z,"52 km SSE of Beaver, Alaska",earthquake,,0.4,,,reviewed,ak,ak
2023-06-11T08:49:42.420Z,58.247,-155.063666666667,4.1,0.21,ml,6,160,,0.18,av,av91920901,2023-06-11T14:45:15.830Z,"83 km NNW of Karluk, Alaska",earthquake,0.5,1.07,0.225971204049805,6,reviewed,av,av
2023-06-11T08:36:54.846Z,31.61425581,-104.2095669,6.131567383,2.3,ml,31,67,0.07433679358,0.2,tx,tx2023livb,2023-06-13T16:16:28.171Z,"51 km NW of Toyah, Texas",earthquake,0.9824326612,0.9970716986,0.1,19,reviewed,tx,tx
2023-06-11T08:27:54.631Z,67.3574,-163.8347,5.5,1.7,ml,,,,0.85,ak,ak0237g1zlee,2023-06-15T22:55:50.441Z,"44 km WSW of Noatak, Alaska",earthquake,,1.5,,,reviewed,ak,ak
2023-06-11T08:27:02.410Z,58.2343333333333,-155.185166666667,4.34,0.52,ml,6,132,,0.21,av,av91920836,2023-06-11T14:38:16.560Z,"85 km NNW of Karluk, Alaska",earthquake,0.56,0.65,0.140182897398791,6,reviewed,av,av
2023-06-11T08:23:37.773Z,55.4562,-158.8013,13.2,2.5,ml,,,,0.74,ak,ak0237g1ypax,2023-06-15T21:18:14.324Z,"55 km SSE of Perryville, Alaska",earthquake,,1.3,,,reviewed,ak,ak
2023-06-11T08:22:55.660Z,33.5315,-116.6846667,9.24,1.03,ml,45,32,0.05545,0.16,ci,ci40483208,2023-06-11T13:48:00.260Z,"3km SSW of Anza, CA",earthquake,0.17,0.38,0.227,27,reviewed,ci,ci
2023-06-11T08:13:34.700Z,38.8149986,-122.8011703,4.76,0.78,md,7,167,0.008384,0.01,nc,nc73899861,2023-06-11T08:46:14.988Z,"6km NW of The Geysers, CA",earthquake,1.42,4.58,0.05,8,automatic,nc,nc
2023-06-11T08:10:23.070Z,19.1774997711182,-155.481002807617,33.9099998474121,1.94,ml,46,76,,0.109999999,hv,hv73448627,2023-06-11T08:15:53.890Z,"2 km S of Pāhala, Hawaii",earthquake,0.57,0.660000026,5.27,5,automatic,hv,hv
2023-06-11T07:59:01.323Z,65.3285,-144.7873,1.3,0.9,ml,,,,0.62,ak,ak0237g1kwm3,2023-06-17T05:03:22.793Z,"27 km S of Central, Alaska",earthquake,,0.4,,,reviewed,ak,ak
2023-06-11T07:52:49.454Z,62.8344,-150.8656,99.7,1.3,ml,,,,0.5,ak,ak0237g1jia9,2023-06-17T05:03:26.520Z,"38 km N of Petersville, Alaska",earthquake,,0.4,,,reviewed,ak,ak
2023-06-11T07:48:28.178Z,63.3765,-151.7372,7.9,1.1,ml,,,,0.76,ak,ak0237g1ils1,2023-06-17T05:03:26.313Z,"18 km S of Denali National Park, Alaska",earthquake,,0.3,,,reviewed,ak,ak
2023-06-11T07:42:36.090Z,34.4598333,-117.954,8.73,0.9,ml,18,76,0.01093,0.1,ci,ci40483200,2023-06-11T13:47:00.862Z,"7km SW of Pearblossom, CA",earthquake,0.24,0.37,0.129,19,reviewed,ci,ci
2023-06-11T07:41:05.641Z,40.1334,40.9546,10,4.3,mb,52,57,0.369,0.72,us,us7000k7sb,2023-06-14T17:58:21.886Z,"23 km NNW of Ilıca, Turkey",earthquake,5.64,1.959,0.116,21,reviewed,us,us
2023-06-11T07:39:58.146Z,68.8686,-143.6741,2.9,1.2,ml,,,,0.63,ak,ak0237g1gqnw,2023-06-17T08:11:48.899Z,"112 km NE of Arctic Village, Alaska",earthquake,,0.4,,,reviewed,ak,ak
2023-06-11T07:34:31.939Z,67.3616,-163.7397,14.1,1.6,ml,,,,0.74,ak,ak0237g1fm1l,2023-06-17T05:03:25.945Z,"40 km SW of Noatak, Alaska",earthquake,,0.4,,,reviewed,ak,ak
2023-06-11T07:33:55.908Z,51.4276,-176.0739,25.6,1.9,ml,,,,0.35,ak,ak0237g1fg6e,2023-06-17T05:03:25.753Z,"63 km SE of Adak, Alaska",earthquake,,2.7,,,reviewed,ak,ak
2023-06-11T07:29:18.370Z,58.2506666666667,-155.065166666667,4.12,0.94,ml,10,110,,0.19,av,av91920626,2023-06-11T14:28:43.610Z,"84 km NNW of Karluk, Alaska",earthquake,0.44,0.77,0.190366592646093,10,reviewed,av,av
2023-06-11T07:20:58.379Z,67.3657,-163.7815,11.9,2.7,ml,,,,0.63,ak,ak0237g1co25,2023-06-17T05:03:25.523Z,"41 km WSW of Noatak, Alaska",earthquake,,0.3,,,reviewed,ak,ak
2023-06-11T07:15:57.580Z,58.2448333333333,-155.055666666667,4.96,0.19,ml,4,164,,0.13,av,av91920571,2023-06-11T14:22:40.140Z,"83 km NNW of Karluk, Alaska",earthquake,0.48,0.8,0.285516230474392,4,reviewed,av,av
2023-06-11T07:05:15.300Z,36.0213333,-120.588,0.37,0.47,md,18,112,0.04332,0.1,nc,nc73899856,2023-06-13T23:51:31.612Z,"20km NW of Parkfield, CA",earthquake,0.22,0.54,0.392,7,reviewed,nc,nc
2023-06-11T07:04:15.330Z,53.9818,-164.1099,38.9,2.3,ml,,,,0.39,ak,ak0237g195e8,2023-06-17T05:03:22.597Z,"107 km SSW of False Pass, Alaska",earthquake,,1.5,,,reviewed,ak,ak
2023-06-11T07:00:26.025Z,63.0632,-150.8938,123.4,1.6,ml,,,,0.46,ak,ak0237g18bfx,2023-06-17T05:03:22.344Z,"63 km N of Petersville, Alaska",earthquake,,0.4,,,reviewed,ak,ak
2023-06-11T06:57:08.560Z,38.8353333,-122.789,2.15,0.22,md,11,71,0.003246,0.01,nc,nc73899851,2023-06-13T21:39:16.464Z,"6km WNW of Cobb, CA",earthquake,0.36,0.89,0.419,11,reviewed,nc,nc
2023-06-11T06:53:58.126Z,64.6891,-153.3854,6.3,1.1,ml,,,,0.79,ak,ak0237g0yb17,2023-06-17T05:03:22.146Z,"81 km SW of Tanana, Alaska",earthquake,,0.2,,,reviewed,ak,ak
2023-06-11T06:53:32.550Z,33.479,-116.5055,13.78,0.45,ml,24,93,0.08004,0.15,ci,ci40483176,2023-06-12T14:27:26.920Z,"18km ESE of Anza, CA",earthquake,0.24,0.49,0.151,9,reviewed,ci,ci
2023-06-11T06:51:48.133Z,-2.9793,136.648,50.039,5,mww,86,55,4.077,0.62,us,us7000k7s6,2023-06-11T07:08:27.040Z,"134 km ENE of Nabire, Indonesia",earthquake,7.91,6.923,0.098,10,reviewed,us,us
2023-06-11T06:39:03.293Z,64.4423,-149.3887,8.7,0.8,ml,,,,0.71,ak,ak0237g0v6ty,2023-06-17T05:03:21.945Z,"14 km NW of Anderson, Alaska",earthquake,,0.4,,,reviewed,ak,ak
2023-06-11T06:36:50.240Z,-24.1423,-67.1026,219.632,4.3,mb,18,87,1.542,0.57,us,us7000k7s0,2023-06-11T08:09:08.040Z,"80 km W of San Antonio de los Cobres, Argentina",earthquake,11.46,18.533,0.217,6,reviewed,us,us
2023-06-11T06:36:19.276Z,-5.7393,102.9267,31.384,4.8,mb,46,185,1.37,0.68,us,us7000k7s1,2023-06-11T06:54:05.040Z,"192 km S of Pagar Alam, Indonesia",earthquake,9.5,6.713,0.097,33,reviewed,us,us
2023-06-11T06:35:32.140Z,17.997,-66.8668333333333,11.42,2.04,md,9,130,0.02483,0.18,pr,pr71413013,2023-06-11T06:47:35.090Z,"Puerto Rico region",earthquake,0.54,0.72,0.134679685512216,4,reviewed,pr,pr
2023-06-11T06:33:33.520Z,37.5516667,-118.8258333,-0.44,0.85,md,13,287,0.03838,0.03,nc,nc73899846,2023-06-11T17:36:12.168Z,"13km W of Toms Place, CA",earthquake,0.97,0.57,0.205,12,reviewed,nc,nc
2023-06-11T06:31:13.275Z,51.1734,-178.1641,25.5,2.1,ml,,,,0.26,ak,ak0237g0thun,2023-06-17T05:03:25.341Z,"131 km SW of Adak, Alaska",earthquake,,1.6,,,reviewed,ak,ak
2023-06-11T06:23:39.230Z,36.747,-121.4365,11.31,0.95,md,18,113,0.01905,0.08,nc,nc73899841,2023-06-12T18:44:44.743Z,"10km SW of Ridgemark, CA",earthquake,0.46,0.3,0.257,22,reviewed,nc,nc
2023-06-11T06:17:41.800Z,37.5341667,-118.8135,-1.39,0.67,md,16,203,0.05713,0.12,nc,nc73899836,2023-06-12T18:38:14.040Z,"12km WSW of Toms Place, CA",earthquake,1.97,0.54,0.248,14,reviewed,nc,nc
2023-06-11T06:16:56.439Z,35.3695,-98.09,7.1,1.83,ml,76,54,0.07378552076,0.33,ok,ok2023liql,2023-06-12T21:34:06.232Z,"Oklahoma",earthquake,,0.5,0.18,10,reviewed,ok,ok
2023-06-11T06:15:23.840Z,58.2441666666667,-155.081,4.18,0.86,ml,8,100,,0.07,av,av91920391,2023-06-11T14:09:47.770Z,"83 km NNW of Karluk, Alaska",earthquake,0.26,0.55,0.264991924112219,8,reviewed,av,av
2023-06-11T06:12:42.190Z,37.5493333,-118.8198333,0.2,1.59,md,19,222,0.04129,0.04,nc,nc73899831,2023-06-14T03:39:14.674Z,"12km W of Toms Place, CA",earthquake,0.65,1.05,0.198,20,reviewed,nc,nc
2023-06-11T06:12:34.181Z,53.1425,-167.0325,48.7,2.3,ml,,,,0.39,ak,ak0237g0ph33,2023-06-17T05:03:21.754Z,"87 km SSW of Unalaska, Alaska",earthquake,,2,,,reviewed,ak,ak
2023-06-11T06:06:37.511Z,40.1872,-119.7829,7.5,1,ml,4,239.56,0.043,0.1506,nn,nn00861584,2023-06-22T20:24:24.060Z,"30 km E of Herlong, California",earthquake,,2.9,0,1,reviewed,nn,nn
2023-06-11T06:05:04.650Z,58.23,-155.155166666667,-1.13,0.33,ml,5,147,,0.06,av,av91920351,2023-06-11T06:14:59.030Z,"Alaska Peninsula",earthquake,0.42,4.56,0.14707396498772,6,reviewed,av,av
2023-06-11T05:49:29.590Z,19.4976666666667,-155.444166666667,1.31,1.84,md,30,111,,0.14,hv,hv73448537,2023-06-12T23:00:44.330Z,"22 km WNW of Volcano, Hawaii",earthquake,0.23,0.61,0.0784205355543912,9,reviewed,hv,hv
2023-06-11T05:44:06.600Z,51.8651666666667,-177.918166666667,6.47,1.21,ml,4,178,,0.08,av,av91920301,2023-06-11T06:00:23.390Z,"88 km W of Adak, Alaska",earthquake,0.47,1.06,0.180811528717849,4,reviewed,av,av
2023-06-11T05:41:36.959Z,52.7428,-168.1175,25.6,1.7,ml,,,,0.3,ak,ak0237g0a9an,2023-06-17T08:11:48.315Z,"54 km ESE of Nikolski, Alaska",earthquake,,1.8,,,reviewed,ak,ak
2023-06-11T05:36:35.082Z,61.5748,-151.2409,8.2,1.3,ml,,,,0.82,ak,ak0237g096hr,2023-06-17T05:03:21.363Z,"38 km W of Susitna, Alaska",earthquake,,0.3,,,reviewed,ak,ak
2023-06-11T05:32:55.130Z,44.995333333333335,-123.84566666666667,43.91,1.51,ml,22,138,0.1135,0.16,uw,uw61932046,2023-06-20T23:35:30.760Z,"3 km ESE of Rose Lodge, Oregon",earthquake,0.48,0.73,0.06437234828831773,10,reviewed,uw,uw
2023-06-11T05:30:44.274Z,60.5721,-147.6592,1.9,1.3,ml,,,,0.52,ak,ak0237g07wwz,2023-06-17T08:11:48.110Z,"59 km NNE of Chenega, Alaska",earthquake,,0.5,,,reviewed,ak,ak
2023-06-11T05:22:35.140Z,58.2543333333333,-155.151166666667,34.07,0.8,ml,8,100,,0.19,av,av91107258,2023-06-11T21:36:36.050Z,"86 km NNW of Karluk, Alaska",earthquake,0.77,1.07,0.231305601325341,8,reviewed,av,av
2023-06-11T05:10:45.150Z,36.5916667,-121.1873333,5.22,1.33,md,23,143,0.01999,0.05,nc,nc73899826,2023-06-14T08:47:19.489Z,"8km NNW of Pinnacles, CA",earthquake,0.29,0.4,0.104,17,reviewed,nc,nc
2023-06-11T05:06:02.540Z,37.4436667,-118.6881667,6.49,1.3,md,17,150,0.1841,0.06,nc,nc73899821,2023-06-12T22:04:15.545Z,"9km WNW of Round Valley, CA",earthquake,0.54,1.81,0.194,14,reviewed,nc,nc
2023-06-11T05:04:28.800Z,18.0381666666667,-66.6095,16.18,3.16,md,12,159,0.00556,0.16,pr,pr71413003,2023-06-11T11:32:11.484Z,"3 km NNE of Ponce, Puerto Rico",earthquake,0.7,0.49,0.10472074025201,11,reviewed,pr,pr
2023-06-11T05:03:39.411Z,39.6156,-119.9674,7.2,1.6,ml,24,68.07,0.01,0.1614,nn,nn00861100,2023-06-12T18:07:05.524Z,"7 km S of Cold Springs, Nevada",earthquake,,0.9,0.28,8,reviewed,nn,nn
2023-06-11T05:02:16.256Z,62.1699,-150.5532,7.1,1.3,ml,,,,0.67,ak,ak0237g01urf,2023-06-17T05:03:20.928Z,"23 km SW of Trapper Creek, Alaska",earthquake,,0.2,,,reviewed,ak,ak
2023-06-11T04:57:55.822Z,-21.1401,-68.9302,109.468,4.4,mb,37,52,0.529,0.75,us,us7000k7rm,2023-06-11T05:23:29.040Z,"70 km W of Ollagüe, Chile",earthquake,5.41,6.704,0.095,32,reviewed,us,us
2023-06-11T04:56:24.918Z,60.3903,-143.3727,0.8,1.4,ml,,,,0.87,ak,ak0237fzs0dc,2023-06-17T05:03:20.703Z,"118 km SSW of McCarthy, Alaska",earthquake,,0.3,,,reviewed,ak,ak
2023-06-11T04:47:46.501Z,55.6244,160.9293,133.075,4.2,mb,39,102,2.928,0.78,us,us7000k7rk,2023-06-11T05:13:18.040Z,"77 km S of Klyuchi, Russia",earthquake,11.24,9.576,0.067,62,reviewed,us,us
2023-06-11T04:47:06.910Z,35.36116667,-98.0925,7.42,1.33,ml,27,85,0.08188393158,0.25,ok,ok2023linm,2023-06-26T15:42:00.377Z,"14 km WSW of Union City, Oklahoma",earthquake,,0.6,0.32,4,reviewed,ok,ok
2023-06-11T04:42:02.153Z,37.7994,27.1915,10,4.1,mb,30,108,0.563,0.9,us,us7000k7rj,2023-06-11T14:57:46.554Z,"8 km SW of Kuşadası, Turkey",earthquake,4.19,1.94,0.214,6,reviewed,us,us
2023-06-11T04:34:52.210Z,36.53283333,-98.9705,7.71,1.36,ml,26,79,0.0449911712,0.1,ok,ok2023linb,2023-06-26T15:30:21.454Z,"9 km SW of Waynoka, Oklahoma",earthquake,,0.2,0.11,4,reviewed,ok,ok
2023-06-11T04:28:07.743Z,59.9982,-149.0103,18,1.5,ml,,,,0.6,ak,ak0237fzlz2e,2023-06-17T05:03:25.144Z,"25 km ESE of Lowell Point, Alaska",earthquake,,0.8,,,reviewed,ak,ak
2023-06-11T04:27:58.100Z,17.9453333333333,-66.9591666666667,15.01,1.77,md,6,217,0.0816,0.13,pr,pr71412988,2023-06-11T04:42:22.110Z,"6 km WSW of Guánica, Puerto Rico",earthquake,0.79,0.9,0.0936580472852102,4,reviewed,pr,pr
2023-06-11T04:22:48.880Z,38.8185005,-122.8190002,2.61,0.77,md,7,86,0.008515,0.01,nc,nc73899811,2023-06-11T05:52:11.930Z,"7km NW of The Geysers, CA",earthquake,0.6,1.39,0.22,10,automatic,nc,nc
2023-06-11T04:22:12.660Z,58.1871666666667,-155.275666666667,4.01,0.65,ml,4,226,,0.03,av,av91920111,2023-06-11T05:46:02.130Z,"84 km NW of Karluk, Alaska",earthquake,1.65,0.95,0.265693205477039,4,reviewed,av,av
2023-06-11T04:14:34.780Z,58.3296666666667,-154.951833333333,2.82,0.45,ml,5,186,,0.07,av,av91920101,2023-06-11T05:43:20.810Z,"89 km NNW of Karluk, Alaska",earthquake,0.53,1.26,0.156614520352606,6,reviewed,av,av
2023-06-11T04:11:45.970Z,51.5015,-178.0839,13.2,1.9,ml,,,,0.57,ak,ak0237fzieud,2023-06-17T05:03:24.945Z,"108 km WSW of Adak, Alaska",earthquake,,1.4,,,reviewed,ak,ak
2023-06-11T04:11:20.130Z,34.057,-117.2571667,15.31,1.16,ml,30,84,0.1169,0.15,ci,ci40483152,2023-06-11T13:47:14.698Z,"1km NNE of Loma Linda, CA",earthquake,0.22,0.48,0.144,32,reviewed,ci,ci
2023-06-11T04:06:13.330Z,33.1455,-116.5191667,9.34,0.9,ml,38,100,0.09202,0.17,ci,ci40483144,2023-06-12T14:19:39.865Z,"11km NE of Julian, CA",earthquake,0.23,0.62,0.136,14,reviewed,ci,ci
2023-06-11T03:56:59.210Z,-5.6977,152.0778,10,4.8,mb,31,90,6.11,1.01,us,us7000k7rd,2023-06-11T04:18:48.040Z,"151 km S of Kokopo, Papua New Guinea",earthquake,4.42,1.872,0.074,59,reviewed,us,us
2023-06-11T03:56:30.400Z,38.8411674,-122.8736649,2.22,0.33,md,10,105,0.004108,0.01,nc,nc73899806,2023-06-11T05:26:12.750Z,"12km NW of The Geysers, CA",earthquake,0.59,1.11,0.2,11,automatic,nc,nc
2023-06-11T03:54:47.690Z,19.2096666666667,-67.9695,29.15,3.32,md,12,332,1.098,0.27,pr,pr71412978,2023-06-11T04:20:30.920Z,"83 km NNE of Punta Cana, Dominican Republic",earthquake,2.04,18.18,0.108446252317686,6,reviewed,pr,pr
2023-06-11T03:51:25.473Z,63.3506,-151.8206,9,1.8,ml,,,,0.89,ak,ak0237fz5ian,2023-06-17T05:03:20.469Z,"21 km SSW of Denali National Park, Alaska",earthquake,,0.2,,,reviewed,ak,ak
2023-06-11T03:47:43.348Z,61.8834,-149.1659,35.6,1.3,ml,,,,0.74,ak,ak0237fz4ota,2023-06-17T05:03:24.733Z,"15 km NNE of Fishhook, Alaska",earthquake,,0.6,,,reviewed,ak,ak
2023-06-11T03:46:49.990Z,44.456,-115.203333333333,3.18,1.68,ml,13,82,0.6928,0.22,mb,mb90017588,2023-06-11T13:40:16.610Z,"33 km NW of Stanley, Idaho",earthquake,0.58,2.17,0.245534761410381,13,reviewed,mb,mb
2023-06-11T03:32:26.760Z,33.5236667,-116.525,12.76,0.81,ml,27,70,0.07068,0.15,ci,ci40483136,2023-06-11T13:48:05.280Z,"14km ESE of Anza, CA",earthquake,0.24,0.46,0.238,21,reviewed,ci,ci
2023-06-11T03:30:19.610Z,53.9056666666667,-166.694666666667,3.72,-0.53,ml,5,159,,0.16,av,av91920016,2023-06-11T03:49:28.380Z,"Fox Islands, Aleutian Islands, Alaska",earthquake,0.45,0.59,0.220583791088334,5,reviewed,av,av
2023-06-11T03:29:39.789Z,62.0702,-151.3993,81.8,1.3,ml,,,,0.49,ak,ak0237fz0tne,2023-06-17T05:03:24.524Z,"8 km N of Skwentna, Alaska",earthquake,,0.4,,,reviewed,ak,ak
2023-06-11T03:29:30.660Z,51.856,-177.817166666667,5.03,0.57,ml,4,245,,0.06,av,av91920011,2023-06-11T03:52:15.450Z,"81 km W of Adak, Alaska",earthquake,0.59,1.67,0.337197213406281,4,reviewed,av,av
2023-06-11T03:26:15.504Z,52.1624,-174.9314,18.621,2.9,ml,12,182,0.464,0.26,us,us7000k95l,2023-06-17T21:24:02.040Z,"50 km W of Atka, Alaska",earthquake,6.94,5.744,0.148,6,reviewed,us,us
2023-06-11T03:23:45.690Z,34.9861667,-116.9448333,6.58,1.42,ml,23,54,0.1185,0.17,ci,ci40483128,2023-06-13T18:36:18.110Z,"12km NE of Barstow, CA",earthquake,0.22,0.89,0.067,10,reviewed,ci,ci
2023-06-11T03:22:04.649Z,54.1964,-162.3602,25.8,2.2,ml,,,,0.91,ak,ak0237fyz947,2023-06-17T05:03:20.059Z,"96 km S of King Cove, Alaska",earthquake,,3.3,,,reviewed,ak,ak
2023-06-11T03:21:35.740Z,37.5345,-118.8181667,-1.42,0.96,md,13,221,0.05611,0.06,nc,nc73899801,2023-06-12T18:26:42.720Z,"13km WSW of Toms Place, CA",earthquake,1.27,0.34,0.16,12,reviewed,nc,nc
2023-06-11T03:07:34.810Z,17.9251666666667,-66.9851666666667,7.59,2.51,md,4,242,0.1124,0.04,pr,pr71413023,2023-06-11T06:50:00.720Z,"8 km SE of La Parguera, Puerto Rico",earthquake,0.91,0.3,0.0684386027036497,3,reviewed,pr,pr
2023-06-11T03:05:19.309Z,35.35983333,-98.08166667,7.96,2.1,ml,100,53,0.07738481446,0.26,ok,ok2023likc,2023-06-12T15:48:32.836Z,"13 km WSW of Union City, Oklahoma",earthquake,,0.4,0.26,26,reviewed,ok,ok
2023-06-11T02:58:01.652Z,46.2006,153.1275,10,5.2,mww,86,133,7.186,0.86,us,us7000k7qx,2023-06-11T03:27:26.040Z,"Kuril Islands",earthquake,9.58,1.885,0.098,10,reviewed,us,us
2023-06-11T02:54:43.449Z,39.6152,-119.9642,6.1,0.6,ml,7,119.88,0.008,0.1489,nn,nn00861583,2023-06-22T20:18:05.820Z,"7 km S of Cold Springs, Nevada",earthquake,,1.7,0.34,5,reviewed,nn,nn
2023-06-11T02:52:25.730Z,37.4488333,-121.781,7.44,0.96,md,28,59,0.01549,0.09,nc,nc73899796,2023-06-12T19:18:15.584Z,"10km NNE of Alum Rock, CA",earthquake,0.26,0.36,0.239,19,reviewed,nc,nc
2023-06-11T02:51:49.765Z,61.9782,-148.7977,10.2,1,ml,,,,0.82,ak,ak0237fyk4im,2023-06-17T05:03:19.855Z,"22 km N of Sutton-Alpine, Alaska",earthquake,,0.4,,,reviewed,ak,ak
2023-06-11T02:51:09.875Z,31.65777313,-104.4628387,6.645727539,1.9,ml,16,81,0.02631589463,0.1,tx,tx2023lijr,2023-06-15T20:41:48.164Z,"58 km S of Whites City, New Mexico",earthquake,1.159995811,0.709955738,0.1,6,reviewed,tx,tx
2023-06-11T02:47:31.780Z,34.92866667,-96.67383333,15.33,1.31,ml,27,92,0.278045438,0.15,ok,ok2023lijn,2023-06-26T15:15:26.923Z,"7 km N of Byng, Oklahoma",earthquake,,1.4,0.2,4,reviewed,ok,ok
2023-06-11T02:46:22.078Z,40.529,-119.2197,0,2.2,ml,8,123.35,0.531,0.2571,nn,nn00861095,2023-06-12T02:03:39.330Z,"Nevada",earthquake,,0,0.36,6,reviewed,nn,nn
2023-06-11T02:45:32.574Z,64.2008,-150.0509,4.4,1,ml,,,,0.81,ak,ak0237fyisy1,2023-06-17T05:03:24.319Z,"42 km W of Clear, Alaska",earthquake,,0.5,,,reviewed,ak,ak
2023-06-11T02:43:31.900Z,36.0118333,-120.5863333,4.94,0.03,md,16,100,0.03537,0.09,nc,nc73899791,2023-06-14T00:39:13.579Z,"19km NW of Parkfield, CA",earthquake,0.35,0.71,0.082,4,reviewed,nc,nc
2023-06-11T02:42:53.759Z,35.37033333,-98.07416667,12.83,1.29,ml,20,81,0.06478728652,0.21,ok,ok2023lijj,2023-06-26T15:03:09.333Z,"12 km W of Union City, Oklahoma",earthquake,,1,0.14,3,reviewed,ok,ok
2023-06-11T02:41:50.230Z,58.1905,-155.2645,4.42,1.48,ml,9,179,,0.08,av,av91919911,2023-06-17T08:11:37.102Z,"84 km NW of Karluk, Alaska",earthquake,0.4,0.63,0.533162311888638,9,reviewed,av,av
2023-06-11T02:38:25.290Z,33.604,-116.628,13.45,1.12,ml,36,45,0.02733,0.15,ci,ci40483112,2023-06-11T13:48:08.490Z,"7km NE of Anza, CA",earthquake,0.2,0.33,0.186,26,reviewed,ci,ci
2023-06-11T02:32:17.460Z,63.3014,-150.1256,93.7,1.1,ml,,,,0.66,ak,ak0237fyfzgy,2023-06-17T05:03:24.131Z,"59 km W of Cantwell, Alaska",earthquake,,0.4,,,reviewed,ak,ak
2023-06-11T02:14:03.957Z,51.8238,177.6707,10,2.6,ml,8,321,0.536,0.33,us,us7000k95p,2023-06-17T21:19:58.040Z,"Rat Islands, Aleutian Islands, Alaska",earthquake,3.02,1.918,0.181,4,reviewed,us,us
2023-06-11T02:13:30.160Z,41.5108333,-112.1691667,2.33,0.71,md,15,64,0.09989,0.09,uu,uu60541951,2023-06-14T20:55:28.630Z,"Utah",earthquake,0.25,2.63,0.078,8,reviewed,uu,uu
2023-06-11T02:11:53.520Z,17.9503333333333,-66.8465,13.55,2.51,md,7,208,0.03971,0.08,pr,pr71412968,2023-06-11T02:21:26.930Z,"5 km SE of Maria Antonia, Puerto Rico",earthquake,0.8,0.38,0.18110208788608,4,reviewed,pr,pr
2023-06-11T02:11:27.150Z,58.1768333333333,-155.311833333333,2.55,0.26,ml,4,243,,0.07,av,av91919891,2023-06-11T02:48:44.110Z,"84 km NW of Karluk, Alaska",earthquake,0.75,0.57,0.193636606393033,4,reviewed,av,av
2023-06-11T02:10:00.535Z,61.3884,-151.8067,85,2.3,ml,,,,0.62,ak,ak0237fyb8dm,2023-06-17T05:03:19.346Z,"47 km NW of Beluga, Alaska",earthquake,,0.3,,,reviewed,ak,ak
2023-06-11T02:04:56.461Z,54.3576,-163.8671,70.9,1.9,ml,,,,0.39,ak,ak0237fya2fi,2023-06-17T05:03:23.759Z,"62 km SSW of False Pass, Alaska",earthquake,,1.7,,,reviewed,ak,ak
2023-06-11T01:54:37.300Z,33.3565,-116.3656667,12.37,0.69,ml,22,155,0.02972,0.17,ci,ci40483096,2023-06-12T14:12:21.343Z,"11km N of Borrego Springs, CA",earthquake,0.41,0.71,0.106,10,reviewed,ci,ci
2023-06-11T01:51:42.263Z,53.9106,-166.1715,10,2.5,ml,10,181,0.264,0.68,us,us7000k95j,2023-06-17T21:02:14.040Z,"24 km E of Unalaska, Alaska",earthquake,2.31,1.955,0.115,10,reviewed,us,us
2023-06-11T01:42:28.775Z,-0.0167,123.0862,150.802,4.8,mb,59,52,1.066,1.03,us,us7000k7qq,2023-06-11T02:00:22.040Z,"61 km S of Gorontalo, Indonesia",earthquake,5.55,5.511,0.065,75,reviewed,us,us
2023-06-11T01:41:36.998Z,63.5043,-147.701,5.1,0.9,ml,,,,0.74,ak,ak0237fxwiut,2023-06-17T05:03:18.957Z,"63 km E of Cantwell, Alaska",earthquake,,0.5,,,reviewed,ak,ak
2023-06-11T01:35:25.880Z,34.196,-117.4928333,8.99,0.6,ml,21,79,0.01299,0.21,ci,ci40483088,2023-06-11T18:11:44.359Z,"7km S of Lytle Creek, CA",earthquake,0.37,0.47,0.176,4,reviewed,ci,ci
2023-06-11T01:34:41.202Z,12.4968,-88.8822,46.004,4.4,mb,30,194,1.21,0.82,us,us7000k7qj,2023-06-11T02:18:10.040Z,"94 km SSW of Puerto El Triunfo, El Salvador",earthquake,10.38,11.706,0.057,87,reviewed,us,us
2023-06-11T01:31:16.179Z,51.5116,-176.1996,39.7,2,ml,,,,0.31,ak,ak0237fxuc2g,2023-06-17T05:03:18.766Z,"50 km SE of Adak, Alaska",earthquake,,1.4,,,reviewed,ak,ak
2023-06-11T01:25:02.220Z,36.7675,-121.4125,12.4,1.26,md,30,82,0.02809,0.14,nc,nc73899786,2023-06-13T23:45:16.269Z,"6km SW of Ridgemark, CA",earthquake,0.31,0.49,0.268,27,reviewed,nc,nc
2023-06-11T01:22:27.760Z,35.796,-117.6033333,9.25,0.87,ml,16,115,0.02026,0.18,ci,ci40483072,2023-06-12T14:08:57.668Z,"18km W of Searles Valley, CA",earthquake,0.34,0.59,0.182,7,reviewed,ci,ci
2023-06-11T01:22:19.450Z,38.8409996,-122.8273315,1.56,0.4,md,7,123,0.006809,0.01,nc,nc73899781,2023-06-11T01:57:13.526Z,"9km WNW of Cobb, CA",earthquake,0.42,0.93,0.29,8,automatic,nc,nc
2023-06-11T01:18:50.811Z,63.2628,-151.7324,2.6,0.9,ml,,,,0.81,ak,ak0237fxrmfw,2023-06-17T05:03:18.566Z,"30 km S of Denali National Park, Alaska",earthquake,,0.2,,,reviewed,ak,ak
2023-06-11T01:11:56.220Z,37.4423333,-121.7798333,7.27,1.68,md,41,54,0.0182,0.09,nc,nc73899776,2023-06-13T21:27:16.385Z,"10km NNE of Alum Rock, CA",earthquake,0.18,0.41,0.204,33,reviewed,nc,nc
2023-06-11T01:02:29.496Z,62.2695,-150.9168,71.4,1.4,ml,,,,0.44,ak,ak0237fxo4oh,2023-06-17T05:03:18.332Z,"26 km SSW of Petersville, Alaska",earthquake,,0.4,,,reviewed,ak,ak
2023-06-11T00:57:14.762Z,-23.2764,170.864,10,4.5,mb,16,176,3.219,0.74,us,us7000k8z2,2023-06-25T23:37:32.040Z,"southeast of the Loyalty Islands",earthquake,6.76,1.913,0.181,9,reviewed,us,us
2023-06-11T00:56:55.100Z,33.6278333,-116.679,14.07,0.35,ml,13,96,0.04119,0.11,ci,ci40483064,2023-06-11T17:58:28.026Z,"8km N of Anza, CA",earthquake,0.32,0.57,0.081,5,reviewed,ci,ci
2023-06-11T00:56:45.160Z,33.6376667,-116.681,14.16,0.32,ml,19,74,0.03173,0.13,ci,ci37548468,2023-06-11T18:05:03.083Z,"9km N of Anza, CA",earthquake,0.33,0.51,0.084,6,reviewed,ci,ci
2023-06-11T00:52:31.502Z,61.6061,-149.961,40.4,1.7,ml,,,,0.66,ak,ak0237fxdfm6,2023-06-17T05:03:18.073Z,"8 km WSW of Houston, Alaska",earthquake,,0.4,,,reviewed,ak,ak
2023-06-11T00:49:07.469Z,60.5333,-141.4796,10,1.3,ml,,,,0.8,ak,ak0237fxcqm2,2023-06-17T08:11:48.498Z,"127 km SE of McCarthy, Alaska",earthquake,,0.2,,,reviewed,ak,ak
2023-06-11T00:46:52.520Z,38.8398333,-122.8238333,2.1,1.27,md,44,66,0.009186,0.05,nc,nc73899771,2023-06-13T20:59:19.204Z,"9km WNW of Cobb, CA",earthquake,0.15,0.22,0.14,34,reviewed,nc,nc
2023-06-11T00:46:33.820Z,17.9986666666667,-66.6775,9.81,2.15,md,7,207,0.08078,0.07,pr,pr71412958,2023-06-11T01:03:30.930Z,"4 km E of Tallaboa, Puerto Rico",earthquake,0.42,1.16,0.0451248180802135,4,reviewed,pr,pr
2023-06-11T00:45:01.710Z,36.7658333,-121.4165,12.69,1.02,md,15,101,0.02473,0.09,nc,nc73899766,2023-06-13T17:56:13.896Z,"7km SW of Ridgemark, CA",earthquake,0.41,0.66,0.205,11,reviewed,nc,nc
2023-06-11T00:39:31.890Z,38.8300018,-122.8574982,2.18,0.94,md,16,97,0.002501,0.02,nc,nc73899761,2023-06-11T01:12:15.242Z,"10km NW of The Geysers, CA",earthquake,0.27,0.5,0.17,18,automatic,nc,nc
2023-06-11T00:38:52.390Z,-26.3246,28.1419,10,4.9,mb,87,39,2.641,0.49,us,us7000k7q8,2023-06-24T04:28:43.722Z,"",earthquake,8.03,1.788,0.066,73,reviewed,us,us
2023-06-11T00:35:37.576Z,66.0238,-143.3853,11.8,1.2,ml,,,,0.86,ak,ak0237fx9svz,2023-06-17T05:03:17.893Z,"37 km NE of Circle, Alaska",earthquake,,0.6,,,reviewed,ak,ak
2023-06-11T00:31:41.170Z,38.8185005,-122.8201675,2.38,1.07,md,19,56,0.009277,0.05,nc,nc73899756,2023-06-11T01:00:13.159Z,"7km NW of The Geysers, CA",earthquake,0.24,0.56,0.16,20,automatic,nc,nc
2023-06-11T00:31:03.530Z,38.8158333,-122.8198333,2.7,1.78,md,57,45,0.01008,0.07,nc,nc73899751,2023-06-13T20:33:16.052Z,"7km NW of The Geysers, CA",earthquake,0.14,0.24,0.168,52,reviewed,nc,nc
2023-06-11T00:30:15.000Z,35.36566667,-98.08633333,7.76,1.97,ml,65,84,0.07468534419,0.24,ok,ok2023liez,2023-06-12T21:13:49.890Z,"13 km WSW of Union City, Oklahoma",earthquake,,0.4,0.15,9,reviewed,ok,ok
2023-06-11T00:28:07.720Z,18.995,-66.4785,15.25,3.41,md,9,279,0.5174,0.44,pr,pr71412948,2023-06-11T00:48:37.410Z,"59 km N of Tierras Nuevas Poniente, Puerto Rico",earthquake,1.95,2.81,0.0806562745103576,4,reviewed,pr,pr
2023-06-11T00:25:05.227Z,51.8683,178.269,123.48,4.2,ml,26,156,0.17,0.34,us,us7000k7q5,2023-06-17T08:11:47.857Z,"",earthquake,8.19,5.8,0.081,28,reviewed,us,us
2023-06-11T00:21:08.866Z,52.1845,-178.4451,125.096,3.8,mb,43,121,0.336,0.45,us,us7000k8z0,2023-06-25T23:10:03.040Z,"Andreanof Islands, Aleutian Islands, Alaska",earthquake,9.81,7.353,0.09,32,reviewed,us,us
2023-06-11T00:20:22.830Z,37.4511667,-118.6528333,-1.01,1.14,md,18,97,0.1211,0.04,nc,nc73899746,2023-06-12T20:41:19.072Z,"6km NW of Round Valley, CA",earthquake,0.3,4.91,0.212,16,reviewed,nc,nc
2023-06-11T00:17:19.289Z,59.8499,-152.5735,85.8,1.3,ml,,,,0.43,ak,ak0237fx5wns,2023-06-17T05:03:23.362Z,"42 km W of Anchor Point, Alaska",earthquake,,0.2,,,reviewed,ak,ak
2023-06-11T00:14:09.643Z,52.8325,-167.6884,46.2,1.7,ml,,,,0.47,ak,ak0237fx58ro,2023-06-17T05:03:23.184Z,"79 km E of Nikolski, Alaska",earthquake,,3.9,,,reviewed,ak,ak
2023-06-11T00:10:50.168Z,65.899,-166.4627,6.9,2.5,ml,,,,0.39,ak,ak0237fx4h14,2023-06-27T05:12:19.040Z,"43 km SSW of Shishmaref, Alaska",earthquake,,0.3,,,reviewed,ak,ak
2023-06-11T00:09:30.769Z,35.406,-98.07816667,15.37,1.13,ml,19,77,0.04409134777,0.36,ok,ok2023lieh,2023-06-26T14:49:27.525Z,"12 km W of Union City, Oklahoma",earthquake,,1.7,0.2,3,reviewed,ok,ok
2023-06-11T00:08:44.098Z,31.19845432,-103.7401948,0.2187255859,2,ml,16,87,0.01585293171,0.2,tx,tx2023lieh,2023-06-13T16:30:43.308Z,"13 km SSE of Toyah, Texas",earthquake,0.9827078113,1.051017349,0.2,10,reviewed,tx,tx
2023-06-10T23:58:08.970Z,58.228,-155.113166666667,5.49,-0.25,ml,5,118,,0.06,av,av91919756,2023-06-11T00:41:40.860Z,"",earthquake,0.43,1.44,0.270858260367519,6,reviewed,av,av
2023-06-10T23:51:45.949Z,10.0493,-79.5157,10,4.2,mb,11,136,3.324,0.17,us,us7000k8y8,2023-06-16T20:46:22.040Z,"51 km N of Nombre de Dios, Panama",earthquake,10.1,1.985,0.372,2,reviewed,us,us
2023-06-10T23:51:17.877Z,51.4883,-166.8383,10,2.6,ml,10,297,1.936,0.56,us,us7000k8ti,2023-06-16T20:51:39.040Z,"",earthquake,8.01,2.027,0.115,10,reviewed,us,us
2023-06-10T23:50:39.430Z,33.631,-116.6801667,13.49,0.71,ml,20,71,0.03817,0.09,ci,ci40483016,2023-06-13T02:02:26.929Z,"8km N of Anza, CA",earthquake,0.18,0.41,0.148,13,reviewed,ci,ci
2023-06-10T23:47:13.517Z,51.2327,-177.6732,35,3,ml,15,231,0.542,0.39,us,us7000k8tb,2023-06-23T04:51:44.040Z,"101 km SW of Adak, Alaska",earthquake,2.96,2.011,0.115,18,reviewed,us,us
2023-06-10T23:44:32.839Z,58.1262,-153.699,59.6,3.3,ml,,,,0.85,ak,ak0237enhcfd,2023-06-16T21:04:13.040Z,"",earthquake,,0.4,,,reviewed,ak,ak
2023-06-10T23:44:28.220Z,37.4445,-118.6636667,3.73,0.84,md,12,131,0.1213,0.09,nc,nc73899736,2023-06-12T18:34:14.334Z,"7km WNW of Round Valley, CA",earthquake,0.53,2.83,0.163,12,reviewed,nc,nc
2023-06-10T23:35:03.073Z,61.2073,-147.0915,13,1.3,ml,,,,0.79,ak,ak0237enfcov,2023-06-16T02:15:06.142Z,"40 km WNW of Valdez, Alaska",earthquake,,0.5,,,reviewed,ak,ak
2023-06-10T23:32:58.909Z,-6.6353,129.8513,153.319,4.5,mb,43,47,2.1,0.47,us,us7000k7pz,2023-06-24T02:25:00.040Z,"Banda Sea",earthquake,7.03,5.693,0.104,27,reviewed,us,us
2023-06-10T23:29:53.510Z,37.509,-121.6216667,6.06,0.79,md,13,106,0.04007,0.05,nc,nc73899731,2023-06-12T18:22:15.272Z,"23km SE of Livermore, CA",earthquake,0.29,0.68,0.252,13,reviewed,nc,nc
2023-06-10T23:28:27.140Z,47.616,-123.87466666666667,-0.5,1.61,ml,15,97,0.1111,0.32,uw,uw61931991,2023-06-20T23:52:01.430Z,"17 km N of Amanda Park, Washington",earthquake,0.59,1.32,0.2832959990006261,9,reviewed,uw,uw
2023-06-10T23:25:00.160Z,58.1658333333333,-155.401666666667,4.22,0.41,ml,9,223,,0.09,av,av91919726,2023-06-11T00:53:06.980Z,"87 km NW of Karluk, Alaska",earthquake,0.58,1.67,0.28536514851135,11,reviewed,av,av
2023-06-10T23:24:57.285Z,60.8201,-151.583,70.8,2.4,ml,,,,0.78,ak,ak0237end3zo,2023-06-17T01:39:01.040Z,"21 km NW of Nikiski, Alaska",earthquake,,0.3,,,reviewed,ak,ak
2023-06-10T23:23:23.977Z,10.5161,126.3657,35,4.6,mb,36,98,3.512,0.95,us,us7000k8y6,2023-06-17T04:06:49.040Z,"",earthquake,6.12,1.917,0.109,25,reviewed,us,us
2023-06-10T23:21:52.829Z,35.36766667,-98.08183333,7.09,1.68,ml,61,54,0.07108605049,0.28,ok,ok2023lict,2023-06-12T20:32:50.154Z,"13 km WSW of Union City, Oklahoma",earthquake,,0.5,0.19,8,reviewed,ok,ok
2023-06-10T23:18:41.646Z,-5.8975,151.8312,10,4.6,mb,42,69,1.727,0.62,us,us7000k8y5,2023-06-24T02:27:06.040Z,"178 km SSW of Kokopo, Papua New Guinea",earthquake,5.22,1.71,0.088,38,reviewed,us,us
2023-06-10T23:10:54.000Z,44.989,-111.954166666667,4.84,1.08,ml,13,83,0.2519,0.09,mb,mb90017578,2023-06-11T13:53:10.260Z,"Idaho-Montana border region",earthquake,0.3,6.54,0.21571673114303,11,reviewed,mb,mb
2023-06-10T23:09:08.933Z,51.4915,-176.4114,35,2.5,ml,15,212,0.371,0.47,us,us7000k8t9,2023-06-17T04:44:49.040Z,"45 km SSE of Adak, Alaska",earthquake,2.21,1.993,0.128,12,reviewed,us,us
2023-06-10T23:07:34.890Z,10.5619,126.285,35,4.4,mb,32,94,3.539,0.69,us,us7000k8y2,2023-06-17T04:58:53.040Z,"65 km SE of Sulangan, Philippines",earthquake,8.74,1.924,0.12,20,reviewed,us,us
2023-06-10T23:02:07.050Z,36.5963333,-120.8191667,-0.5,1.76,md,38,150,0.08488,0.21,nc,nc73899726,2023-06-14T22:48:15.477Z,"24km NNW of New Idria, CA",earthquake,0.6,2.14,0.217,29,reviewed,nc,nc
2023-06-10T22:55:48.430Z,38.7796669,-122.7695007,5.4,0.79,md,5,153,0.009402,0.03,nc,nc73899716,2023-06-10T23:45:13.665Z,"1km WNW of The Geysers, CA",earthquake,3.47,5.84,0.08,8,automatic,nc,nc
2023-06-10T22:54:12.861Z,50.3347,-179.3965,10,2.8,ml,14,272,1.275,1.03,us,us7000k8th,2023-06-17T05:03:53.040Z,"Andreanof Islands, Aleutian Islands, Alaska",earthquake,3.02,2.021,0.105,14,reviewed,us,us
2023-06-10T22:44:42.063Z,60.2626,-149.876,27.3,1.6,ml,,,,0.59,ak,ak0237emvxid,2023-06-15T22:53:29.694Z,"25 km S of Cooper Landing, Alaska",earthquake,,0.5,,,reviewed,ak,ak
2023-06-10T22:44:17.602Z,62.0206,-147.7151,17.5,1.1,ml,,,,0.71,ak,ak0237emvvlj,2023-06-15T22:53:29.921Z,"23 km N of Glacier View, Alaska",earthquake,,0.6,,,reviewed,ak,ak
2023-06-10T22:42:54.661Z,-23.5672,-178.6414,10,4.5,mb,11,147,6.536,0.66,us,us7000k8y7,2023-06-23T04:40:33.040Z,"",earthquake,15.43,1.984,0.192,8,reviewed,us,us
2023-06-10T22:41:29.467Z,4.0073,122.9354,10,4.4,mb,13,90,29.527,0.79,us,us7000k8y1,2023-06-17T05:25:56.040Z,"251 km SSE of Tabiauan, Philippines",earthquake,12.66,1.796,0.189,8,reviewed,us,us
2023-06-10T22:39:57.630Z,46.28333333333333,-122.0755,1.97,0.4,ml,9,162,0.1009,0.1,uw,uw61931976,2023-06-21T00:17:28.370Z,"34 km SSE of Morton, Washington",earthquake,0.39,1.17,0.08045437160810534,7,reviewed,uw,uw
2023-06-10T22:36:39.762Z,52.3732,-169.189,8.2,1.8,ml,,,,0.43,ak,ak0237emu7ns,2023-06-15T22:53:36.149Z,"66 km SSW of Nikolski, Alaska",earthquake,,2.3,,,reviewed,ak,ak
2023-06-10T22:33:08.600Z,58.168,-155.367166666667,2.3,0.73,ml,7,262,,0.07,av,av91919686,2023-06-15T22:52:30.250Z,"85 km NW of Karluk, Alaska",earthquake,0.43,0.4,0.339885857755079,7,reviewed,av,av
2023-06-10T22:32:09.710Z,18.8983,-68.5478,27,3.69,md,15,159,0.4189,0.64,pr,pr2023161001,2023-06-10T23:11:12.040Z,"30 km NNE of Otra Banda, Dominican Republic",earthquake,2.08,8.99,0.12,8,reviewed,pr,pr
2023-06-10T22:28:36.050Z,33.4375,-117.0513333,11.58,0.75,ml,27,66,0.051,0.15,ci,ci40482992,2023-06-13T01:36:15.206Z,"8km NNE of Pala, CA",earthquake,0.23,0.49,0.257,9,reviewed,ci,ci
2023-06-10T22:27:27.971Z,61.102,-150.8766,59.6,1.3,ml,,,,0.37,ak,ak0237ems9b1,2023-06-15T22:53:35.946Z,"11 km ESE of Beluga, Alaska",earthquake,,0.9,,,reviewed,ak,ak
2023-06-10T22:21:44.938Z,-23.5551,-179.8963,519.769,4.5,mb,60,96,4.95,0.49,us,us7000k7pp,2023-06-23T05:01:51.040Z,"",earthquake,12.42,7.973,0.04,187,reviewed,us,us
2023-06-10T22:17:07.448Z,-60.6035,159.5042,10,4.7,mb,21,150,15.829,0.49,us,us7000k8y0,2023-06-24T03:58:17.040Z,"Macquarie Island region",earthquake,14.05,1.865,0.142,15,reviewed,us,us
2023-06-10T22:15:18.300Z,35.34833333,-98.05216667,7,0.98,ml,22,82,0.07828463788,0.39,ok,ok2023liao,2023-06-26T14:38:16.091Z,"10 km WNW of Minco, Oklahoma",earthquake,,1,0.31,3,reviewed,ok,ok
2023-06-10T22:05:17.356Z,63.0059,-151.0639,107.1,1.2,ml,,,,0.44,ak,ak0237emniqf,2023-06-15T22:53:35.746Z,"58 km NNW of Petersville, Alaska",earthquake,,0.9,,,reviewed,ak,ak
2023-06-10T22:04:23.470Z,58.1833333333333,-155.323666666667,2.14,0.2,ml,5,243,,0.08,av,av91919671,2023-06-11T23:10:25.450Z,"85 km NW of Karluk, Alaska",earthquake,0.73,0.68,0.29566058156411,5,reviewed,av,av
2023-06-10T22:01:14.820Z,35.36816667,-98.08116667,7.11,1.73,ml,55,99,0.07018622707,0.31,ok,ok2023liab,2023-06-12T20:15:21.023Z,"12 km WSW of Union City, Oklahoma",earthquake,,0.5,0.18,7,reviewed,ok,ok
2023-06-10T21:55:37.010Z,38.8416667,-122.8236667,2.03,1.27,md,43,67,0.009729,0.05,nc,nc73899706,2023-06-13T18:26:15.105Z,"9km WNW of Cobb, CA",earthquake,0.15,0.25,0.129,35,reviewed,nc,nc
2023-06-10T21:48:04.890Z,58.2471666666667,-155.151333333333,3.09,-0.14,ml,5,141,,0.05,av,av91919661,2023-06-11T23:05:03.660Z,"86 km NNW of Karluk, Alaska",earthquake,0.29,0.65,0.148605609062527,5,reviewed,av,av
2023-06-10T21:47:16.430Z,19.2603340148926,-155.393325805664,32.1300010681152,2.17,ml,45,128,,0.140000001,hv,hv73448332,2023-06-10T21:52:48.690Z,"10 km NE of Pāhala, Hawaii",earthquake,0.5,0.670000017,0.51,5,automatic,hv,hv
2023-06-10T21:43:10.420Z,53.9178333333333,-166.6945,1.69,-0.5,ml,4,163,,0.19,av,av91919656,2023-06-11T23:02:30.420Z,"10 km WNW of Dutch Harbor, Alaska",earthquake,1.17,2.93,0.240393842218937,4,reviewed,av,av
2023-06-10T21:37:45.730Z,58.1763333333333,-155.3635,3.49,0.54,ml,10,212,,0.19,av,av91919651,2023-06-10T23:19:19.680Z,"",earthquake,0.68,1.66,0.26799874350545,10,reviewed,av,av
2023-06-10T21:36:04.935Z,65.4279,-144.7697,0,1.6,ml,,,,0.89,ak,ak0237em8pe0,2023-06-15T22:53:29.496Z,"16 km S of Central, Alaska",earthquake,,0.3,,,reviewed,ak,ak
2023-06-10T21:31:53.820Z,36.5421667,-121.1321667,2.97,1.77,md,29,110,0.01467,0.1,nc,nc73899696,2023-06-14T06:18:14.597Z,"2km NE of Pinnacles, CA",earthquake,0.25,0.42,0.111,24,reviewed,nc,nc
2023-06-10T21:29:57.165Z,65.0333,-147.0881,0,0.8,ml,,,,0.24,ak,ak0237em7be8,2023-06-16T02:15:05.952Z,"",explosion,,0,,,reviewed,ak,ak
2023-06-10T21:24:02.704Z,54.3756,-159.9295,10,3,ml,22,244,1.026,0.38,us,us7000k8tg,2023-06-19T01:32:50.040Z,"113 km SSE of Sand Point, Alaska",earthquake,3.06,2.015,0.115,10,reviewed,us,us
2023-06-10T21:20:04.670Z,36.5346667,-121.1455,2.48,2.92,md,64,75,,0.13,nc,nc73899691,2023-06-13T03:04:15.242Z,"0km NNW of Pinnacles, CA",earthquake,0.17,0.26,0.156,74,reviewed,nc,nc
2023-06-10T21:13:39.057Z,59.9126,-151.8173,59.1,3.1,ml,,,,0.81,ak,ak0237em3ui7,2023-06-24T02:17:28.040Z,"6 km SW of Happy Valley, Alaska",earthquake,,0.2,,,reviewed,ak,ak
2023-06-10T21:13:04.280Z,54.1441666666667,-165.9765,2.11,-1.11,ml,8,74,,0.1,av,av91107388,2023-06-14T18:54:13.180Z,"Fox Islands, Aleutian Islands, Alaska",earthquake,0.19,0.36,0.154741648244828,8,reviewed,av,av
2023-06-10T21:06:43.743Z,-19.3866,169.2852,131.691,4.3,mb,14,155,3.641,0.45,us,us7000k8xx,2023-06-24T03:56:45.040Z,"17 km N of Isangel, Vanuatu",earthquake,9.71,8.102,0.217,6,reviewed,us,us
2023-06-10T21:04:09.100Z,58.1765,-155.372166666667,1.51,0.37,ml,7,259,,0.07,av,av91919616,2023-06-14T18:33:01.480Z,"86 km NW of Karluk, Alaska",earthquake,0.48,0.82,0.255363599295929,7,reviewed,av,av
2023-06-10T21:04:00.627Z,63.1287,-149.8146,87.3,1.1,ml,,,,0.49,ak,ak0237em1u4e,2023-06-15T22:53:35.340Z,"52 km SW of Cantwell, Alaska",earthquake,,0.3,,,reviewed,ak,ak
2023-06-10T20:59:27.694Z,61.1937,-146.904,0,1.5,ml,,,,0.79,ak,ak0237els9xz,2023-06-16T02:15:05.388Z,"30 km WNW of Valdez, Alaska",ice quake,,0,,,reviewed,ak,ak
2023-06-10T20:59:16.160Z,36.4716667,-121.0536667,6.63,1.32,md,13,77,0.01672,0.08,nc,nc73899686,2023-06-13T02:08:14.938Z,"10km SE of Pinnacles, CA",earthquake,0.44,0.66,0.134,13,reviewed,nc,nc
2023-06-10T20:58:12.349Z,59.825,-153.1364,100.2,1.6,ml,,,,0.63,ak,ak0237els03h,2023-06-15T22:53:28.568Z,"54 km E of Pedro Bay, Alaska",earthquake,,0.1,,,reviewed,ak,ak
2023-06-10T20:55:02.690Z,35.352,-98.05966667,7.44,0.77,ml,19,82,0.07648499104,0.19,ok,ok2023lhxx,2023-06-26T14:25:07.954Z,"Oklahoma",earthquake,,0.5,0.37,3,reviewed,ok,ok
2023-06-10T20:51:41.646Z,60.9775,-151.2018,78.2,1.2,ml,,,,0.43,ak,ak0237elqkc4,2023-06-15T22:53:35.149Z,"10 km SSW of Tyonek, Alaska",earthquake,,0.3,,,reviewed,ak,ak
2023-06-10T20:45:11.550Z,58.2691666666667,-154.946333333333,3.2,-0.18,ml,8,145,,0.2,av,av91919606,2023-06-14T18:30:59.730Z,"83 km NNW of Karluk, Alaska",earthquake,0.44,1.45,0.124194869768734,2,reviewed,av,av
2023-06-10T20:41:35.670Z,45.4453333333333,-111.807,4.9,0.3,ml,5,179,0.1963,0.07,mb,mb90017763,2023-06-12T19:38:50.140Z,"12 km NNW of Ennis, Montana",earthquake,0.61,6.47,0.200820115443989,3,reviewed,mb,mb
2023-06-10T20:40:53.230Z,38.8098335,-122.824501,1.81,0.96,md,11,61,0.003779,0.02,nc,nc73899681,2023-06-10T23:10:13.452Z,"7km WNW of The Geysers, CA",earthquake,0.32,0.59,0.21,13,automatic,nc,nc
2023-06-10T20:40:10.150Z,67.396,-163.8466,10.8,2.2,ml,,,,0.7,ak,ak0237elo513,2023-06-15T22:53:34.957Z,"42 km WSW of Noatak, Alaska",earthquake,,0.1,,,reviewed,ak,ak
2023-06-10T20:39:31.880Z,38.7886658,-122.7448349,1.35,1.06,md,14,86,0.00834,0.05,nc,nc73899671,2023-06-10T22:44:11.305Z,"2km NE of The Geysers, CA",earthquake,0.29,0.62,0.2,14,automatic,nc,nc
2023-06-10T20:39:21.230Z,38.7931667,-122.7778333,3.78,0.86,md,30,78,0.007881,0.05,nc,nc73899666,2023-06-13T07:08:13.819Z,"3km NW of The Geysers, CA",earthquake,0.26,0.59,0.314,21,reviewed,nc,nc
2023-06-10T20:38:45.315Z,36.6528,-116.2691,7.6,-0.4,ml,5,288.67,0.081,0.0269,nn,nn00861093,2023-06-10T21:00:12.541Z,"52 km ESE of Beatty, Nevada",earthquake,,4.6,0.02,2,reviewed,nn,nn
2023-06-10T20:36:54.436Z,30.85546504,-103.472982,2.918066406,2,ml,14,71,0.1428313333,0.3,tx,tx2023lhxh,2023-06-13T16:42:02.367Z,"29 km ESE of Balmorhea, Texas",earthquake,1.364833927,2.28912635,0.2,8,reviewed,tx,tx
2023-06-10T20:36:45.453Z,51.8871,177.6533,10,2.7,ml,9,325,0.54,0.4,us,us7000k8te,2023-06-17T00:41:01.040Z,"Rat Islands, Aleutian Islands, Alaska",earthquake,5.46,1.973,0.128,8,reviewed,us,us
2023-06-10T20:29:38.127Z,66.0096,-143.5721,7.2,1.6,ml,,,,0.62,ak,ak0237ellu9r,2023-06-15T22:53:28.372Z,"30 km NE of Circle, Alaska",earthquake,,0.2,,,reviewed,ak,ak
2023-06-10T20:28:23.230Z,58.1663333333333,-155.378333333333,2.3,0.08,ml,6,266,,0.1,av,av91919596,2023-06-14T18:26:19.120Z,"86 km NW of Karluk, Alaska",earthquake,0.54,0.52,0.212396934270973,6,reviewed,av,av
2023-06-10T20:26:04.201Z,10.5721,126.1978,51.685,4.5,mb,34,132,21.941,0.46,us,us7000k7pd,2023-06-10T20:55:46.040Z,"57 km SE of Sulangan, Philippines",earthquake,13.11,4.443,0.113,25,reviewed,us,us
2023-06-10T20:16:50.064Z,-10.2452,161.4585,84.094,4.3,mb,24,105,1.691,0.67,us,us7000k8xv,2023-06-17T00:38:21.040Z,"55 km WNW of Kirakira, Solomon Islands",earthquake,9.57,5.594,0.137,15,reviewed,us,us
2023-06-10T20:14:54.071Z,59.4354,-136.7478,1.7,1.4,ml,,,,0.39,ak,ak0237elins3,2023-06-16T02:15:07.531Z,"38 km WSW of Mosquito Lake, Alaska",earthquake,,0.3,,,reviewed,ak,ak
2023-06-10T20:13:08.444Z,51.4523,-178.1474,60.306,2.6,ml,16,196,0.341,0.45,us,us7000k8t8,2023-06-17T00:26:14.040Z,"114 km WSW of Adak, Alaska",earthquake,4.77,7.678,0.091,16,reviewed,us,us
2023-06-10T20:06:43.255Z,51.8627,177.7122,10,2.9,ml,8,322,0.502,0.62,us,us7000k8td,2023-06-17T00:22:24.040Z,"",earthquake,2.94,1.965,0.148,6,reviewed,us,us
2023-06-10T20:02:04.800Z,53.384,-168.263,-1,0.05,ml,5,294,,0.3,av,av91919576,2023-06-14T18:15:08.210Z,"",earthquake,1.1,1.29,0.451460390959649,5,reviewed,av,av
2023-06-10T19:59:51.031Z,57.8118,-155.0803,70.2,1.5,ml,,,,0.25,ak,ak0237el6v6n,2023-06-15T22:53:34.241Z,"46 km NW of Karluk, Alaska",earthquake,,0.1,,,reviewed,ak,ak
2023-06-10T19:55:33.170Z,-55.9331,-27.9092,101.335,4.6,mb,20,67,5.195,0.63,us,us7000k7pb,2023-06-10T21:03:29.040Z,"South Sandwich Islands region",earthquake,11.23,7.462,0.129,18,reviewed,us,us
2023-06-10T19:54:17.470Z,33.1095,-115.577,7.59,2.1,ml,46,58,0.01189,0.21,ci,ci40482912,2023-06-22T17:22:12.590Z,"6km WSW of Calipatria, CA",earthquake,0.21,0.31,0.181,25,reviewed,ci,ci
2023-06-10T19:52:05.299Z,52.4678,-166.6033,25.6,1.9,ml,,,,0.28,ak,ak0237el59d2,2023-06-15T22:53:27.985Z,"156 km S of Unalaska, Alaska",earthquake,,3.7,,,reviewed,ak,ak
2023-06-10T19:45:20.515Z,61.7027,-150.1179,27.9,1.8,ml,,,,0.77,ak,ak0237el3sqo,2023-06-16T02:15:04.850Z,"6 km SW of Willow, Alaska",earthquake,,0.5,,,reviewed,ak,ak
2023-06-10T19:45:01.344Z,66.0476,-143.5373,13.1,3,ml,,,,0.57,ak,ak0237el3rav,2023-06-16T02:15:05.126Z,"34 km NE of Circle, Alaska",earthquake,,0.3,,,reviewed,ak,ak
2023-06-10T19:43:44.464Z,54.8276,-162.2949,73.4,1.8,ml,,,,0.53,ak,ak0237el3f7y,2023-06-15T22:53:34.038Z,"26 km S of King Cove, Alaska",earthquake,,0.7,,,reviewed,ak,ak
2023-06-10T19:34:32.110Z,35.5003333,-118.398,4.7,1.67,ml,35,39,0.1735,0.11,ci,ci40482896,2023-06-13T02:58:10.010Z,"13km SE of Bodfish, CA",earthquake,0.12,1.02,0.177,23,reviewed,ci,ci
2023-06-10T19:32:51.860Z,53.6349,-165.4569,33.4,1.9,ml,,,,0.53,ak,ak0237el12zy,2023-06-15T22:53:27.265Z,"59 km SSE of Akutan, Alaska",earthquake,,3.4,,,reviewed,ak,ak
2023-06-10T19:31:54.650Z,53.8665,-166.8355,4.57,-0.46,ml,6,163,,0.09,av,av91919511,2023-06-14T05:05:18.570Z,"",earthquake,0.42,1.05,0.173027901235287,6,reviewed,av,av
2023-06-10T19:30:46.270Z,38.8276672,-122.7890015,1.62,1.04,md,15,56,0.01078,0.01,nc,nc73899631,2023-06-10T20:05:18.362Z,"6km W of Cobb, CA",earthquake,0.27,0.41,0.14,16,automatic,nc,nc
2023-06-10T19:27:57.007Z,60.4294,-152.0139,97.6,1.3,ml,,,,0.44,ak,ak0237el00qc,2023-06-15T22:53:33.845Z,"39 km W of Cohoe, Alaska",earthquake,,0.4,,,reviewed,ak,ak
2023-06-10T19:27:56.105Z,58.9151,-152.2702,51.1,1.4,ml,,,,0.21,ak,ak0237el00nu,2023-06-15T22:53:33.665Z,"53 km SSW of Nanwalek, Alaska",earthquake,,0.6,,,reviewed,ak,ak
2023-06-10T19:22:41.320Z,53.8658333333333,-166.834166666667,4.43,-0.57,ml,6,161,,0.1,av,av91107378,2023-06-14T18:40:30.670Z,"Fox Islands, Aleutian Islands, Alaska",earthquake,0.46,1.08,0.245550018160801,6,reviewed,av,av
2023-06-10T19:21:49.060Z,58.1881666666667,-155.292833333333,1.62,-0.08,ml,4,235,,0.11,av,av91919501,2023-06-14T05:02:40.740Z,"85 km NW of Karluk, Alaska",earthquake,0.8,2.64,0.211368990031017,4,reviewed,av,av
2023-06-10T19:20:14.800Z,60.0238333333333,-153.052333333333,1.14,-0.77,ml,4,123,,0.19,av,av91919496,2023-06-14T05:00:50.950Z,"64 km ENE of Pedro Bay, Alaska",earthquake,0.51,1.44,0.223682445758771,4,reviewed,av,av
2023-06-10T19:19:16.872Z,61.4725,-150.9402,53.4,1.1,ml,,,,0.65,ak,ak0237eky7wn,2023-06-15T22:53:33.457Z,"Southern Alaska",earthquake,,0.4,,,reviewed,ak,ak
2023-06-10T19:05:18.390Z,38.783,-122.744,0.68,0.39,md,19,79,0.005691,0.03,nc,nc73899621,2023-06-13T00:13:14.288Z,"1km ENE of The Geysers, CA",earthquake,0.15,0.28,0.204,16,reviewed,nc,nc
2023-06-10T19:01:19.381Z,38.9816,-117.5938,1.8,1.6,ml,9,103.56,0.353,0.2901,nn,nn00861087,2023-06-10T20:44:41.630Z,"31 km ENE of Gabbs, Nevada",earthquake,,2.2,0.41,6,reviewed,nn,nn
2023-06-10T18:57:59.935Z,62.9639,-151.3064,105.3,1.4,ml,,,,0.56,ak,ak0237ekl0u1,2023-06-15T22:53:33.234Z,"58 km NNW of Petersville, Alaska",earthquake,,0.5,,,reviewed,ak,ak
2023-06-10T18:54:16.440Z,58.1866666666667,-155.279666666667,2.82,-0.33,ml,5,228,,0.07,av,av91919486,2023-06-14T04:58:48.270Z,"84 km NW of Karluk, Alaska",earthquake,0.52,1.96,0.179150595757169,5,reviewed,av,av
2023-06-10T18:44:12.000Z,58.1745,-155.385,5.32,-0.32,ml,6,216,,0.07,av,av91919476,2023-06-14T04:55:07.240Z,"87 km NW of Karluk, Alaska",earthquake,0.44,1.57,0.114264406587476,6,reviewed,av,av
2023-06-10T18:40:25.310Z,38.0515,-118.777,10.15,2.48,md,31,88,0.2852,0.05,nc,nc73899616,2023-06-12T18:54:14.578Z,"27km SE of Bodie, CA",earthquake,0.28,1.96,0.237,36,reviewed,nc,nc
2023-06-10T18:35:15.026Z,58.6251,-155.1772,136.5,2.4,ml,,,,0.63,ak,ak0237ekg7m0,2023-06-15T22:53:26.962Z,"86 km E of King Salmon, Alaska",earthquake,,0.3,,,reviewed,ak,ak
2023-06-10T18:33:21.612Z,50.7303,-173.7692,8.8,2.4,ml,,,,0.68,ak,ak0237ekfsox,2023-06-15T22:53:33.051Z,"165 km S of Atka, Alaska",earthquake,,3.9,,,reviewed,ak,ak
2023-06-10T18:31:34.790Z,60.0145,-153.064666666667,-0.38,-0.53,ml,4,128,,0.07,av,av91919466,2023-06-14T04:50:05.090Z,"63 km ENE of Pedro Bay, Alaska",earthquake,0.26,2.2,0.256885313830086,4,reviewed,av,av
2023-06-10T18:26:50.880Z,31.51579561,-104.0207906,0.1158935547,1.8,ml,23,63,0.03424417335,0.2,tx,tx2023lhsx,2023-06-14T14:29:59.120Z,"31 km NW of Toyah, Texas",earthquake,1.032617332,1.247828578,0.1,17,reviewed,tx,tx
2023-06-10T18:19:25.170Z,37.5711667,-118.8653333,3.02,0.3,md,13,231,0.03439,0.06,nc,nc73899606,2023-06-10T23:33:13.582Z,"12km SE of Mammoth Lakes, CA",earthquake,0.55,1.12,0.268,12,reviewed,nc,nc
2023-06-10T18:11:42.850Z,58.1818333333333,-155.318833333333,1.9,-0.14,ml,6,200,,0.06,av,av91919456,2023-06-14T04:48:02.970Z,"85 km NW of Karluk, Alaska",earthquake,0.45,0.79,0.240233281059635,7,reviewed,av,av
2023-06-10T18:07:43.480Z,17.9526666666667,-66.8353333333333,13.48,2.56,md,11,215,0.04737,0.12,pr,pr71412903,2023-06-10T18:17:32.670Z,"Puerto Rico region",earthquake,0.7,0.31,0.144025997070239,5,reviewed,pr,pr
2023-06-10T18:07:02.880Z,46.9771666666667,-114.440166666667,13.95,0.97,ml,14,113,0.05292,0.11,mb,mb90017713,2023-06-12T17:49:31.190Z,"Idaho-Montana border region",earthquake,0.32,0.5,0.402100987307396,4,reviewed,mb,mb
2023-06-10T18:04:51.450Z,35.2801667,-118.5656667,8.11,1.21,ml,24,71,0.112,0.12,ci,ci40482824,2023-06-13T02:45:59.310Z,"20km NNW of Tehachapi, CA",earthquake,0.17,0.58,0.168,14,reviewed,ci,ci
2023-06-10T17:54:49.200Z,44.7996667,-110.8896667,7.06,0.72,ml,10,188,0.0301,0.09,uu,uu60541946,2023-06-12T13:31:55.230Z,"22 km NE of West Yellowstone, Montana",earthquake,0.45,0.81,0.298,3,reviewed,uu,uu
2023-06-10T17:54:44.547Z,59.8528,-153.4452,133.8,1.8,ml,,,,0.83,ak,ak0237ejyww6,2023-06-15T22:53:32.626Z,"37 km E of Pedro Bay, Alaska",earthquake,,0.2,,,reviewed,ak,ak
2023-06-10T17:54:21.274Z,18.2545,145.8152,104.309,4.3,mb,52,106,2.997,0.64,us,us7000k8y3,2023-06-21T22:08:31.040Z,"Pagan region, Northern Mariana Islands",earthquake,10.68,4.557,0.088,43,reviewed,us,us
2023-06-10T17:53:56.396Z,69.5931,-144.9247,0.5,1.4,ml,,,,0.51,ak,ak0237ejyq3b,2023-06-15T22:53:32.866Z,"78 km SW of Kaktovik, Alaska",earthquake,,0.6,,,reviewed,ak,ak
2023-06-10T17:52:56.360Z,58.1795,-155.338333333333,0.41,-0.47,ml,5,249,,0.13,av,av91919446,2023-06-14T01:50:27.020Z,"85 km NW of Karluk, Alaska",earthquake,0.69,5.02,0.288620682341687,5,reviewed,av,av
2023-06-10T17:51:12.400Z,35.058,-118.3413333,-0.93,0.96,ml,17,52,0.06724,0.16,ci,ci40482816,2023-06-13T02:15:15.860Z,"13km SE of Tehachapi, CA",quarry blast,0.29,31.61,0.057,8,reviewed,ci,ci
2023-06-10T17:32:21.510Z,58.1931666666667,-155.289666666667,3.6,0.18,ml,7,228,,0.07,av,av91919436,2023-06-14T01:41:27.510Z,"85 km NW of Karluk, Alaska",earthquake,0.45,0.95,0.153535136603653,7,reviewed,av,av
2023-06-10T17:30:14.090Z,60.5812,-151.0108,56.2,1.3,ml,,,,0.83,ak,ak0237ejtpcx,2023-06-15T22:53:32.415Z,"6 km NE of Ridgeway, Alaska",earthquake,,0.4,,,reviewed,ak,ak
2023-06-10T17:29:52.590Z,47.9048333333333,-113.5105,5.39,1.26,ml,20,104,0.3398,0.11,mb,mb90017558,2023-06-12T15:14:06.100Z,"Western Montana",earthquake,0.4,1.74,0.222549435686857,7,reviewed,mb,mb
2023-06-10T17:28:15.740Z,39.5813333,-111.3218333,9.85,1.24,ml,18,85,0.1085,0.14,uu,uu60541941,2023-06-12T15:52:02.540Z,"11 km ESE of Fairview, Utah",earthquake,0.43,0.85,0.24,3,reviewed,uu,uu
2023-06-10T17:27:19.290Z,58.182,-155.354666666667,2.02,-0.07,ml,6,207,,0.11,av,av91919431,2023-06-14T01:37:59.400Z,"86 km NW of Karluk, Alaska",earthquake,0.45,0.95,0.239122749728008,6,reviewed,av,av
2023-06-10T17:26:43.170Z,38.8370018,-122.8033371,2.26,0.22,md,9,103,0.01024,0.01,nc,nc73899601,2023-06-10T18:17:18.731Z,"7km WNW of Cobb, CA",earthquake,0.41,1.16,0.12,9,automatic,nc,nc
2023-06-10T17:11:33.150Z,58.1908333333333,-155.322666666667,5.28,-0.37,ml,6,195,,0.19,av,av91919421,2023-06-14T01:32:32.730Z,"Alaska Peninsula",earthquake,0.88,1.98,0.214982666950078,6,reviewed,av,av
2023-06-10T17:10:09.520Z,31.8776667,-115.7086667,6.96,2.2,ml,21,71,0.1294,0.18,ci,ci40482744,2023-06-14T17:58:51.407Z,"64km SW of Alberto Oviedo Mota, B.C., MX",earthquake,0.24,0.63,0.257,19,reviewed,ci,ci
2023-06-10T17:05:48.437Z,57.4934,-154.3667,29.6,1.2,ml,,,,0.2,ak,ak0237ejof3v,2023-06-16T02:15:07.154Z,"9 km SSE of Karluk, Alaska",earthquake,,1.6,,,reviewed,ak,ak
2023-06-10T17:05:31.224Z,-20.6918,-178.5383,562.286,4.3,mb,25,85,3.153,0.79,us,us7000k8xs,2023-06-21T21:51:38.040Z,"Fiji region",earthquake,16.84,11.359,0.113,25,reviewed,us,us
2023-06-10T17:02:12.919Z,36.90133333,-97.55383333,6.48,1.98,ml,91,60,0,0.25,ok,ok2023lhqf,2023-06-12T20:02:01.933Z,"9 km ESE of Renfrow, Oklahoma",earthquake,,0.7,0.18,21,reviewed,ok,ok
2023-06-10T17:00:08.320Z,61.0373333333333,-152.420833333333,17.83,0.08,ml,7,306,,0.2,av,av91919411,2023-06-14T01:28:19.380Z,"69 km W of Tyonek, Alaska",earthquake,1.26,31.61,0.261318931529983,7,reviewed,av,av
2023-06-10T16:59:57.290Z,33.3855,-116.8753333,6.34,0.61,ml,23,51,0.03353,0.17,ci,ci40482728,2023-06-13T16:50:55.674Z,"4km NNW of Palomar Observatory, CA",earthquake,0.27,0.51,0.107,13,reviewed,ci,ci
2023-06-10T16:57:24.562Z,-58.7405,149.1647,10,4.4,mb,18,115,6.866,0.82,us,us7000k8xz,2023-06-17T19:13:42.040Z,"",earthquake,11.03,1.939,0.138,15,reviewed,us,us
2023-06-10T16:56:51.610Z,58.1868333333333,-155.325,2.39,-0.24,ml,7,199,,0.07,av,av91919406,2023-06-14T01:01:20.360Z,"86 km NW of Karluk, Alaska",earthquake,0.44,0.42,0.258081195364116,7,reviewed,av,av
2023-06-10T16:48:52.560Z,58.2278333333333,-155.126833333333,5.74,-0.29,ml,6,106,,0.06,av,av91919401,2023-06-14T01:04:42.310Z,"83 km NNW of Karluk, Alaska",earthquake,0.36,0.91,0.233913374596764,6,reviewed,av,av
2023-06-10T16:41:18.470Z,52.0348,-175.8069,176.5,2.1,ml,,,,0.44,ak,ak0237ejanm3,2023-06-16T02:15:06.970Z,"",earthquake,,0.2,,,reviewed,ak,ak
2023-06-10T16:26:48.250Z,34.03,-117.9223333,14.06,0.33,ml,12,179,0.0479,0.15,ci,ci40482704,2023-06-14T17:30:18.847Z,"2km NW of South San Jose Hills, CA",earthquake,0.62,0.88,0.105,6,reviewed,ci,ci
2023-06-10T16:26:11.050Z,38.7988319,-122.7788315,0.5,0.29,md,7,150,0.009071,0.02,nc,nc73899581,2023-06-10T16:57:18.267Z,"3km NW of The Geysers, CA",earthquake,0.37,1.79,0.1,8,automatic,nc,nc
2023-06-10T16:25:05.856Z,65.9392,-166.3895,13.1,3.2,ml,,,,0.44,ak,ak0237ej76w5,2023-06-16T02:15:04.595Z,"northern Alaska",earthquake,,0.4,,,reviewed,ak,ak
2023-06-10T16:24:56.130Z,17.9486666666667,-66.8336666666667,11.84,3.26,md,24,195,0.05071,0.17,pr,pr71412878,2023-06-10T16:57:01.610Z,"5 km SSW of Indios, Puerto Rico",earthquake,0.47,0.36,0.101429313673134,9,reviewed,pr,pr
2023-06-10T16:22:46.940Z,19.140832901001,-155.364837646484,28.3899993896484,2.27,ml,49,184,,0.119999997,hv,hv73448192,2023-06-10T16:43:06.040Z,"13 km ESE of Pāhala, Hawaii",earthquake,0.55,0.779999971,3.26,18,automatic,hv,hv
2023-06-10T16:20:53.779Z,33.8004,135.2069,46.716,4.6,mb,23,76,1.111,0.57,us,us7000k7nk,2023-06-10T22:07:00.564Z,"1 km SW of Inami, Japan",earthquake,4.52,8.141,0.193,8,reviewed,us,us
2023-06-10T16:14:03.958Z,61.0043,-148.6411,0,1.2,ml,,,,0.53,ak,ak0237ej4uei,2023-06-16T02:15:04.404Z,"",ice quake,,0,,,reviewed,ak,ak
2023-06-10T16:09:46.750Z,58.1828333333333,-155.323166666667,2.54,-0.02,ml,8,201,,0.07,av,av91919396,2023-06-14T01:06:44.180Z,"Alaska Peninsula",earthquake,0.33,0.42,0.400557679554342,8,reviewed,av,av
2023-06-10T16:07:28.784Z,63.1162,-150.9644,126.8,1.2,ml,,,,0.42,ak,ak0237ej3df2,2023-06-15T22:53:31.874Z,"60 km SE of Denali National Park, Alaska",earthquake,,0.4,,,reviewed,ak,ak
2023-06-10T16:07:02.840Z,58.2706666666667,-155.001166666667,3.95,-0.24,ml,8,131,,0.14,av,av91919391,2023-06-14T01:15:52.060Z,"Alaska Peninsula",earthquake,0.33,0.58,0.209438530725983,8,reviewed,av,av
2023-06-10T16:01:45.164Z,56.4597,-169.9799,10,2.7,ml,9,203,0.278,0.73,us,us7000k8ta,2023-06-17T19:09:04.040Z,"31 km WSW of Saint George, Alaska",earthquake,2.6,1.958,0.256,2,reviewed,us,us
2023-06-10T16:00:19.422Z,62.3727,-150.3811,66.7,1.3,ml,,,,0.38,ak,ak0237ej1uom,2023-06-15T22:53:31.485Z,"9 km NW of Trapper Creek, Alaska",earthquake,,0.2,,,reviewed,ak,ak
2023-06-10T15:58:35.870Z,39.0486667,-123.0575,6.43,1.06,md,19,63,0.08253,0.13,nc,nc73899576,2023-06-10T23:21:13.512Z,"12km W of Lakeport, CA",earthquake,0.22,0.64,0.179,16,reviewed,nc,nc
2023-06-10T15:58:31.510Z,34.0091667,-116.3461667,4.38,1.21,ml,33,55,0.07014,0.13,ci,ci40482680,2023-06-13T01:20:50.748Z,"14km SE of Yucca Valley, CA",earthquake,0.16,0.36,0.164,18,reviewed,ci,ci
2023-06-10T15:51:20.150Z,34.5355,-119.9741667,-0.56,0.82,ml,8,130,0.008464,0.1,ci,ci40482672,2023-06-13T23:59:38.487Z,"13km SE of Santa Ynez, CA",quarry blast,0.38,31.61,0.088,6,reviewed,ci,ci
2023-06-10T15:33:49.993Z,51.3346,-179.9437,19.7,1.9,ml,,,,0.51,ak,ak0237eink2f,2023-06-16T18:02:28.887Z,"236 km WSW of Adak, Alaska",earthquake,,0.3,,,reviewed,ak,ak
2023-06-10T15:32:38.030Z,38.7898331,-122.7611694,0.01,1.07,md,16,62,0.01084,0.04,nc,nc73899571,2023-06-10T16:25:14.087Z,"2km NNW of The Geysers, CA",earthquake,0.22,0.49,0.27,15,automatic,nc,nc
2023-06-10T15:31:17.860Z,33.3546667,-116.3568333,11.55,1.38,ml,48,46,0.09994,0.23,ci,ci40482656,2023-06-11T14:08:15.770Z,"11km N of Borrego Springs, CA",earthquake,0.29,0.82,0.163,25,reviewed,ci,ci
2023-06-10T15:19:47.880Z,41.516,-112.1741667,8.27,1.2,md,20,66,0.09351,0.1,uu,uu60541936,2023-06-12T15:38:09.750Z,"6 km SW of Corinne, Utah",earthquake,0.23,0.79,0.104,14,reviewed,uu,uu
2023-06-10T15:17:23.499Z,62.4227,-148.9449,39.1,1.2,ml,,,,0.53,ak,ak0237eik2hr,2023-06-16T18:02:23.656Z,"Central Alaska",earthquake,,0.7,,,reviewed,ak,ak
2023-06-10T15:16:10.250Z,18.542,-64.8136666666667,76.59,3.15,md,11,269,0.2131,0.13,pr,pr71412873,2023-06-10T15:44:34.082Z,"23 km N of Cruz Bay, U.S. Virgin Islands",earthquake,0.92,0.64,0.110296718865702,9,reviewed,pr,pr
2023-06-10T15:11:01.000Z,58.244,-155.147666666667,2.91,-0.04,ml,8,105,,0.06,av,av91919376,2023-06-14T00:54:36.830Z,"85 km NNW of Karluk, Alaska",earthquake,0.25,0.58,0.0609745706545437,8,reviewed,av,av
2023-06-10T15:07:44.863Z,-5.5951,104.1912,80.858,4.7,mb,30,174,1.738,0.67,us,us7000k7n9,2023-06-10T16:29:23.040Z,"114 km SW of Kotabumi, Indonesia",earthquake,11.74,8.836,0.102,32,reviewed,us,us
2023-06-10T15:07:44.235Z,58.0476,-151.5288,24,2.1,ml,,,,0.7,ak,ak0237eihyz3,2023-06-16T18:02:23.241Z,"59 km ENE of Ouzinkie, Alaska",earthquake,,1.4,,,reviewed,ak,ak
2023-06-10T15:06:51.974Z,64.9904,-147.4061,0,0.6,ml,,,,0.4,ak,ak0237eihrwm,2023-06-16T18:02:23.476Z,"10 km ENE of Fox, Alaska",explosion,,0,,,reviewed,ak,ak
2023-06-10T15:06:46.970Z,-21.6179,-69.5058,10,4.6,mb,24,101,0.303,1,us,us7000k7n6,2023-06-11T05:18:38.215Z,"82 km NNE of María Elena, Chile",earthquake,5.31,1.835,0.107,26,reviewed,us,us
2023-06-10T15:04:17.700Z,58.21,-155.105666666667,3.73,0.18,ml,9,101,,0.29,av,av91919361,2023-06-14T00:41:35.500Z,"81 km NNW of Karluk, Alaska",earthquake,0.58,1.45,0.413434874949012,9,reviewed,av,av
2023-06-10T14:58:32.850Z,19.1975002288818,-155.464828491211,30.8899993896484,2.06,ml,46,108,,0.129999995,hv,hv73448132,2023-06-10T15:04:02.930Z,"1 km ESE of Pāhala, Hawaii",earthquake,0.47,0.639999986,4.8,6,automatic,hv,hv
2023-06-10T14:55:43.920Z,58.1781666666667,-155.321166666667,-0.91,-0.56,ml,5,246,,0.05,av,av91919356,2023-06-14T00:38:53.790Z,"85 km NW of Karluk, Alaska",earthquake,0.58,7.13,0.19510095907606,5,reviewed,av,av
2023-06-10T14:52:01.966Z,36.763,-116.2568,8.9,-0.4,ml,13,88.92,0.027,0.0848,nn,nn00861090,2023-06-10T20:50:54.412Z,"47 km ESE of Beatty, Nevada",earthquake,,2,0.16,4,reviewed,nn,nn
2023-06-10T14:50:38.771Z,11.7931,125.8935,40.935,4.9,mb,54,122,4.704,0.9,us,us7000k7n5,2023-06-10T15:18:18.040Z,"47 km E of Sulat, Philippines",earthquake,11.39,7.473,0.056,105,reviewed,us,us
2023-06-10T14:48:19.250Z,46.2058333333333,-111.858166666667,4.99,0.71,ml,9,96,0.3682,0.33,mb,mb90017753,2023-06-12T19:34:22.860Z,"10 km SE of Elkhorn, Montana",earthquake,0.98,20.16,0.276070202804289,4,reviewed,mb,mb
2023-06-10T14:37:38.400Z,44.2866666666667,-115.187666666667,17.67,2.19,ml,15,104,0.8302,0.13,mb,mb90017548,2023-06-10T15:17:37.640Z,"21 km WNW of Stanley, Idaho",earthquake,0.41,0.73,0.176864396594889,20,reviewed,mb,mb
2023-06-10T14:36:18.478Z,57.7564,-155.887,95.2,1.8,ml,,,,0.44,ak,ak0237ei2p6f,2023-06-16T18:02:28.692Z,"87 km WNW of Karluk, Alaska",earthquake,,0.3,,,reviewed,ak,ak
2023-06-10T14:34:29.840Z,18.6585,-64.8315,76.04,3.16,md,15,269,0.3268,0.16,pr,pr71412863,2023-06-10T16:32:49.040Z,"",earthquake,2.35,1.29,0.136592804888832,11,reviewed,pr,pr
2023-06-10T14:31:20.410Z,18.0398333333333,-66.8295,11.08,2.24,md,5,186,0.07996,0.11,pr,pr71412848,2023-06-10T15:12:54.380Z,"Puerto Rico region",earthquake,4.46,4.02,0.0355705657340275,3,reviewed,pr,pr
2023-06-10T14:29:53.232Z,39.9273,-119.462,16.7,0.5,ml,4,205.14,0.225,0.037,nn,nn00861083,2023-06-10T15:23:44.737Z,"12 km ESE of Sutcliffe, Nevada",earthquake,,3.9,0.37,3,reviewed,nn,nn
2023-06-10T14:28:39.780Z,33.87,-116.1461667,8.93,0.32,ml,13,150,0.05977,0.11,ci,ci37548460,2023-06-11T17:26:03.833Z,"18km NNE of Indio, CA",earthquake,0.36,0.63,0.1,5,reviewed,ci,ci
2023-06-10T14:28:25.570Z,33.8165,-116.9953333,13.51,0.54,ml,17,85,0.1657,0.2,ci,ci40482600,2023-06-11T17:18:44.704Z,"5km NW of San Jacinto, CA",earthquake,0.46,1.37,0.239,6,reviewed,ci,ci
2023-06-10T14:25:01.186Z,51.9297,-169.174,14.5,2,ml,,,,0.82,ak,ak0237ei0ba1,2023-06-16T18:02:23.050Z,"114 km S of Nikolski, Alaska",earthquake,,0.6,,,reviewed,ak,ak
2023-06-10T14:22:05.360Z,58.2511666666667,-155.133,2.35,-0.52,ml,4,245,,0.03,av,av91919341,2023-06-14T00:31:04.640Z,"85 km NNW of Karluk, Alaska",earthquake,0.64,0.39,0.11187806957876,4,reviewed,av,av
2023-06-10T14:19:07.325Z,64.679,-151.8198,23.3,1,ml,,,,0.62,ak,ak0237ehz158,2023-06-16T18:02:28.499Z,"56 km SSE of Tanana, Alaska",earthquake,,0.5,,,reviewed,ak,ak
2023-06-10T14:17:01.870Z,51.9355,179.567,13.8,1.33,ml,5,117,,0.18,av,av91919336,2023-06-14T00:29:13.040Z,"261 km W of Adak, Alaska",earthquake,1.1,1.17,0.145208986953837,5,reviewed,av,av
2023-06-10T14:16:35.390Z,36.5703333,-121.1585,7.29,0.63,md,9,132,0.0217,0.07,nc,nc73899566,2023-06-13T00:00:15.212Z,"4km NNW of Pinnacles, CA",earthquake,0.43,0.51,0.201,7,reviewed,nc,nc
2023-06-10T14:12:35.670Z,58.1876666666667,-155.270166666667,2.86,0,ml,7,222,,0.06,av,av91919331,2023-06-14T00:24:51.150Z,"84 km NW of Karluk, Alaska",earthquake,0.5,1.84,0.229729645598722,7,reviewed,av,av
2023-06-10T14:09:36.809Z,58.1629,-155.3549,4,1.1,ml,,,,0.54,ak,ak0237ehwwdl,2023-06-16T18:02:22.872Z,"85 km NW of Karluk, Alaska",earthquake,,0.5,,,reviewed,ak,ak
2023-06-10T14:09:09.120Z,35.6445,-117.567,9.34,1.03,ml,20,87,0.0774,0.12,ci,ci40482576,2023-06-13T00:02:30.719Z,"10km ENE of Ridgecrest, CA",earthquake,0.23,0.69,0.138,12,reviewed,ci,ci
2023-06-10T13:55:37.870Z,35.7153333,-117.558,7.82,1.36,ml,24,116,0.1052,0.11,ci,ci40482552,2023-06-12T23:58:45.580Z,"15km NE of Ridgecrest, CA",earthquake,0.21,0.66,0.17,13,reviewed,ci,ci
2023-06-10T13:55:01.287Z,58.16,-155.2998,0.1,1.1,ml,,,,0.22,ak,ak0237ehlaua,2023-06-16T18:02:22.683Z,"82 km NW of Karluk, Alaska",earthquake,,0.7,,,reviewed,ak,ak
2023-06-10T13:52:26.638Z,51.4982,-178.805,16.7,2,ml,,,,0.5,ak,ak0237ehkpnr,2023-06-16T18:02:28.299Z,"155 km WSW of Adak, Alaska",earthquake,,0.2,,,reviewed,ak,ak
2023-06-10T13:50:43.070Z,18.556,-65.8783333333333,76.23,3.03,md,16,198,0.3135,0.19,pr,pr71412843,2023-06-11T10:34:52.797Z,"13 km N of Loíza, Puerto Rico",earthquake,1.48,1.13,0.0464622850348795,6,reviewed,pr,pr
2023-06-10T13:50:25.760Z,38.8228333,-122.7975,3.41,-0.11,md,12,95,0.009838,0.02,nc,nc71130604,2023-06-12T17:23:37.575Z,"6km NW of The Geysers, CA",earthquake,0.39,1.02,0.157,11,reviewed,nc,nc
2023-06-10T13:49:04.350Z,40.15,-123.842,21.35,1.49,md,23,81,0.05964,0.14,nc,nc73899561,2023-06-12T18:39:16.357Z,"4km NNW of Redway, CA",earthquake,0.47,0.35,0.231,17,reviewed,nc,nc
2023-06-10T13:48:11.440Z,58.1695,-155.297166666667,-0.83,0.41,ml,6,247,,0.11,av,av91919311,2023-06-14T00:11:27.760Z,"83 km NW of Karluk, Alaska",earthquake,0.65,7.75,0.326125436453927,7,reviewed,av,av
2023-06-10T13:47:06.910Z,58.1785,-155.297166666667,1.63,-0.09,ml,6,238,,0.08,av,av91919306,2023-06-14T00:08:30.880Z,"",earthquake,0.76,0.56,0.180237682972051,7,reviewed,av,av
2023-06-10T13:34:15.392Z,62.3511,-151.2097,81.2,1.8,ml,,,,0.55,ak,ak0237ehgtva,2023-06-16T18:02:22.412Z,"28 km SW of Petersville, Alaska",earthquake,,0.3,,,reviewed,ak,ak
2023-06-10T13:29:43.600Z,38.8256683,-122.8016663,1.88,0.77,md,8,82,0.006949,0.02,nc,nc73899556,2023-06-10T13:56:13.232Z,"7km NW of The Geysers, CA",earthquake,0.36,0.95,0.26,9,automatic,nc,nc
2023-06-10T13:26:46.170Z,38.8218346,-122.8215027,2.07,0.78,md,13,65,0.009062,0.06,nc,nc73899551,2023-06-10T13:44:12.159Z,"8km NW of The Geysers, CA",earthquake,0.32,0.82,0.44,14,automatic,nc,nc
2023-06-10T13:22:58.020Z,62.8475,-149.4983,72.1,1.1,ml,,,,0.57,ak,ak0237eheclm,2023-06-16T18:02:28.091Z,"54 km NE of Chase, Alaska",earthquake,,0.5,,,reviewed,ak,ak
2023-06-10T13:21:06.706Z,-30.7268,-71.578,40.55,4.8,mb,34,97,0.687,1.06,us,us7000k7mt,2023-06-10T13:39:31.040Z,"",earthquake,6.2,5.454,0.042,173,reviewed,us,us
2023-06-10T13:14:39.700Z,34.82,-116.4086667,6.07,1.05,ml,9,73,0.06133,0.14,ci,ci40482520,2023-06-14T00:06:56.600Z,"25km WNW of Ludlow, CA",earthquake,0.37,0.85,0.157,6,reviewed,ci,ci
2023-06-10T13:13:06.890Z,38.8253333,-122.7996667,1.75,0.43,md,15,55,0.008357,0.04,nc,nc73899546,2023-06-12T23:40:14.094Z,"6km NW of The Geysers, CA",earthquake,0.25,0.52,0.295,16,reviewed,nc,nc
2023-06-10T13:06:29.559Z,36.7131,-116.3066,10.4,-0.4,ml,12,114.98,0.019,0.065,nn,nn00861079,2023-06-10T15:05:06.966Z,"45 km ESE of Beatty, Nevada",earthquake,,1,0.58,4,reviewed,nn,nn
2023-06-10T13:01:47.626Z,51.8519,-178.101,5.2,1.8,ml,,,,0.53,ak,ak0237eh9tvs,2023-06-16T18:02:22.213Z,"101 km W of Adak, Alaska",earthquake,,0.2,,,reviewed,ak,ak
2023-06-10T13:00:38.890Z,63.1647,-150.635,118.3,1.3,ml,,,,0.55,ak,ak0237eh9ldd,2023-06-16T18:02:27.886Z,"68 km SE of Denali National Park, Alaska",earthquake,,0.6,,,reviewed,ak,ak
2023-06-10T12:56:57.232Z,51.9648,-178.9501,78.9,2.1,ml,,,,0.47,ak,ak0237eh07a3,2023-06-16T18:02:27.693Z,"159 km W of Adak, Alaska",earthquake,,0.9,,,reviewed,ak,ak
2023-06-10T12:47:16.020Z,33.9555,-117.7145,13.14,1.44,ml,75,37,0.05139,0.17,ci,ci40482488,2023-06-12T23:52:35.490Z,"6km SE of Chino Hills, CA",earthquake,0.16,0.3,0.142,25,reviewed,ci,ci
2023-06-10T12:44:34.240Z,63.7545,-150.5878,10.6,1.1,ml,,,,0.84,ak,ak0237egxkww,2023-06-16T18:02:27.480Z,"",earthquake,,0.2,,,reviewed,ak,ak
2023-06-10T12:43:27.422Z,-24.2337,-179.9849,510.126,4.3,mb,29,102,5.337,0.99,us,us7000k7mr,2023-06-10T13:01:19.040Z,"",earthquake,10.69,9.062,0.08,44,reviewed,us,us
2023-06-10T12:42:20.480Z,36.935,-121.4195,7.18,1.19,md,29,57,0.07677,0.07,nc,nc73899541,2023-06-13T01:41:18.789Z,"10km N of Hollister, CA",earthquake,0.23,0.78,0.182,20,reviewed,nc,nc
2023-06-10T12:35:17.130Z,33.2693333,-116.4318333,5.12,1.57,ml,66,22,0.01234,0.17,ci,ci40482480,2023-06-12T23:31:20.130Z,"6km WNW of Borrego Springs, CA",earthquake,0.14,0.35,0.12,25,reviewed,ci,ci
2023-06-10T12:31:46.706Z,60.9687,-151.5941,79.7,1.4,ml,,,,0.64,ak,ak0237egutjq,2023-06-16T18:02:21.986Z,"27 km WSW of Tyonek, Alaska",earthquake,,0.3,,,reviewed,ak,ak
2023-06-10T12:30:51.330Z,58.1681,-155.2851,3.9,1,ml,,,,0.39,ak,ak0237egum0w,2023-06-16T18:02:21.792Z,"82 km NW of Karluk, Alaska",earthquake,,0.3,,,reviewed,ak,ak
2023-06-10T12:30:50.470Z,45.4453333333333,-111.8105,4.9,0.3,ml,5,179,0.1979,0.06,mb,mb90017743,2023-06-12T18:21:22.890Z,"12 km NNW of Ennis, Montana",earthquake,0.58,6.08,0.164078382155659,2,reviewed,mb,mb
2023-06-10T12:29:54.170Z,36.1115,-120.2535,9.16,1.04,md,16,154,0.01846,0.07,nc,nc73899531,2023-06-10T23:10:13.583Z,"10km ESE of Coalinga, CA",earthquake,0.37,0.36,0.29,5,reviewed,nc,nc
2023-06-10T12:28:18.995Z,61.0351,-150.1053,30.6,1.3,ml,,,,0.78,ak,ak0237egu47v,2023-06-16T18:17:10.006Z,"23 km SSW of Anchorage, Alaska",earthquake,,0.3,,,reviewed,ak,ak
2023-06-10T12:23:42.076Z,59.7226,-153.2188,104.3,1.6,ml,,,,0.52,ak,ak0237egt3sh,2023-06-16T18:02:21.362Z,"50 km E of Pedro Bay, Alaska",earthquake,,0.2,,,reviewed,ak,ak
2023-06-10T12:15:34.473Z,64.8124,-148.2882,16.4,1.7,ml,,,,0.92,ak,ak0237egrd5n,2023-06-16T18:02:21.141Z,"13 km WSW of Ester, Alaska",earthquake,,0.1,,,reviewed,ak,ak
2023-06-10T12:15:28.850Z,58.2081666666667,-155.208833333333,4.41,-0.68,ml,5,167,,0.03,av,av91919266,2023-06-13T23:34:14.680Z,"",earthquake,0.51,0.71,0.196859794939599,5,reviewed,av,av
2023-06-10T12:11:36.098Z,51.2259,-177.9605,23.8,1.9,ml,,,,0.55,ak,ak0237egqifd,2023-06-16T18:02:27.289Z,"Andreanof Islands, Aleutian Islands, Alaska",earthquake,,0.8,,,reviewed,ak,ak
2023-06-10T12:10:10.860Z,58.2653333333333,-155.102,4.42,-0.3,ml,7,126,,0.15,av,av91919256,2023-06-13T23:31:23.480Z,"86 km NNW of Karluk, Alaska",earthquake,0.42,0.67,0.196891109208818,7,reviewed,av,av
2023-06-10T12:10:04.188Z,63.4508,-150.8077,3.2,1.1,ml,,,,0.98,ak,ak0237egq88y,2023-06-16T18:02:27.077Z,"46 km ESE of Denali National Park, Alaska",earthquake,,0.3,,,reviewed,ak,ak
2023-06-10T12:09:09.764Z,58.0097,-152.4551,42.5,1.8,ml,,,,0.45,ak,ak0237egq0yo,2023-06-16T18:02:26.883Z,"10 km NNE of Ouzinkie, Alaska",earthquake,,0.8,,,reviewed,ak,ak
2023-06-10T12:03:49.111Z,31.65093589,-104.4546995,7.674047852000001,2,ml,25,86,0.02003613441,0.3,tx,tx2023lhgj,2023-06-14T14:52:02.215Z,"58 km S of Whites City, New Mexico",earthquake,1.079169456,0.9083213025,0.1,14,reviewed,tx,tx
2023-06-10T12:03:16.720Z,58.1673333333333,-155.348666666667,2.29,0.02,ml,6,215,,0.07,av,av91919251,2023-06-13T23:28:21.580Z,"85 km NW of Karluk, Alaska",earthquake,0.42,0.57,0.274978389908284,7,reviewed,av,av
2023-06-10T12:02:23.240Z,59.7691,-153.2816,117.2,1.7,ml,,,,0.45,ak,ak0237egojzo,2023-06-16T18:02:26.668Z,"46 km E of Pedro Bay, Alaska",earthquake,,0.3,,,reviewed,ak,ak
2023-06-10T11:59:40.628Z,58.2664,-155.1215,1.1,1.4,ml,,,,0.55,ak,ak0237egfdir,2023-06-16T18:02:20.937Z,"87 km NNW of Karluk, Alaska",earthquake,,0.3,,,reviewed,ak,ak
2023-06-10T11:51:15.450Z,19.2065,-67.9828,40,3.59,md,16,267,0.7991,0.83,pr,pr2023161000,2023-06-11T04:50:35.040Z,"82 km NNE of Punta Cana, Dominican Republic",earthquake,4.67,25.84,0.1,14,reviewed,pr,pr
2023-06-10T11:49:34.020Z,45.3298333333333,-110.873333333333,13.86,1.09,ml,12,72,0.3229,0.19,mb,mb90017543,2023-06-10T13:59:14.140Z,"5 km W of South Glastonbury, Montana",earthquake,0.55,1.58,0.129111939034837,8,reviewed,mb,mb
2023-06-10T11:42:26.050Z,33.9555,-117.7156667,13.4,2.7,ml,127,15,0.05188,0.21,ci,ci40482456,2023-06-15T08:59:29.188Z,"6km SE of Chino Hills, CA",earthquake,0.13,0.29,0.164,75,reviewed,ci,ci
2023-06-10T11:42:25.515Z,33.9553,-117.6987,15.949,2.6,ml,49,24,0.046,0.3,us,us7000k7mf,2023-06-11T16:58:49.230Z,"2 km SSE of Los Serranos, California",earthquake,1.19,0.679,0.038,92,reviewed,us,us
2023-06-10T11:36:16.683Z,60.4415,-152.7749,130,1.9,ml,,,,0.66,ak,ak0237egae7k,2023-06-16T18:02:20.673Z,"75 km NW of Ninilchik, Alaska",earthquake,,0.4,,,reviewed,ak,ak
2023-06-10T11:34:37.020Z,33.5373333,-116.7856667,9.29,0.41,ml,25,46,0.02775,0.1,ci,ci40482448,2023-06-12T23:19:44.279Z,"11km W of Anza, CA",earthquake,0.15,0.32,0.112,14,reviewed,ci,ci
2023-06-10T11:32:01.207Z,53.3204,-164.525,25.7,2,ml,,,,0.69,ak,ak0237eg9j2o,2023-06-16T18:02:20.455Z,"122 km SE of Akutan, Alaska",earthquake,,7.6,,,reviewed,ak,ak
2023-06-10T11:28:50.268Z,51.8875,177.7346,4.8,2.1,ml,,,,0.74,ak,ak0237eg8r36,2023-06-16T18:02:26.485Z,"Rat Islands, Aleutian Islands, Alaska",earthquake,,0.7,,,reviewed,ak,ak
2023-06-10T11:19:32.760Z,18.005,-66.8471666666667,2.1,2.66,md,4,186,0.1909,0.13,pr,pr71412823,2023-06-10T11:33:44.790Z,"2 km ESE of Palomas, Puerto Rico",earthquake,0.62,1.18,0.0997829934362282,5,reviewed,pr,pr
2023-06-10T11:18:07.270Z,58.1765,-155.3135,-0.45,0.23,ml,5,251,,0.18,av,av91919211,2023-06-13T20:32:02.180Z,"84 km NW of Karluk, Alaska",earthquake,1.15,31.61,0.238704626392637,5,reviewed,av,av
2023-06-10T11:16:04.150Z,45.4438333333333,-111.810333333333,5,0.08,ml,4,179,0.199,0.02,mb,mb90017738,2023-06-12T18:17:55.930Z,"12 km NNW of Ennis, Montana",earthquake,0.64,5.52,0.509166480024234,2,reviewed,mb,mb
2023-06-10T11:10:37.955Z,51.906,177.7256,4.8,2.7,ml,,,,0.97,ak,ak0237eg4vy9,2023-06-16T18:02:20.262Z,"Rat Islands, Aleutian Islands, Alaska",earthquake,,0.6,,,reviewed,ak,ak
2023-06-10T11:09:56.424Z,59.5174,-152.7746,76.3,1.4,ml,,,,0.43,ak,ak0237eg4oyi,2023-06-16T18:02:26.278Z,"51 km WNW of Nanwalek, Alaska",earthquake,,0.5,,,reviewed,ak,ak
2023-06-10T11:09:08.642Z,60.2153,-139.7303,13.4,1,ml,,,,0.99,ak,ak0237eg4l9s,2023-06-16T18:02:26.085Z,"74 km N of Yakutat, Alaska",earthquake,,0.4,,,reviewed,ak,ak
2023-06-10T11:08:01.680Z,38.8366661,-122.8085022,1.59,0.46,md,8,108,0.01331,0.01,nc,nc73899521,2023-06-10T13:38:12.116Z,"8km WNW of Cobb, CA",earthquake,0.4,1.39,0.33,8,automatic,nc,nc
2023-06-10T11:01:08.345Z,60.2257,-139.7062,0.7,2.3,ml,,,,0.67,ak,ak0237eg2vk6,2023-06-16T18:02:20.021Z,"Southern Yukon Territory, Canada",earthquake,,0.3,,,reviewed,ak,ak
2023-06-10T10:56:17.707Z,67.5411,-142.3657,18.5,2.1,ml,,,,0.91,ak,ak0237eft90q,2023-06-16T18:02:25.864Z,"115 km NNE of Chalkyitsik, Alaska",earthquake,,0.4,,,reviewed,ak,ak
2023-06-10T10:56:00.450Z,58.173,-155.3075,3.51,0.09,ml,8,203,,0.13,av,av91919196,2023-06-13T20:19:32.650Z,"84 km NW of Karluk, Alaska",earthquake,0.59,1.13,0.277478786373345,8,reviewed,av,av
2023-06-10T10:52:49.760Z,33.5478333,-116.6096667,11.55,0.43,ml,20,86,0.004873,0.11,ci,ci40482440,2023-06-12T23:13:21.601Z,"6km E of Anza, CA",earthquake,0.22,0.41,0.043,11,reviewed,ci,ci
2023-06-10T10:48:36.890Z,44.6643333333333,-114.3555,6.45,1.88,ml,22,43,0.3612,0.22,mb,mb90017538,2023-06-10T14:42:12.330Z,"20 km NNW of Challis, Idaho",earthquake,0.52,1.06,0.27275990072366,22,reviewed,mb,mb
2023-06-10T10:47:42.790Z,33.8195,-117.0003333,14.03,1.3,ml,62,36,0.02934,0.18,ci,ci40482432,2023-06-12T23:11:04.460Z,"6km NW of San Jacinto, CA",earthquake,0.17,0.43,0.16,33,reviewed,ci,ci
2023-06-10T10:38:17.170Z,37.7918333,-122.2065,12.2,1.01,md,32,72,0.02585,0.08,nc,nc73899516,2023-06-12T21:58:13.514Z,"2km E of Oakland, CA",earthquake,0.19,0.39,0.231,21,reviewed,nc,nc
2023-06-10T10:23:30.710Z,55.3775,-161.841666666667,13.13,0.43,ml,4,205,,0.16,av,av91919191,2023-06-10T19:15:28.780Z,"46 km NE of King Cove, Alaska",earthquake,1.9,1.17,0.127824188674962,3,reviewed,av,av
2023-06-10T10:16:42.318Z,64.9978,-141.0239,15,2.1,ml,,,,0.59,ak,ak0237efkq9z,2023-06-16T18:02:25.648Z,"24 km N of Eagle Village, Alaska",earthquake,,0.3,,,reviewed,ak,ak
2023-06-10T10:15:04.560Z,37.29,-121.6755,2.29,0.92,md,17,45,0.03102,0.06,nc,nc73899506,2023-06-10T22:59:14.387Z,"14km E of Seven Trees, CA",earthquake,0.22,0.35,0.203,16,reviewed,nc,nc
2023-06-10T10:14:57.110Z,58.1743333333333,-155.3635,-1.66,-0.43,ml,6,143,,0.05,av,av91919186,2023-06-13T19:50:15.800Z,"86 km NW of Karluk, Alaska",earthquake,0.42,2.72,0.179605505578432,5,reviewed,av,av
2023-06-10T10:12:39.430Z,45.4478333333333,-111.821166666667,4.93,0,ml,5,175,0.2009,0.05,mb,mb90017733,2023-06-12T18:13:58.830Z,"13 km NNW of Ennis, Montana",earthquake,0.5,5.54,0.517789245968446,2,reviewed,mb,mb
2023-06-10T10:11:15.900Z,36.5325,-98.96766667,6.43,2.02,ml,42,75,0.04409134777,0.16,ok,ok2023lhcr,2023-06-12T19:42:52.586Z,"9 km SW of Waynoka, Oklahoma",earthquake,,0.3,0.28,10,reviewed,ok,ok
2023-06-10T10:10:21.859Z,60.2277,-147.1831,5.8,1.3,ml,,,,0.75,ak,ak0237efjeeh,2023-06-16T18:02:25.464Z,"49 km ENE of Chenega, Alaska",earthquake,,0.3,,,reviewed,ak,ak
2023-06-10T10:08:29.700Z,38.8301667,-122.816,1.72,1.09,md,45,45,0.008194,0.04,nc,nc73899501,2023-06-12T21:26:15.320Z,"8km NW of The Geysers, CA",earthquake,0.12,0.19,0.179,36,reviewed,nc,nc
2023-06-10T10:04:52.576Z,38.5871,22.8955,17.595,4.2,mwr,40,55,1.547,0.55,us,us7000k7m7,2023-06-10T10:28:44.040Z,"Greece",earthquake,4.33,5.372,0.065,23,reviewed,us,us
2023-06-10T09:51:05.796Z,61.2911,-150.6369,51.8,1.6,ml,,,,0.77,ak,ak0237ef6pvb,2023-06-16T18:02:19.785Z,"28 km SSW of Susitna, Alaska",earthquake,,0.4,,,reviewed,ak,ak
2023-06-10T09:44:34.300Z,38.7513351,-122.7243347,1.51,0.96,md,7,164,0.01025,0.02,nc,nc73899486,2023-06-10T11:52:13.397Z,"4km SW of Anderson Springs, CA",earthquake,0.39,0.52,0.29,9,automatic,nc,nc
2023-06-10T09:44:05.200Z,38.7506676,-122.7231674,1.26,1.19,md,11,168,0.01099,0.03,nc,nc73899476,2023-06-10T11:09:15.124Z,"4km SW of Anderson Springs, CA",earthquake,0.31,0.39,0.14,12,automatic,nc,nc
2023-06-10T09:43:12.117Z,51.6775,-168.2311,25.2,1.9,ml,,,,0.59,ak,ak0237ef50ob,2023-06-16T18:02:25.279Z,"146 km SSE of Nikolski, Alaska",earthquake,,6.1,,,reviewed,ak,ak
2023-06-10T09:43:04.110Z,38.7423333,-122.7218333,1.54,2.58,md,93,31,0.008197,0.08,nc,nc73899481,2023-06-12T23:30:17.040Z,"4km SW of Anderson Springs, CA",earthquake,0.1,0.21,0.181,97,reviewed,nc,nc
2023-06-10T09:36:56.450Z,58.1928333333333,-155.2855,2.27,-0.18,ml,4,228,,0.03,av,av91919161,2023-06-13T19:48:07.830Z,"85 km NW of Karluk, Alaska",earthquake,0.67,1.48,0.242109520682026,4,reviewed,av,av
2023-06-10T09:33:30.542Z,59.7946,-152.5037,72.3,1.4,ml,,,,0.33,ak,ak0237ef2wxq,2023-06-16T18:02:25.090Z,"37 km W of Anchor Point, Alaska",earthquake,,0.6,,,reviewed,ak,ak
2023-06-10T09:30:31.520Z,35.6608333,-117.4476667,5.57,0.81,ml,14,95,0.01997,0.15,ci,ci40482416,2023-06-12T22:53:47.119Z,"12km SSW of Searles Valley, CA",earthquake,0.43,0.97,0.149,8,reviewed,ci,ci
2023-06-10T09:29:27.408Z,52.7214,-169.4585,13.1,1.5,ml,,,,0.47,ak,ak0237ef2345,2023-06-16T18:02:19.397Z,"46 km WSW of Nikolski, Alaska",earthquake,,0.8,,,reviewed,ak,ak
2023-06-10T09:29:19.377Z,61.9536,-148.5799,29.9,1.1,ml,,,,0.64,ak,ak0237ef215u,2023-06-16T18:02:19.581Z,"18 km NNW of Chickaloon, Alaska",earthquake,,0.3,,,reviewed,ak,ak
2023-06-10T09:27:44.520Z,47.7858333333333,-115.765333333333,3.84,1.31,ml,8,84,0.5325,0.18,mb,mb90017708,2023-06-12T17:40:39.780Z,"13 km WSW of Trout Creek, Montana",earthquake,0.65,13.14,0.401680798585009,8,reviewed,mb,mb
2023-06-10T09:21:49.150Z,39.8931667,-123.9793333,2.08,1.76,md,22,192,0.1586,0.15,nc,nc73899466,2023-06-11T02:24:15.698Z,"17km SSE of Shelter Cove, CA",earthquake,0.51,1.78,0.208,18,reviewed,nc,nc
2023-06-10T09:19:45.597Z,53.962,-166.2539,6.6,1,ml,,,,0.49,ak,ak0237eezy19,2023-06-16T18:02:19.193Z,"20 km ENE of Dutch Harbor, Alaska",earthquake,,0.4,,,reviewed,ak,ak
2023-06-10T09:15:03.480Z,58.1876666666667,-155.276166666667,1.88,0.17,ml,5,225,,0.03,av,av91919136,2023-06-13T19:32:52.180Z,"84 km NW of Karluk, Alaska",earthquake,0.68,1.46,0.23719159228438,4,reviewed,av,av
2023-06-10T09:12:50.868Z,-15.977,-179.1556,10,5.8,mww,94,49,3.199,0.67,us,us7000k7m3,2023-06-15T17:51:43.040Z,"Fiji region",earthquake,11.05,1.762,0.069,20,reviewed,us,us
2023-06-10T09:12:34.296Z,22.8476,120.6217,19.897,4.7,mwr,48,84,0.424,0.74,us,us7000k7ly,2023-06-10T18:21:07.090Z,"",earthquake,3.12,3.88,0.059,28,reviewed,us,us
2023-06-10T09:12:06.713Z,63.23,-150.6079,8.3,1.9,ml,,,,0.61,ak,ak0237eeyd1n,2023-06-16T18:02:18.940Z,"65 km ESE of Denali National Park, Alaska",earthquake,,0.2,,,reviewed,ak,ak
2023-06-10T09:10:09.800Z,53.9501,-166.2243,6.9,1.5,ml,,,,0.6,ak,ak0237eexxx4,2023-06-16T18:02:18.720Z,"21 km ENE of Dutch Harbor, Alaska",earthquake,,0.2,,,reviewed,ak,ak
2023-06-10T09:09:01.616Z,61.6427,-146.623,19.8,1.2,ml,,,,0.6,ak,ak0237eexpip,2023-06-16T18:02:24.864Z,"39 km S of Nelchina, Alaska",earthquake,,0.8,,,reviewed,ak,ak
2023-06-10T09:07:02.952Z,53.4311,160.3509,60.173,4.4,mb,30,142,1.101,0.7,us,us7000k7lv,2023-06-10T09:20:20.040Z,"122 km ENE of Petropavlovsk-Kamchatsky, Russia",earthquake,11.59,9.253,0.093,33,reviewed,us,us
2023-06-10T09:05:50.030Z,61.2736666666667,-152.6375,2.99,0.27,ml,5,224,,0.06,av,av91919121,2023-06-13T19:14:22.050Z,"Southern Alaska",earthquake,0.72,0.4,0.215814410664899,6,reviewed,av,av
2023-06-10T09:02:21.940Z,58.1781666666667,-155.314666666667,0.49,0.16,ml,8,202,,0.06,av,av91919116,2023-06-13T18:56:01.410Z,"84 km NW of Karluk, Alaska",earthquake,0.38,1.76,0.346060908290592,8,reviewed,av,av
2023-06-10T08:55:44.253Z,51.1552,-177.8922,15.6,1.9,ml,,,,0.22,ak,ak0237eem855,2023-06-16T18:02:24.675Z,"118 km SW of Adak, Alaska",earthquake,,0.6,,,reviewed,ak,ak
2023-06-10T08:54:23.910Z,58.1728333333333,-155.373333333333,1.76,-0.24,ml,6,216,,0.08,av,av91919111,2023-06-13T18:47:52.790Z,"86 km NW of Karluk, Alaska",earthquake,0.43,0.91,0.220039988748868,6,reviewed,av,av
2023-06-10T08:53:47.810Z,38.8213348,-122.8231659,2.58,0.93,md,11,84,0.009437,0.03,nc,nc73899461,2023-06-10T10:07:14.746Z,"8km NW of The Geysers, CA",earthquake,0.37,0.99,0.22,12,automatic,nc,nc
2023-06-10T08:53:15.490Z,33.8238333,-116.9916667,12.54,0.62,ml,26,86,0.162,0.13,ci,ci40482400,2023-06-12T22:50:49.100Z,"5km NW of San Jacinto, CA",earthquake,0.25,0.79,0.093,10,reviewed,ci,ci
2023-06-10T08:44:56.996Z,60.7019,-152.0841,88.8,3.3,ml,,,,0.9,ak,ak0237eejw69,2023-06-21T05:01:33.040Z,"42 km WNW of Salamatof, Alaska",earthquake,,0.2,,,reviewed,ak,ak
2023-06-10T08:40:57.526Z,63.3875,-150.4551,129.9,1.4,ml,,,,0.45,ak,ak0237eej1fc,2023-06-16T18:02:24.261Z,"65 km ESE of Denali National Park, Alaska",earthquake,,0.5,,,reviewed,ak,ak
2023-06-10T08:40:46.941Z,57.5694,-154.9641,60.7,1.9,ml,,,,0.3,ak,ak0237eej0ly,2023-06-16T18:02:24.470Z,"30 km W of Karluk, Alaska",earthquake,,0.6,,,reviewed,ak,ak
2023-06-10T08:38:52.470Z,58.219,-155.111,0.35,0.39,ml,7,102,,0.17,av,av91919091,2023-06-13T18:43:14.800Z,"Alaska Peninsula",earthquake,0.33,1.55,0.459015613510824,7,reviewed,av,av
2023-06-10T08:37:34.850Z,33.8245,-116.9963333,13.56,0.53,ml,24,114,0.1599,0.18,ci,ci40482392,2023-06-12T22:43:01.796Z,"6km NW of San Jacinto, CA",earthquake,0.4,1.05,0.145,13,reviewed,ci,ci
2023-06-10T08:33:01.095Z,51.2218,-179.0282,30.534,3.2,ml,33,208,0.358,0.87,us,us7000k914,2023-06-21T04:59:24.040Z,"Andreanof Islands, Aleutian Islands, Alaska",earthquake,3.84,10.111,0.085,18,reviewed,us,us
2023-06-10T08:30:05.453Z,62.5319,-152.0812,0.5,1.8,ml,,,,0.83,ak,ak0237eegs8y,2023-06-16T18:02:17.830Z,"67 km W of Petersville, Alaska",earthquake,,0.2,,,reviewed,ak,ak
2023-06-10T08:20:48.971Z,39.2451,-120.2496,8.9,0.6,ml,6,218.57,0.172,0.1229,nn,nn00861082,2023-06-10T15:20:38.254Z,"Northern California",earthquake,,6.4,0.33,3,reviewed,nn,nn
2023-06-10T08:17:54.620Z,58.2465,-155.129166666667,3.4,-0.36,ml,5,253,,0.08,av,av91919071,2023-06-13T18:34:06.220Z,"85 km NNW of Karluk, Alaska",earthquake,0.59,0.53,0.157925790375402,5,reviewed,av,av
2023-06-10T08:13:08.566Z,52.5392,-168.236,32.1,1.7,ml,,,,0.83,ak,ak0237eed5bc,2023-06-16T18:02:24.072Z,"61 km SE of Nikolski, Alaska",earthquake,,2.6,,,reviewed,ak,ak
2023-06-10T08:12:52.310Z,35.8871667,-117.7091667,9.09,1.31,ml,19,115,0.09056,0.09,ci,ci40482384,2023-06-12T22:34:53.909Z,"19km ESE of Little Lake, CA",earthquake,0.18,0.46,0.252,8,reviewed,ci,ci
2023-06-10T08:12:29.020Z,58.197,-155.260666666667,2.75,-0.09,ml,4,211,,0.31,av,av91919066,2023-06-13T18:27:53.300Z,"84 km NW of Karluk, Alaska",earthquake,1.76,1.49,0.419143176917295,4,reviewed,av,av
2023-06-10T08:02:10.247Z,54.5165,-163.4443,27.6,1.4,ml,,,,0.57,ak,ak0237eeaskg,2023-06-16T18:02:23.875Z,"Unimak Island region, Alaska",earthquake,,1.5,,,reviewed,ak,ak
2023-06-10T07:58:20.120Z,60.042,-153.09,-0.18,-0.42,ml,4,195,,0.04,av,av91919051,2023-06-13T01:29:58.160Z,"63 km ENE of Pedro Bay, Alaska",earthquake,0.33,1.24,0.380944480152582,4,reviewed,av,av
2023-06-10T07:55:47.205Z,-24.1683,-67.0604,201.981,3.9,mb,20,106,1.587,0.41,us,us7000k7lq,2023-06-21T04:56:36.040Z,"75 km W of San Antonio de los Cobres, Argentina",earthquake,4.64,10.738,0.23,5,reviewed,us,us
2023-06-10T07:54:53.140Z,19.253833770752,-155.394668579102,31.5799999237061,2.16,ml,44,132,,0.129999995,hv,hv73447922,2023-06-10T08:00:24.500Z,"10 km ENE of Pāhala, Hawaii",earthquake,0.51,0.649999976,0.01,3,automatic,hv,hv
2023-06-10T07:52:15.470Z,58.1778333333333,-155.337333333333,1.85,0.04,ml,7,206,,0.1,av,av91919041,2023-06-13T01:41:11.700Z,"Alaska Peninsula",earthquake,0.44,0.75,0.300021673830747,7,reviewed,av,av
2023-06-10T07:51:35.187Z,36.7581,-116.2937,7.5,-0.2,ml,5,249.64,0.026,0.034,nn,nn00861078,2023-06-10T14:58:54.884Z,"",earthquake,,3.5,0,1,reviewed,nn,nn
2023-06-10T07:48:58.541Z,61.3696,-149.8688,25.6,1.2,ml,,,,0.74,ak,ak0237edzbjn,2023-06-15T15:47:01.150Z,"5 km E of Point MacKenzie, Alaska",earthquake,,1,,,reviewed,ak,ak
2023-06-10T07:39:38.570Z,58.2126666666667,-155.0965,4.66,-0.54,ml,5,114,,0.18,av,av91919036,2023-06-13T01:39:04.980Z,"81 km NNW of Karluk, Alaska",earthquake,0.52,1.43,0.229132758314113,5,reviewed,av,av
2023-06-10T07:37:40.543Z,61.9407,-150.0604,44.2,1.1,ml,,,,0.46,ak,ak0237edwxbk,2023-06-15T15:47:00.945Z,"21 km N of Willow, Alaska",earthquake,,1.4,,,reviewed,ak,ak
2023-06-10T07:33:00.219Z,59.2621,-152.3493,71.5,1.9,ml,,,,0.42,ak,ak0237edvw9p,2023-06-15T15:47:00.505Z,"26 km WSW of Nanwalek, Alaska",earthquake,,0.3,,,reviewed,ak,ak
2023-06-10T07:32:43.407Z,61.8981,-150.0255,41.2,1.3,ml,,,,0.83,ak,ak0237edvuyr,2023-06-15T15:47:00.737Z,"16 km N of Willow, Alaska",earthquake,,0.9,,,reviewed,ak,ak
2023-06-10T07:30:31.900Z,37.586,-118.8416667,0.1,0.45,md,6,257,0.01076,0.02,nc,nc73899456,2023-06-10T12:38:15.713Z,"13km ESE of Mammoth Lakes, CA",earthquake,2.64,1.3,0.041,6,reviewed,nc,nc
2023-06-10T07:24:29.342Z,-24.1175,-66.9529,189.009,4.3,mwr,43,39,1.616,0.93,us,us7000k7ll,2023-06-21T04:48:18.601Z,"Salta, Argentina",earthquake,8.15,6.711,,,reviewed,us,guc
2023-06-10T07:18:03.580Z,38.8064995,-122.819664,3.27,0.75,md,12,79,0.0078,0.06,nc,nc73899451,2023-06-10T07:35:17.922Z,"6km WNW of The Geysers, CA",earthquake,0.46,0.89,0.12,13,automatic,nc,nc
2023-06-10T07:17:52.582Z,58.1811,-155.3711,2.5,2,ml,,,,0.5,ak,ak0237edsnza,2023-06-15T16:35:37.424Z,"87 km NW of Karluk, Alaska",earthquake,,0.3,,,reviewed,ak,ak
2023-06-10T07:10:31.919Z,63.1709,-150.6396,116.3,1.3,ml,,,,0.39,ak,ak0237edr4dv,2023-06-15T15:47:00.098Z,"68 km SE of Denali National Park, Alaska",earthquake,,0.6,,,reviewed,ak,ak
2023-06-10T07:08:11.530Z,33.0301667,-115.995,9.57,0.95,ml,28,58,0.1437,0.19,ci,ci40482352,2023-06-12T22:29:34.928Z,"18km SE of Ocotillo Wells, CA",earthquake,0.29,1.03,0.146,15,reviewed,ci,ci
2023-06-10T07:07:33.210Z,58.1771666666667,-155.3445,1.08,0.38,ml,8,208,,0.09,av,av91919001,2023-06-13T01:06:09.290Z,"Alaska Peninsula",earthquake,0.71,1.81,0.338661845188005,8,reviewed,av,av
2023-06-10T07:06:25.010Z,35.35683333,-98.08533333,6.61,0.93,ml,32,57,0.08188393158,0.26,ok,ok2023lgwo,2023-06-12T19:12:56.353Z,"13 km WSW of Union City, Oklahoma",earthquake,,0.6,0.13,3,reviewed,ok,ok
2023-06-10T07:02:54.730Z,33.4563333,-116.4236667,8.24,0.47,ml,17,124,0.06691,0.14,ci,ci40482336,2023-06-12T22:22:04.872Z,"23km NNW of Borrego Springs, CA",earthquake,0.31,1.01,0.166,10,reviewed,ci,ci
2023-06-10T07:02:17.275Z,61.0299,-150.5468,55.4,1.4,ml,,,,0.41,ak,ak0237edpdh4,2023-06-15T15:46:59.902Z,"14 km NNE of Point Possession, Alaska",earthquake,,1,,,reviewed,ak,ak
2023-06-10T07:02:11.160Z,35.4236667,-118.2498333,11.85,1.07,ml,14,68,0.1438,0.08,ci,ci40482328,2023-06-12T22:14:43.823Z,"28km SE of Bodfish, CA",earthquake,0.19,0.65,0.188,9,reviewed,ci,ci
2023-06-10T07:00:45.450Z,45.9985,-111.286666666667,9.14,0.99,ml,13,87,0.2837,0.2,mb,mb90017728,2023-06-12T18:09:24.530Z,"7 km ESE of Ponderosa Pines, Montana",earthquake,0.49,1.67,0.201411011683992,8,reviewed,mb,mb
2023-06-10T06:59:38.950Z,18.0455,-66.8435,18.23,1.89,md,8,116,0.07789,0.15,pr,pr71412818,2023-06-10T07:10:33.480Z,"1 km NNE of Yauco, Puerto Rico",earthquake,0.59,0.81,0.0910969328584295,4,reviewed,pr,pr
2023-06-10T06:55:14.190Z,33.4541667,-116.4248333,7.99,0.35,ml,15,125,0.06905,0.13,ci,ci40482320,2023-06-12T22:11:56.811Z,"22km NNW of Borrego Springs, CA",earthquake,0.32,1.1,0.067,11,reviewed,ci,ci
2023-06-10T06:54:10.180Z,33.4548333,-116.4248333,7.72,0.55,ml,19,124,0.06839,0.13,ci,ci40482312,2023-06-12T22:06:18.775Z,"23km NNW of Borrego Springs, CA",earthquake,0.26,0.86,0.103,11,reviewed,ci,ci
2023-06-10T06:53:57.656Z,3.8178,-76.489,146.602,4.3,mb,37,98,2.39,0.79,us,us7000k7li,2023-06-21T04:45:55.507Z,"3 km E of Restrepo, Colombia",earthquake,7.72,9.868,0.119,20,reviewed,us,us
2023-06-10T06:50:42.571Z,65.9073,-147.0379,4,1,ml,,,,0.21,ak,ak0237edea7s,2023-06-15T16:35:37.239Z,"52 km SSE of Beaver, Alaska",earthquake,,0.3,,,reviewed,ak,ak
2023-06-10T06:42:42.710Z,44.0871667,-110.419,6.68,0.73,md,11,179,0.3155,0.19,uu,uu60541931,2023-06-12T16:13:40.690Z,"54 km NNE of Kelly, Wyoming",earthquake,0.68,2.58,0.281,5,reviewed,uu,uu
2023-06-10T06:39:28.360Z,33.3986667,-116.427,14.69,0.76,ml,36,101,0.0875,0.15,ci,ci40482304,2023-06-12T22:03:12.458Z,"17km NNW of Borrego Springs, CA",earthquake,0.23,0.44,0.143,21,reviewed,ci,ci
2023-06-10T06:37:04.580Z,51.8588333333333,-178.063833333333,-1.77,1.25,ml,4,179,,0.24,av,av91918981,2023-06-13T01:02:32.280Z,"Andreanof Islands, Aleutian Islands, Alaska",earthquake,0.7,1.62,0.286077858063293,4,reviewed,av,av
2023-06-10T06:35:37.625Z,60.1589,-151.2674,67.2,1.4,ml,,,,0.48,ak,ak0237edb1di,2023-06-15T15:46:59.519Z,"10 km SE of Clam Gulch, Alaska",earthquake,,1.2,,,reviewed,ak,ak
2023-06-10T06:35:17.180Z,53.9861666666667,-166.080166666667,17.22,-0.17,ml,7,325,,0.05,av,av91107333,2023-06-13T00:56:19.170Z,"Fox Islands, Aleutian Islands, Alaska",earthquake,1.24,0.8,0.229736831392584,7,reviewed,av,av
2023-06-10T06:33:44.880Z,55.056,-162.248166666667,0.97,0.59,ml,8,142,,0.08,av,av91918971,2023-06-13T00:59:20.030Z,"4 km E of King Cove, Alaska",earthquake,0.27,1.13,0.29710619704395,8,reviewed,av,av
2023-06-10T06:23:01.220Z,35.6551667,-119.7823333,4.47,1.36,ml,16,110,0.1823,0.15,ci,ci40482296,2023-06-13T23:32:34.143Z,"37km SW of Alpaugh, CA",earthquake,0.37,2.03,0.261,16,reviewed,ci,ci
2023-06-10T06:18:02.750Z,35.35,-98.08166667,7.06,1.16,ml,27,86,0.08548322528,0.22,ok,ok2023lguy,2023-06-12T19:01:28.613Z,"13 km WNW of Minco, Oklahoma",earthquake,,0.6,0.16,3,reviewed,ok,ok
2023-06-10T06:15:39.210Z,38.7856674,-122.73983,0.73,1.1,md,9,119,0.003432,0.01,nc,nc73899446,2023-06-10T09:15:14.472Z,"2km ENE of The Geysers, CA",earthquake,0.32,0.63,0.15,8,automatic,nc,nc
2023-06-10T06:12:51.620Z,53.9861666666667,-166.083166666667,17.29,-0.16,ml,6,332,,0.07,av,av91107328,2023-06-13T00:56:18.120Z,"26 km SW of Akutan, Alaska",earthquake,1.42,0.95,0.146946217926796,6,reviewed,av,av
2023-06-10T06:11:26.636Z,60.6129,-141.5076,15,1.1,ml,,,,0.86,ak,ak0237ed5w0k,2023-06-15T15:46:59.322Z,"119 km SE of McCarthy, Alaska",earthquake,,0.5,,,reviewed,ak,ak
2023-06-10T06:09:56.660Z,39.748,-120.2823333,5.88,2.35,md,14,75,0.09597,0.06,nc,nc73899441,2023-06-11T01:53:18.498Z,"9km NNW of Loyalton, CA",earthquake,0.31,0.7,0.151,31,reviewed,nc,nc
2023-06-10T06:05:14.845Z,64.9213,-148.9887,20.4,1.8,ml,,,,0.63,ak,ak0237ed4kuo,2023-06-15T15:46:59.113Z,"Central Alaska",earthquake,,0.1,,,reviewed,ak,ak
2023-06-10T06:05:14.500Z,58.2506666666667,-155.1235,3.05,-0.31,ml,7,100,,0.1,av,av91918961,2023-06-13T00:37:27.900Z,"85 km NNW of Karluk, Alaska",earthquake,0.3,0.82,0.27530333027169,5,reviewed,av,av
2023-06-10T06:02:56.530Z,53.3418333333333,-168.270166666667,23.21,0.03,ml,7,312,,0.19,av,av91918956,2023-06-13T00:29:49.130Z,"59 km NE of Nikolski, Alaska",earthquake,2.83,1.25,0.291305027188237,7,reviewed,av,av
2023-06-10T05:56:12.956Z,58.1276,-154.0288,61.5,1.6,ml,,,,0.51,ak,ak0237ecu2mr,2023-06-15T15:46:58.915Z,"65 km N of Larsen Bay, Alaska",earthquake,,0.8,,,reviewed,ak,ak
2023-06-10T05:55:37.730Z,53.9875,-166.1225,15.69,0.12,ml,8,327,,0.06,av,av91107318,2023-06-13T00:17:18.960Z,"Fox Islands, Aleutian Islands, Alaska",earthquake,1.05,1.22,0.212787119316156,8,reviewed,av,av
2023-06-10T05:54:31.240Z,53.9871666666667,-166.096833333333,16.85,0.11,ml,7,326,,0.06,av,av91107313,2023-06-13T00:12:05.540Z,"26 km SW of Akutan, Alaska",earthquake,1.27,0.99,0.186856299686337,7,reviewed,av,av
2023-06-10T05:53:18.460Z,53.9848333333333,-166.1075,16.49,0.25,ml,8,326,,0.05,av,av91107308,2023-06-13T00:07:22.550Z,"",earthquake,0.79,1,0.180730180642228,9,reviewed,av,av
2023-06-10T05:50:29.560Z,58.1761666666667,-155.3205,2.11,0.28,ml,7,205,,0.05,av,av91918936,2023-06-13T00:01:44.840Z,"84 km NW of Karluk, Alaska",earthquake,0.43,0.6,0.221119007706594,8,reviewed,av,av
2023-06-10T05:46:17.541Z,53.9491,-166.2308,6.7,1.6,ml,,,,0.66,ak,ak0237ecrxuh,2023-06-15T15:46:58.526Z,"21 km ENE of Dutch Harbor, Alaska",earthquake,,0.3,,,reviewed,ak,ak
2023-06-10T05:43:17.210Z,35.859,-98.05883333,7.79,0.49,ml,23,69,0.1106782811,0.29,ok,ok2023lgtv,2023-06-26T13:06:14.678Z,"",earthquake,,1.1,0.13,3,reviewed,ok,ok
2023-06-10T05:39:47.338Z,64.9866,-147.3694,0,1.2,ml,,,,0.67,ak,ak0237ecqi5i,2023-06-15T16:35:36.868Z,"12 km ENE of Fox, Alaska",explosion,,0,,,reviewed,ak,ak
2023-06-10T05:39:26.261Z,51.8805,177.6126,10.175,3.3,ml,17,178,0.561,0.48,us,us7000k8nv,2023-06-21T04:33:56.040Z,"",earthquake,4.14,6.456,0.091,16,reviewed,us,us
2023-06-10T05:38:39.525Z,63.5417,-147.4895,0.8,1.1,ml,,,,0.94,ak,ak0237ecq9sh,2023-06-15T15:46:58.139Z,"73 km ESE of Denali Park, Alaska",earthquake,,0.5,,,reviewed,ak,ak
2023-06-10T05:36:56.788Z,53.9535,-166.2489,6.6,1.5,ml,,,,0.57,ak,ak0237ecpuah,2023-06-15T15:46:57.943Z,"20 km ENE of Dutch Harbor, Alaska",earthquake,,0.6,,,reviewed,ak,ak
2023-06-10T05:36:30.679Z,35.36083333,-98.09166667,6.46,1.72,ml,35,85,0.08098410816,0.33,ok,ok2023lgtp,2023-06-26T12:42:08.444Z,"14 km WSW of Union City, Oklahoma",earthquake,,0.8,0.19,7,reviewed,ok,ok
2023-06-10T05:35:03.728Z,39.3993,-120.1956,12.4,0.3,ml,7,207.08,0.163,0.1198,nn,nn00861081,2023-06-10T15:17:30.954Z,"7 km N of Truckee, California",earthquake,,3.1,0.55,4,reviewed,nn,nn
2023-06-10T05:31:54.728Z,22.8456,120.6529,25.213,4.9,mwr,143,70,0.395,0.73,us,us7000k7l7,2023-06-21T04:31:37.526Z,"36 km SSE of Yujing, Taiwan",earthquake,5.11,4.759,0.061,26,reviewed,us,us
2023-06-10T05:26:30.420Z,58.2525,-155.119333333333,3.27,0.34,ml,11,91,,0.06,av,av91918891,2023-06-15T15:45:44.043Z,"85 km NNW of Karluk, Alaska",earthquake,0.24,0.45,0.157620418083426,11,reviewed,av,av
2023-06-10T05:20:20.870Z,35.21,-118.6723333,7.36,1.05,ml,15,90,0.02497,0.13,ci,ci40482272,2023-06-12T21:54:49.453Z,"14km E of Arvin, CA",earthquake,0.26,0.63,0.357,6,reviewed,ci,ci
2023-06-10T05:18:14.650Z,37.441,-118.7025,-1.3,1.43,md,16,219,0.1796,0.04,nc,nc73899436,2023-06-11T01:35:14.384Z,"10km WNW of Round Valley, CA",earthquake,0.64,0.79,0.135,17,reviewed,nc,nc
2023-06-10T05:13:23.196Z,-4.7966,143.4573,99.069,4.4,mb,43,112,3.563,0.57,us,us7000k7l3,2023-06-20T13:10:19.507Z,"New Guinea, Papua New Guinea",earthquake,6.53,7.785,0.098,30,reviewed,us,us
2023-06-10T05:06:35.999Z,60.9784,-141.224,9.2,0.8,ml,,,,0.67,ak,ak0237ecjel1,2023-06-15T15:46:57.751Z,"104 km ESE of McCarthy, Alaska",earthquake,,0.2,,,reviewed,ak,ak
2023-06-10T05:00:26.941Z,59.6635,-153.3276,109.1,1.7,ml,,,,0.48,ak,ak0237eci3j2,2023-06-15T15:46:57.530Z,"Southern Alaska",earthquake,,0.4,,,reviewed,ak,ak
2023-06-10T04:57:37.920Z,58.178,-155.340333333333,-1.24,0.06,ml,5,251,,0.08,av,av91918871,2023-06-12T22:35:34.700Z,"Alaska Peninsula",earthquake,0.57,6.31,0.173838586230611,5,reviewed,av,av
2023-06-10T04:46:03.110Z,34.2356667,-116.78,5.86,0.88,ml,25,65,0.1188,0.1,ci,ci40482264,2023-06-12T21:51:57.671Z,"7km ESE of Big Bear City, CA",earthquake,0.23,0.94,0.132,15,reviewed,ci,ci
2023-06-10T04:44:42.960Z,35.6466667,-118.3215,8.11,1.63,ml,35,64,0.0543,0.15,ci,ci40482256,2023-06-12T21:48:17.330Z,"14km ESE of Wofford Heights, CA",earthquake,0.18,0.41,0.211,21,reviewed,ci,ci
2023-06-10T04:43:30.917Z,59.7241,-152.662,81.4,2.4,ml,,,,0.59,ak,ak0237ec5w01,2023-06-15T15:46:57.223Z,"47 km W of Anchor Point, Alaska",earthquake,,0.3,,,reviewed,ak,ak
2023-06-10T04:42:25.370Z,33.372,-116.9586667,8.42,0.46,ml,19,54,0.06353,0.12,ci,ci40482248,2023-06-12T21:38:59.983Z,"9km WNW of Palomar Observatory, CA",earthquake,0.21,0.58,0.051,10,reviewed,ci,ci
2023-06-10T04:40:56.780Z,33.3835,-116.8963333,14.44,0.58,ml,33,32,0.04103,0.17,ci,ci40482240,2023-06-12T21:22:20.585Z,"4km NW of Palomar Observatory, CA",earthquake,0.21,0.64,0.089,17,reviewed,ci,ci
2023-06-10T04:39:56.860Z,58.1756666666667,-155.3325,2.67,1,ml,9,207,,0.11,av,av91918856,2023-06-15T15:45:37.666Z,"85 km NW of Karluk, Alaska",earthquake,0.31,0.37,0.371131612196963,11,reviewed,av,av
2023-06-10T04:24:47.018Z,61.6271,-151.0686,76.8,1.2,ml,,,,0.45,ak,ak0237ec1uql,2023-06-15T15:47:01.939Z,"Southern Alaska",earthquake,,0.9,,,reviewed,ak,ak
2023-06-10T04:21:35.502Z,60.5995,-144.4237,0,2,ml,,,,0.65,ak,ak0237ec16q7,2023-06-15T16:35:36.658Z,"73 km E of Cordova, Alaska",ice quake,,0,,,reviewed,ak,ak
2023-06-10T04:18:18.940Z,35.6488333,-118.3205,8.23,1.04,ml,22,66,0.05277,0.17,ci,ci40482232,2023-06-11T15:17:47.273Z,"14km ESE of Wofford Heights, CA",earthquake,0.24,0.63,0.094,8,reviewed,ci,ci
2023-06-10T04:14:59.270Z,19.4624996185303,-155.727172851562,7.88000011444092,1.74000001,md,18,110,,0.129999995,hv,hv73447837,2023-06-10T04:17:57.690Z,"",earthquake,0.45,0.589999974,1.01999998,8,automatic,hv,hv
2023-06-10T04:05:01.610Z,35.652,-118.3171667,7.7,1.68,ml,16,74,0.05147,0.14,ci,ci40482216,2023-06-11T14:11:35.854Z,"14km ESE of Wofford Heights, CA",earthquake,0.28,0.57,0.164,11,reviewed,ci,ci
2023-06-10T04:04:23.250Z,35.6455,-118.3206667,8.18,2.37,ml,50,64,0.05564,0.13,ci,ci40482208,2023-06-12T21:17:20.609Z,"14km ESE of Wofford Heights, CA",earthquake,0.12,0.35,0.238,23,reviewed,ci,ci
2023-06-10T04:02:36.180Z,58.212,-155.210666666667,5.14,-0.09,ml,7,148,,0.06,av,av91918831,2023-06-12T22:22:14.500Z,"Alaska Peninsula",earthquake,0.33,0.57,0.136578440423616,7,reviewed,av,av
2023-06-10T04:00:57.630Z,17.9353333333333,-66.9485,9.88,2.27,md,10,224,0.05276,0.21,pr,pr71412808,2023-06-10T04:10:29.000Z,"5 km SW of Guánica, Puerto Rico",earthquake,0.86,0.94,0.158514381728159,4,reviewed,pr,pr
2023-06-10T03:58:53.860Z,33.3093333,-116.3101667,13.17,0.93,ml,34,139,0.05076,0.19,ci,ci40482200,2023-06-12T19:44:26.148Z,"8km NE of Borrego Springs, CA",earthquake,0.33,0.54,0.167,20,reviewed,ci,ci
2023-06-10T03:55:14.410Z,35.7733333,-117.5985,8.08,0.1,ml,9,126,0.04232,0.3,ci,ci37548452,2023-06-11T15:12:58.259Z,"18km W of Searles Valley, CA",earthquake,0.79,1.56,0.105,3,reviewed,ci,ci
2023-06-10T03:54:54.770Z,35.8825,-117.6378333,10.35,0.18,ml,5,189,0.07424,0.15,ci,ci40482192,2023-06-11T15:00:45.146Z,"25km WNW of Searles Valley, CA",earthquake,0.71,1.45,0.207,4,reviewed,ci,ci
2023-06-10T03:49:31.020Z,58.256,-155.149166666667,33.28,0.81,ml,10,129,,0.12,av,av91107228,2023-06-10T18:49:37.430Z,"86 km NNW of Karluk, Alaska",earthquake,0.63,0.68,0.259875968865353,9,reviewed,av,av
2023-06-10T03:48:42.140Z,58.2435,-155.141166666667,32.53,0.46,ml,12,104,,0.2,av,av91107218,2023-06-10T18:30:54.900Z,"85 km NNW of Karluk, Alaska",earthquake,0.75,0.98,0.274845369712424,11,reviewed,av,av
2023-06-10T03:48:23.160Z,58.257,-155.141666666667,31.04,0.23,ml,10,95,,0.2,av,av91918826,2023-06-10T18:31:25.350Z,"86 km NNW of Karluk, Alaska",earthquake,0.88,1.13,0.286029876742113,9,reviewed,av,av
2023-06-10T03:47:02.030Z,32.9395,-116.2741667,11.68,0.73,ml,21,98,0.02881,0.18,ci,ci40482184,2023-06-12T19:38:24.706Z,"26km SSW of Ocotillo Wells, CA",earthquake,0.32,0.67,0.07,10,reviewed,ci,ci
2023-06-10T03:46:37.730Z,36.5653333,-121.1601667,7.95,1.13,md,24,128,0.02128,0.09,nc,nc73899411,2023-06-11T01:09:13.223Z,"4km NNW of Pinnacles, CA",earthquake,0.33,0.38,0.246,17,reviewed,nc,nc
2023-06-10T03:44:47.530Z,34.014,-117.0118333,19.14,1.32,ml,50,53,0.08623,0.15,ci,ci40482176,2023-06-12T19:33:33.440Z,"4km SE of Yucaipa, CA",earthquake,0.16,0.28,0.186,26,reviewed,ci,ci
2023-06-10T03:39:25.970Z,38.8416667,-122.8281667,2.57,1.68,md,62,33,0.00649,0.05,nc,nc73899406,2023-06-10T08:33:15.259Z,"9km WNW of Cobb, CA",earthquake,0.11,0.17,0.139,54,reviewed,nc,nc
2023-06-10T03:38:59.451Z,51.8554,177.8951,10,2.9,ml,13,174,0.393,0.55,us,us7000k8nt,2023-06-15T22:34:03.040Z,"Rat Islands, Aleutian Islands, Alaska",earthquake,3.19,1.506,0.081,20,reviewed,us,us
2023-06-10T03:31:45.550Z,46.046,-111.750333333333,2.52,1.5,ml,24,59,0.2263,0.2,mb,mb90017518,2023-06-10T14:15:04.820Z,"18 km SSW of Radersburg, Montana",earthquake,0.4,2.01,0.261846995364726,8,reviewed,mb,mb
2023-06-10T03:29:36.684Z,62.9349,-151.2995,106.5,1.5,ml,,,,0.48,ak,ak0237ebhh32,2023-06-15T15:46:56.576Z,"55 km NNW of Petersville, Alaska",earthquake,,0.3,,,reviewed,ak,ak
2023-06-10T03:26:51.240Z,19.2334995269775,-155.420837402344,35.3400001525879,2.18,ml,34,156,,0.119999997,hv,hv73447807,2023-06-10T03:32:21.590Z,"6 km ENE of Pāhala, Hawaii",earthquake,0.55,0.720000029,0.27,3,automatic,hv,hv
2023-06-10T03:25:40.649Z,54.2782,-163.5663,71.8,1.5,ml,,,,0.67,ak,ak0237ebgmcw,2023-06-15T15:47:01.748Z,"64 km S of False Pass, Alaska",earthquake,,2.1,,,reviewed,ak,ak
2023-06-10T03:24:34.490Z,51.8525,-177.808833333333,2.79,0.69,ml,4,252,,0.08,av,av91918816,2023-06-12T21:51:54.610Z,"80 km W of Adak, Alaska",earthquake,0.62,0.99,0.180295557812619,4,reviewed,av,av
2023-06-10T03:09:03.180Z,58.2541666666667,-155.095833333333,-1.67,-0.38,ml,4,135,,0.09,av,av91918811,2023-06-12T21:58:42.270Z,"85 km NNW of Karluk, Alaska",earthquake,0.28,4.06,0.263201245099396,4,reviewed,av,av
2023-06-10T03:07:22.010Z,58.2375,-155.121166666667,8.92,0.08,ml,9,99,,0.3,av,av91918806,2023-06-12T21:55:22.280Z,"84 km NNW of Karluk, Alaska",earthquake,0.72,1.14,0.299544540638071,9,reviewed,av,av
2023-06-10T03:03:50.710Z,35.7368333,-117.5348333,7.45,0.86,ml,16,130,0.09379,0.14,ci,ci40482168,2023-06-13T22:43:38.437Z,"12km WSW of Searles Valley, CA",earthquake,0.28,0.86,0.114,10,reviewed,ci,ci
2023-06-10T02:56:31.791Z,63.9362,-146.8552,7.3,1.1,ml,,,,1.05,ak,ak0237eb1t9b,2023-06-15T15:46:56.368Z,"50 km SSW of Harding-Birch Lakes, Alaska",earthquake,,0.3,,,reviewed,ak,ak
2023-06-10T02:55:07.410Z,35.3505,-98.085,7,1.27,ml,24,86,0.0863830487,0.3,ok,ok2023lgog,2023-06-12T18:48:51.183Z,"13 km WNW of Minco, Oklahoma",earthquake,,0.8,0.1,4,reviewed,ok,ok
2023-06-10T02:55:02.226Z,34.4818,25.3623,38.589,4.3,mb,56,187,0.893,0.77,us,us7000k7kl,2023-06-10T23:02:12.040Z,"61 km SSE of Pýrgos, Greece",earthquake,8.31,9.433,0.097,30,reviewed,us,us
2023-06-10T02:53:34.290Z,53.8376666666667,-166.577,6.1,-0.21,ml,6,280,,0.18,av,av91107293,2023-06-12T21:49:13.610Z,"4 km SW of Unalaska, Alaska",earthquake,0.9,1.64,0.122094421502234,6,reviewed,av,av
2023-06-10T02:53:16.270Z,58.1803333333333,-155.318,0.51,-0.46,ml,5,243,,0.06,av,av91918791,2023-06-12T21:45:13.940Z,"85 km NW of Karluk, Alaska",earthquake,0.66,3.45,0.227117441113051,5,reviewed,av,av
2023-06-10T02:48:13.580Z,51.5587,-175.2441,25.4,2,ml,,,,0.66,ak,ak0237eb026h,2023-06-15T16:35:36.464Z,"",earthquake,,1.6,,,reviewed,ak,ak
2023-06-10T02:48:01.052Z,55.4506,-160.582,74.2,1.6,ml,,,,0.36,ak,ak0237eb0236,2023-06-15T15:46:55.992Z,"13 km NNW of Sand Point, Alaska",earthquake,,0.7,,,reviewed,ak,ak
2023-06-10T02:46:11.240Z,58.2556666666667,-155.179833333333,32.96,0.55,ml,12,110,,0.16,av,av91107208,2023-06-10T17:50:20.980Z,"87 km NNW of Karluk, Alaska",earthquake,0.68,0.81,0.323902052057082,11,reviewed,av,av
2023-06-10T02:45:54.740Z,58.2293333333333,-155.148166666667,32.82,0.18,ml,10,115,,0.13,av,av91918771,2023-06-10T17:40:25.850Z,"84 km NNW of Karluk, Alaska",earthquake,0.56,0.87,0.296631430320184,11,reviewed,av,av
2023-06-10T02:44:54.150Z,58.247,-155.149666666667,32.32,0.23,ml,11,105,,0.17,av,av91918766,2023-06-10T17:22:33.220Z,"Alaska Peninsula",earthquake,0.54,0.89,0.232727521996732,10,reviewed,av,av
2023-06-10T02:41:41.320Z,38.8191681,-122.8255005,1.78,0.76,md,7,103,0.008423,0.01,nc,nc73899391,2023-06-10T05:22:16.157Z,"8km NW of The Geysers, CA",earthquake,0.53,1.02,0.27,8,automatic,nc,nc
2023-06-10T02:37:04.320Z,40.4956667,-124.3228333,16.83,1.64,md,19,184,0.2075,0.12,nc,nc73899386,2023-06-10T07:39:16.955Z,"10km SSW of Ferndale, CA",earthquake,0.46,0.67,0.1,13,reviewed,nc,nc
2023-06-10T02:33:07.468Z,32.44720459,-102.1235471,10.63781738,2.4,ml,31,88,0.06431691325,0.1,tx,tx2023lgno,2023-06-14T13:59:15.822Z,"western Texas",earthquake,0.9361130219,1.361888559,0.1,23,reviewed,tx,tx
2023-06-10T02:29:47.960Z,58.264,-155.113833333333,4.95,0.59,ml,12,91,,0.21,av,av91918756,2023-06-12T22:18:27.960Z,"86 km NNW of Karluk, Alaska",earthquake,0.44,0.77,0.227841037853166,12,reviewed,av,av
2023-06-10T02:27:04.720Z,37.4488333,-118.652,-0.33,0.99,md,13,156,0.1188,0.12,nc,nc73899381,2023-06-10T04:39:16.928Z,"6km NW of Round Valley, CA",earthquake,0.57,1.05,0.148,11,reviewed,nc,nc
2023-06-10T02:21:39.500Z,38.8359985,-122.7894974,2.07,1.05,md,17,72,0.002496,0.03,nc,nc73899376,2023-06-10T04:56:14.026Z,"6km WNW of Cobb, CA",earthquake,0.26,0.45,0.09,19,automatic,nc,nc
2023-06-10T02:19:24.190Z,58.1781666666667,-155.28,2.45,0.15,ml,5,233,,0.05,av,av91918746,2023-06-12T22:15:09.480Z,"",earthquake,0.62,0.42,0.237748696913986,6,reviewed,av,av
2023-06-10T02:19:10.174Z,63.1378,-150.4394,98.3,1.6,ml,,,,0.65,ak,ak0237eatu53,2023-06-15T15:46:55.756Z,"73 km NNE of Petersville, Alaska",earthquake,,0.6,,,reviewed,ak,ak
2023-06-10T02:15:07.480Z,58.1871666666667,-155.290333333333,1.76,0.36,ml,8,189,,0.09,av,av91918741,2023-06-12T22:12:03.270Z,"84 km NW of Karluk, Alaska",earthquake,0.36,0.65,0.327020747752028,8,reviewed,av,av
2023-06-10T02:11:57.569Z,61.4336,-140.5372,15,1.1,ml,,,,0.49,ak,ak0237eas80w,2023-06-15T15:46:55.562Z,"127 km E of McCarthy, Alaska",earthquake,,0.2,,,reviewed,ak,ak
2023-06-10T02:06:12.260Z,58.266,-155.098,-0.3,-0.71,ml,5,124,,0.23,av,av91918731,2023-06-12T22:05:11.270Z,"",earthquake,0.45,31.61,0.156475281431734,5,reviewed,av,av
2023-06-10T01:57:52.725Z,60.56,-144.4239,0,1.4,ml,,,,0.45,ak,ak0237eagn0m,2023-06-15T16:35:36.268Z,"Southern Alaska",ice quake,,0,,,reviewed,ak,ak
2023-06-10T01:55:09.141Z,36.762,-116.2578,9,-0.2,ml,18,88.36,0.026,0.0802,nn,nn00861066,2023-06-10T14:49:38.844Z,"47 km ESE of Beatty, Nevada",earthquake,,1,0.26,6,reviewed,nn,nn
2023-06-10T01:49:30.000Z,38.6636667,-111.8275,5.97,1.3,ml,6,173,0.3129,0.07,uu,uu60541926,2023-06-12T16:17:18.820Z,"17 km NNE of Koosharem, Utah",earthquake,1.04,31.61,0.087,3,reviewed,uu,uu
2023-06-10T01:49:24.760Z,38.7851677,-122.7241669,1.98,1.12,md,9,86,0.02355,0.03,nc,nc73899371,2023-06-10T04:30:15.874Z,"3km ENE of The Geysers, CA",earthquake,0.91,2.76,0.16,9,automatic,nc,nc
2023-06-10T01:35:36.270Z,58.2628333333333,-154.984166666667,0.45,-0.3,ml,6,140,,0.12,av,av91918711,2023-06-12T21:38:05.010Z,"83 km NNW of Karluk, Alaska",earthquake,0.36,2.46,0.374870490296954,6,reviewed,av,av
2023-06-10T01:12:05.284Z,31.72295133,-104.4074551,6.131567383,2.6,ml,34,54,0.0176803046,0.2,tx,tx2023lgkw,2023-06-13T15:58:29.091Z,"50 km S of Whites City, New Mexico",earthquake,0.9331100543,0.7985810811,0.1,19,reviewed,tx,tx
2023-06-10T01:03:07.523Z,62.2248,-148.5415,12.7,1,ml,,,,0.53,ak,ak0237ea4ypv,2023-06-15T15:46:55.160Z,"47 km N of Chickaloon, Alaska",earthquake,,0.8,,,reviewed,ak,ak
2023-06-10T00:58:42.650Z,58.2578333333333,-155.125833333333,4.89,0.71,ml,12,90,,0.18,av,av91918691,2023-06-15T15:45:22.453Z,"86 km NNW of Karluk, Alaska",earthquake,0.32,0.65,0.206325506916075,12,reviewed,av,av
2023-06-10T00:57:57.310Z,33.4785,-116.4576667,9.68,1.11,ml,36,56,0.05214,0.17,ci,ci40482120,2023-06-12T19:18:32.554Z,"22km ESE of Anza, CA",earthquake,0.22,0.42,0.132,25,reviewed,ci,ci
2023-06-10T00:44:18.108Z,-23.8703,-177.3733,9.991,4.3,mb,32,115,3.354,0.49,us,us7000k8xc,2023-06-23T20:53:47.040Z,"south of the Fiji Islands",earthquake,8.77,1.743,0.143,14,reviewed,us,us
2023-06-10T00:43:04.960Z,38.8348351,-122.8081665,2.16,1.02,md,19,51,0.01152,0.04,nc,nc73899361,2023-06-10T01:51:14.420Z,"8km W of Cobb, CA",earthquake,0.25,0.58,0.23,18,automatic,nc,nc
2023-06-10T00:41:38.737Z,61.0542,-152.3839,110.7,1.1,ml,,,,0.35,ak,ak0237e9rqup,2023-06-15T15:47:01.556Z,"67 km W of Tyonek, Alaska",earthquake,,1.1,,,reviewed,ak,ak
2023-06-10T00:38:52.130Z,40.0276667,-122.8435,0.94,2.03,md,22,58,0.1729,0.21,nc,nc73899356,2023-06-10T14:23:14.389Z,"38km W of Rancho Tehama Reserve, CA",earthquake,0.47,1.72,0.169,29,reviewed,nc,nc
2023-06-10T00:35:42.685Z,62.8027,-150.566,94.4,1.5,ml,,,,0.66,ak,ak0237e9qgvo,2023-06-15T15:46:54.926Z,"35 km NNE of Petersville, Alaska",earthquake,,0.5,,,reviewed,ak,ak
2023-06-10T00:33:54.602Z,51.6354,178.6783,72.032,2.7,ml,15,219,0.305,0.16,us,us7000k8nr,2023-06-18T03:48:31.040Z,"Rat Islands, Aleutian Islands, Alaska",earthquake,5.33,2.5,0.105,16,reviewed,us,us
2023-06-10T00:30:50.850Z,58.254,-155.132666666667,3.78,0.3,ml,8,94,,0.07,av,av91918666,2023-06-12T21:25:03.990Z,"86 km NNW of Karluk, Alaska",earthquake,0.3,0.48,0.18227487469038,8,reviewed,av,av
2023-06-10T00:27:48.466Z,-23.2804,171.6299,10,4.5,mb,12,213,3.913,0.19,us,us7000k8xg,2023-06-24T03:22:40.040Z,"southeast of the Loyalty Islands",earthquake,11.04,1.903,0.221,6,reviewed,us,us
2023-06-10T00:27:17.270Z,37.574,-118.805,0.24,0.83,md,15,144,0.02496,0.04,nc,nc73899351,2023-06-10T12:18:12.699Z,"11km W of Toms Place, CA",earthquake,0.75,0.5,0.368,15,reviewed,nc,nc
2023-06-10T00:24:28.280Z,58.2471666666667,-155.1425,2.46,-0.23,ml,6,102,,0.07,av,av91918661,2023-06-12T20:59:56.020Z,"85 km NNW of Karluk, Alaska",earthquake,0.29,0.43,0.262399224223923,7,reviewed,av,av
2023-06-10T00:19:26.890Z,38.7958336,-122.7665024,3.75,0.75,md,8,104,0.007145,0.01,nc,nc73899341,2023-06-10T01:06:16.099Z,"2km NNW of The Geysers, CA",earthquake,0.52,1.5,0.05,11,automatic,nc,nc
2023-06-10T00:15:28.289Z,51.9173,177.7906,4.8,1.9,ml,,,,0.8,ak,ak0237e9m5fg,2023-06-15T15:47:01.369Z,"Rat Islands, Aleutian Islands, Alaska",earthquake,,2,,,reviewed,ak,ak
2023-06-10T00:12:11.920Z,19.1784992218018,-155.484497070312,28.2900009155273,1.97000003,md,29,130,,0.189999998,hv,hv73447727,2023-06-10T00:15:39.170Z,"2 km SSW of Pāhala, Hawaii",earthquake,0.89,1.12,1.38999999,14,automatic,hv,hv
2023-06-10T00:11:19.010Z,33.9266667,-116.3681667,4.86,1.06,ml,27,46,0.03653,0.13,ci,ci40482096,2023-06-12T19:03:56.446Z,"12km N of Thousand Palms, CA",earthquake,0.18,0.31,0.191,24,reviewed,ci,ci
2023-06-10T00:04:49.420Z,38.8055,-122.7923333,1.77,-0.04,md,13,51,0.003385,0.02,nc,nc73899331,2023-06-10T06:51:52.493Z,"4km NW of The Geysers, CA",earthquake,0.29,0.47,0.314,12,reviewed,nc,nc
2023-06-10T00:03:37.275Z,58.1731,-155.2979,0.2,1.8,ml,,,,0.55,ak,ak0237e9jlkn,2023-06-15T15:46:54.532Z,"83 km NW of Karluk, Alaska",earthquake,,0.3,,,reviewed,ak,ak
2023-06-10T00:00:40.425Z,-14.7933,-177.5009,378.596,4,mb,20,63,0.771,0.79,us,us7000k8x5,2023-06-19T03:46:27.040Z,"84 km SE of Alo, Wallis and Futuna",earthquake,11.53,7.258,0.144,13,reviewed,us,us
2023-06-10T00:00:25.055Z,-6.7006,126.6129,473.242,4.2,mb,16,82,3.821,0.5,us,us7000k8x6,2023-06-19T05:21:42.040Z,"197 km N of Baukau, Timor Leste",earthquake,9.67,12.952,0.264,4,reviewed,us,us
2023-06-09T23:52:47.490Z,33.9305,-116.373,5.17,0.89,ml,21,82,0.03142,0.14,ci,ci40482080,2023-06-12T18:58:47.412Z,"12km ESE of Desert Hot Springs, CA",earthquake,0.21,0.36,0.084,19,reviewed,ci,ci
2023-06-09T23:52:26.027Z,52.6441,-168.0643,20.9,1.6,ml,,,,0.26,ak,ak0237czzp62,2023-06-15T22:59:04.583Z,"62 km ESE of Nikolski, Alaska",earthquake,,18.6,,,reviewed,ak,ak
2023-06-09T23:45:19.060Z,38.8273315,-122.8141632,1.52,0.27,md,8,117,0.005065,0.02,nc,nc73899336,2023-06-10T00:54:13.030Z,"8km NW of The Geysers, CA",earthquake,0.4,0.87,0.08,8,automatic,nc,nc
2023-06-09T23:44:24.313Z,62.5902,-151.2043,89.1,1.3,ml,,,,0.67,ak,ak0237czxzgm,2023-06-15T22:59:00.274Z,"24 km WNW of Petersville, Alaska",earthquake,,0.7,,,reviewed,ak,ak
2023-06-09T23:32:46.980Z,36.5678333,-121.1593333,2.96,2.42,md,53,106,0.02134,0.07,nc,nc73899326,2023-06-10T14:07:14.301Z,"4km NNW of Pinnacles, CA",earthquake,0.15,0.2,0.152,63,reviewed,nc,nc
2023-06-09T23:32:02.844Z,-23.6738,-177.1376,9.812,4.6,mb,48,73,3.068,0.67,us,us7000k8pl,2023-06-23T04:44:50.040Z,"south of the Fiji Islands",earthquake,5.28,3.94,0.085,41,reviewed,us,us
2023-06-09T23:27:33.889Z,60.3274,-141.8837,9.6,1.3,ml,,,,0.82,ak,ak0237czucxw,2023-06-15T22:59:00.082Z,"135 km SSE of McCarthy, Alaska",earthquake,,0.7,,,reviewed,ak,ak
2023-06-09T23:27:00.040Z,38.819,-122.8215,2.45,0.39,md,23,47,0.009946,0.03,nc,nc73899316,2023-06-12T19:08:13.525Z,"7km NW of The Geysers, CA",earthquake,0.23,0.34,0.221,23,reviewed,nc,nc
2023-06-09T23:25:15.997Z,63.3241,-145.3771,9.8,1.4,ml,,,,0.77,ak,ak0237cztw2i,2023-06-15T22:58:59.872Z,"28 km NNE of Paxson, Alaska",earthquake,,0.2,,,reviewed,ak,ak
2023-06-09T23:21:21.210Z,38.8208351,-122.8203354,2.07,0.76,md,14,66,0.008413,0.05,nc,nc73899311,2023-06-09T23:45:13.626Z,"7km NW of The Geysers, CA",earthquake,0.29,0.85,0.16,16,automatic,nc,nc
2023-06-09T23:16:39.109Z,51.9219,177.9313,4.8,1.8,ml,,,,0.36,ak,ak0237czs0ee,2023-06-15T22:59:04.405Z,"Rat Islands, Aleutian Islands, Alaska",earthquake,,3.8,,,reviewed,ak,ak
2023-06-09T23:12:36.845Z,60.5662,-147.455,9.3,1.4,ml,,,,0.51,ak,ak0237czr5c0,2023-06-15T22:58:59.663Z,"53 km SW of Tatitlek, Alaska",earthquake,,0.5,,,reviewed,ak,ak
2023-06-09T23:11:28.770Z,38.8175,-122.7946667,2.57,1.4,md,46,27,0.009531,0.05,nc,nc73899306,2023-06-12T20:13:17.909Z,"6km NW of The Geysers, CA",earthquake,0.16,0.27,0.154,41,reviewed,nc,nc
2023-06-09T23:09:04.620Z,58.1828333333333,-155.330833333333,1.86,-0.23,ml,5,246,,0.1,av,av91918606,2023-06-12T00:39:10.270Z,"85 km NW of Karluk, Alaska",earthquake,0.84,0.9,0.204172489243133,5,reviewed,av,av
2023-06-09T23:02:14.068Z,51.2924,-178.2892,23.9,1.7,ml,,,,0.36,ak,ak0237czoyfy,2023-06-15T22:59:04.218Z,"",earthquake,,0.5,,,reviewed,ak,ak
2023-06-09T22:58:35.635Z,51.3707,-178.0367,24.1,1.7,ml,,,,0.51,ak,ak0237czfkln,2023-06-15T22:59:04.021Z,"112 km WSW of Adak, Alaska",earthquake,,0.4,,,reviewed,ak,ak
2023-06-09T22:52:02.400Z,54.1511666666667,-165.961333333333,2.37,-0.89,ml,7,76,,0.29,av,av91918576,2023-06-12T00:18:25.620Z,"12 km W of Akutan, Alaska",earthquake,0.35,0.64,0.146485813647584,7,reviewed,av,av
2023-06-09T22:51:10.620Z,44.4051667,-110.6505,4.55,1.3,md,7,141,0.0542,0.1,uu,uu60541921,2023-06-12T16:19:25.470Z,"Wyoming",earthquake,0.77,1.27,0.385,5,reviewed,uu,uu
2023-06-09T22:48:18.080Z,58.1833333333333,-155.301166666667,3.03,-0.07,ml,4,236,,0.03,av,av91918566,2023-06-12T00:30:15.690Z,"84 km NW of Karluk, Alaska",earthquake,0.66,1.78,0.213252371896503,4,reviewed,av,av
2023-06-09T22:47:17.140Z,58.1833333333333,-155.298833333333,3.64,0.1,ml,4,236,,0.04,av,av91918561,2023-06-12T00:27:34.670Z,"Alaska Peninsula",earthquake,0.64,0.75,0.252630529226918,4,reviewed,av,av
2023-06-09T22:46:20.695Z,16.4579,145.732,143.856,4.5,mb,57,80,1.211,0.49,us,us7000k7jw,2023-06-23T05:03:51.040Z,"137 km N of Saipan, Northern Mariana Islands",earthquake,10.48,7.394,0.059,85,reviewed,us,us
2023-06-09T22:43:57.580Z,58.1771666666667,-155.329666666667,2.14,-0.28,ml,5,248,,0.09,av,av91918556,2023-06-12T00:25:24.860Z,"Alaska Peninsula",earthquake,0.8,0.78,0.322691204323028,5,reviewed,av,av
2023-06-09T22:42:27.230Z,58.1733333333333,-155.289666666667,2.62,0.2,ml,8,199,,0.07,av,av91918551,2023-06-12T00:23:43.280Z,"83 km NW of Karluk, Alaska",earthquake,0.33,0.36,0.332055440398958,8,reviewed,av,av
2023-06-09T22:38:35.316Z,51.3974,-176.1335,21.4,1.6,ml,,,,0.27,ak,ak0237czba97,2023-06-15T22:59:03.839Z,"Andreanof Islands, Aleutian Islands, Alaska",earthquake,,1,,,reviewed,ak,ak
2023-06-09T22:37:43.360Z,46.889,-112.530833333333,9.59,0.94,ml,6,139,0.05878,0.08,mb,mb90017508,2023-06-12T14:52:03.250Z,"13 km ESE of Lincoln, Montana",earthquake,0.66,0.99,0.0681299186583219,5,reviewed,mb,mb
2023-06-09T22:36:31.477Z,63.2461,-149.1421,81.6,1.3,ml,,,,0.65,ak,ak0237czaukq,2023-06-15T22:58:59.434Z,"18 km SSW of Cantwell, Alaska",earthquake,,0.4,,,reviewed,ak,ak
2023-06-09T22:35:19.957Z,53.1223,-166.879,25.6,1.6,ml,,,,0.61,ak,ak0237czalyj,2023-06-15T22:58:59.242Z,"86 km SSW of Unalaska, Alaska",earthquake,,2.2,,,reviewed,ak,ak
2023-06-09T22:33:23.750Z,51.9396,177.9324,2.6,1.8,ml,,,,0.5,ak,ak0237cza6s7,2023-06-15T22:59:03.660Z,"Rat Islands, Aleutian Islands, Alaska",earthquake,,4,,,reviewed,ak,ak
2023-06-09T22:26:31.750Z,58.1726666666667,-155.326333333333,2.4,0.51,ml,5,250,,0.1,av,av91918526,2023-06-12T00:03:40.110Z,"84 km NW of Karluk, Alaska",earthquake,0.83,0.57,0.331657405716573,5,reviewed,av,av
2023-06-09T22:25:00.787Z,-2.8089,129.2529,10,4.6,mb,59,31,1.822,0.66,us,us7000k7je,2023-06-23T05:06:29.040Z,"Seram, Indonesia",earthquake,4.42,1.819,0.091,36,reviewed,us,us
2023-06-09T22:15:42.480Z,38.8186684,-122.8223343,2.24,0.74,md,19,48,0.01068,0.04,nc,nc73899296,2023-06-09T22:52:12.287Z,"7km NW of The Geysers, CA",earthquake,0.24,0.57,0.22,17,automatic,nc,nc
2023-06-09T22:08:56.910Z,38.800499,-122.7470016,0.5,0.4,md,7,133,0.009932,0.03,nc,nc73899291,2023-06-09T22:39:12.201Z,"3km NNE of The Geysers, CA",earthquake,0.32,0.8,0.17,8,automatic,nc,nc
2023-06-09T22:07:04.042Z,57.1894,-155.1201,77.4,1.7,ml,,,,0.24,ak,ak0237cz4kn8,2023-06-15T22:59:03.474Z,"58 km SW of Karluk, Alaska",earthquake,,3.1,,,reviewed,ak,ak
2023-06-09T22:05:51.820Z,33.0556667,-114.9968333,-0.2,1.45,ml,12,67,0.08469,0.26,ci,ci40482056,2023-06-14T23:13:07.746Z,"45km NE of Holtville, CA",quarry blast,0.66,31.61,0.167,9,reviewed,ci,ci
2023-06-09T21:59:43.175Z,53.396,-165.2174,35,2.6,ml,21,216,0.804,0.43,us,us7000k8tn,2023-06-23T04:46:44.040Z,"90 km SSE of Akutan, Alaska",earthquake,5.49,2.016,0.105,12,reviewed,us,us
2023-06-09T21:58:02.010Z,58.1803333333333,-155.304833333333,2.09,-0.05,ml,4,239,,0.05,av,av91918501,2023-06-11T23:36:32.050Z,"84 km NW of Karluk, Alaska",earthquake,0.67,0.57,0.126062747340725,4,reviewed,av,av
2023-06-09T21:54:34.890Z,19.3776666666667,-155.252,24.32,2.52,ml,42,85,,0.11,hv,hv73447627,2023-06-13T01:59:06.040Z,"Island of Hawaii, Hawaii",earthquake,0.48,0.42,0.122426436443724,13,reviewed,hv,hv
2023-06-09T21:53:42.780Z,58.2546666666667,-155.118833333333,3.73,0.37,ml,7,143,,0.11,av,av91918496,2023-06-11T23:34:25.430Z,"",earthquake,0.45,0.58,0.229200878338117,9,reviewed,av,av
2023-06-09T21:53:15.916Z,62.6545,-150.0411,15.4,1.2,ml,,,,0.61,ak,ak0237cysvzg,2023-06-15T23:22:34.991Z,"23 km N of Chase, Alaska",earthquake,,0.2,,,reviewed,ak,ak
2023-06-09T21:43:03.309Z,-60.4115,159.6411,10,4.5,mb,20,139,5.942,0.79,us,us7000k8pg,2023-06-23T04:56:35.040Z,"Macquarie Island region",earthquake,13.86,1.951,0.14,15,reviewed,us,us
2023-06-09T21:36:45.740Z,58.2625,-155.101833333333,4.57,0.42,ml,10,128,,0.17,av,av91918486,2023-06-11T23:17:50.080Z,"Alaska Peninsula",earthquake,0.64,0.52,0.177879217542466,9,reviewed,av,av
2023-06-09T21:33:05.654Z,-16.8805,-173.9351,99.84,4.8,mb,70,50,3.611,0.6,us,us7000k7j3,2023-06-23T05:09:35.040Z,"103 km S of Hihifo, Tonga",earthquake,7.76,5.66,0.038,213,reviewed,us,us
2023-06-09T21:28:15.020Z,38.8134995,-122.7975006,3.11,0.76,md,11,92,0.005784,0.02,nc,nc73899286,2023-06-09T21:29:49.122Z,"5km NW of The Geysers, CA",earthquake,0.42,0.69,0.18,13,automatic,nc,nc
2023-06-09T21:27:20.860Z,58.2585,-155.1165,4.38,0.27,ml,10,88,,0.2,av,av91918466,2023-06-11T23:02:45.760Z,"86 km NNW of Karluk, Alaska",earthquake,0.41,0.73,0.194987207391293,10,reviewed,av,av
2023-06-09T21:25:38.254Z,51.3318,-178.031,36.2,1.7,ml,,,,0.32,ak,ak0237cyn2kh,2023-06-15T22:59:03.290Z,"114 km WSW of Adak, Alaska",earthquake,,3,,,reviewed,ak,ak
2023-06-09T21:23:17.020Z,58.266,-155.1075,-2.03,-0.81,ml,4,236,,0.08,av,av91918461,2023-06-11T22:59:07.440Z,"",earthquake,0.58,2.03,0.112749412130107,4,reviewed,av,av
2023-06-09T21:21:42.709Z,-60.4992,160.2453,10,5.9,mww,69,56,6.059,0.49,us,us7000k7iz,2023-06-24T02:18:21.234Z,"Macquarie Island region",earthquake,9.46,1.479,0.056,31,reviewed,us,us
2023-06-09T21:20:53.300Z,58.2516666666667,-155.121333333333,2.87,-0.14,ml,7,92,,0.12,av,av91918456,2023-06-11T22:56:40.280Z,"85 km NNW of Karluk, Alaska",earthquake,0.34,0.89,0.195592858038567,7,reviewed,av,av
2023-06-09T21:19:30.029Z,-23.4825,-69.5622,80.404,4.1,mb,21,111,0.773,0.4,us,us7000k7iy,2023-06-09T22:12:36.040Z,"87 km ENE of Antofagasta, Chile",earthquake,3.8,7.701,0.214,6,reviewed,us,us
2023-06-09T21:14:48.940Z,33.9565,-117.1955,12.66,1.66,ml,57,33,0.02096,0.2,ci,ci40481992,2023-06-11T14:13:20.780Z,"4km NE of Moreno Valley, CA",earthquake,0.2,0.53,0.15,26,reviewed,ci,ci
2023-06-09T21:08:55.095Z,58.7959,-154.0746,87.2,1.6,ml,,,,0.24,ak,ak0237cyjgp1,2023-06-15T22:59:03.095Z,"82 km SSE of Kokhanok, Alaska",earthquake,,0.7,,,reviewed,ak,ak
2023-06-09T21:08:12.460Z,55.0555,-162.2495,1.9,0.08,ml,5,142,,0.1,av,av91918436,2023-06-11T22:53:59.210Z,"4 km E of King Cove, Alaska",earthquake,0.32,0.93,0.434571069696942,5,reviewed,av,av
2023-06-09T21:04:21.420Z,58.2568333333333,-155.1315,3.89,0.1,ml,10,92,,0.09,av,av91918431,2023-06-11T22:51:22.310Z,"86 km NNW of Karluk, Alaska",earthquake,0.31,0.45,0.209132928132472,10,reviewed,av,av
2023-06-09T21:04:10.337Z,-23.2568,170.6096,10,4.7,mb,41,52,2.985,0.42,us,us7000k7iw,2023-06-24T01:34:07.040Z,"southeast of the Loyalty Islands",earthquake,8.27,1.842,0.104,28,reviewed,us,us
2023-06-09T21:03:05.764Z,58.2619,-155.1012,1.1,1.6,ml,,,,0.24,ak,ak0237cyiab0,2023-06-15T22:58:58.630Z,"86 km NNW of Karluk, Alaska",earthquake,,0.4,,,reviewed,ak,ak
2023-06-09T21:00:55.124Z,58.2641,-155.1046,0.1,0.9,ml,,,,0.22,ak,ak0237cyhr0l,2023-06-15T22:58:58.442Z,"86 km NNW of Karluk, Alaska",earthquake,,1,,,reviewed,ak,ak
2023-06-09T21:00:18.092Z,58.2627,-155.0993,1,1.1,ml,,,,0.21,ak,ak0237cyho4f,2023-06-15T22:58:58.255Z,"",earthquake,,0,,,reviewed,ak,ak
2023-06-09T20:59:03.230Z,58.2466666666667,-155.140333333333,2.01,-0.29,ml,4,249,,0.06,av,av91918416,2023-06-11T22:17:11.620Z,"85 km NNW of Karluk, Alaska",earthquake,0.63,0.89,0.233248269264357,4,reviewed,av,av
2023-06-09T20:58:14.320Z,59.2783,-136.2602,5.3,1.2,ml,,,,0.97,ak,ak0237cy8nqw,2023-06-15T22:59:02.909Z,"20 km SW of Covenant Life, Alaska",earthquake,,0.4,,,reviewed,ak,ak
2023-06-09T20:56:44.640Z,58.2491666666667,-155.133166666667,3.67,0.26,ml,8,97,,0.14,av,av91918411,2023-06-11T22:12:24.560Z,"Alaska Peninsula",earthquake,0.34,0.71,0.269509734919029,8,reviewed,av,av
2023-06-09T20:55:15.050Z,38.8303337,-122.8528366,1.63,0.68,md,9,94,0.004206,0.02,nc,nc73899281,2023-06-09T20:56:48.614Z,"10km NW of The Geysers, CA",earthquake,0.46,0.54,0.43,10,automatic,nc,nc
2023-06-09T20:53:51.759Z,34.273,-96.39816667,0,1.36,ml,43,87,0.2231562091,0.37,ok,ok2023lgcj,2023-06-09T21:16:25.861Z,"11 km SSE of Wapanucka, Oklahoma",quarry blast,,0.4,0.18,9,reviewed,ok,ok
2023-06-09T20:53:06.977Z,58.2593,-155.1121,4.5,3.6,ml,,,,0.66,ak,ak0237cy7kho,2023-06-21T21:42:06.040Z,"86 km NNW of Karluk, Alaska",earthquake,,0.1,,,reviewed,ak,ak
2023-06-09T20:53:04.710Z,58.2505,-155.1177,1,2.9,ml,,,,0.39,ak,ak0237cy7k8j,2023-06-15T22:58:58.058Z,"Alaska Peninsula",earthquake,,0,,,reviewed,ak,ak
2023-06-09T20:51:08.990Z,58.1678333333333,-155.359666666667,2.17,0.19,ml,7,216,,0.1,av,av91918396,2023-06-11T22:07:02.880Z,"85 km NW of Karluk, Alaska",earthquake,0.46,0.58,0.332926226616708,8,reviewed,av,av
2023-06-09T20:48:55.200Z,19.1863327026367,-155.480163574219,28.8799991607666,2.12,ml,34,89,,0.150000006,hv,hv73447502,2023-06-09T20:54:29.610Z,"1 km S of Pāhala, Hawaii",earthquake,0.58,0.99000001,4.6,4,automatic,hv,hv
2023-06-09T20:48:44.590Z,36.0561667,-120.1311667,11.62,1.8,md,35,109,0.138,0.06,nc,nc73899276,2023-06-10T09:41:18.612Z,"6km N of Avenal, CA",earthquake,0.52,0.55,0.149,28,reviewed,nc,nc
2023-06-09T20:43:58.497Z,63.5162,-150.9202,10,1.3,ml,,,,0.96,ak,ak0237cy5jj1,2023-06-15T22:58:57.545Z,"40 km E of Denali National Park, Alaska",earthquake,,0,,,reviewed,ak,ak
2023-06-09T20:43:28.532Z,-47.3188,-12.6236,10,5.7,mww,143,40,16.566,0.68,us,us7000k7id,2023-06-21T21:41:56.859Z,"southern Mid-Atlantic Ridge",earthquake,9.99,1.697,0.066,22,reviewed,us,us
2023-06-09T20:38:44.350Z,38.8404999,-122.8061676,2.04,1.1,md,22,73,0.01253,0.04,nc,nc73899271,2023-06-10T01:09:16.120Z,"8km WNW of Cobb, CA",earthquake,0.22,0.42,0.14,24,automatic,nc,nc
2023-06-09T20:32:19.630Z,33.7973333,-116.9383333,14.22,1.63,ml,65,25,0.02682,0.17,ci,ci40481936,2023-06-12T18:49:05.610Z,"2km NE of San Jacinto, CA",earthquake,0.16,0.34,0.197,25,reviewed,ci,ci
2023-06-09T20:30:18.180Z,32.6173333,-116.972,-0.43,1.31,ml,24,108,0.03657,0.22,ci,ci40481928,2023-06-12T18:18:14.062Z,"7km SE of Bonita, CA",quarry blast,0.64,31.61,0.107,11,reviewed,ci,ci
2023-06-09T20:27:21.074Z,50.7421,-172.345,10,2.8,ml,11,243,1.886,0.79,us,us7000k8tr,2023-06-21T21:30:41.040Z,"",earthquake,7.45,2.016,0.105,12,reviewed,us,us
2023-06-09T20:23:16.590Z,51.9441,177.8774,2.8,1.9,ml,,,,0.44,ak,ak0237cy15uz,2023-06-15T22:59:02.549Z,"Rat Islands, Aleutian Islands, Alaska",earthquake,,2.9,,,reviewed,ak,ak
2023-06-09T20:13:05.050Z,40.3606667,-123.513,21.56,2.27,md,32,60,0.04074,0.11,nc,nc73899256,2023-06-10T07:12:15.772Z,"35km SW of Hayfork, CA",earthquake,0.25,0.37,0.147,36,reviewed,nc,nc
2023-06-09T20:11:34.280Z,33.872,-117.5061667,-0.33,0.98,ml,20,97,0.07452,0.23,ci,ci40481912,2023-06-12T18:11:32.401Z,"2km ESE of Home Gardens, CA",quarry blast,0.58,31.61,0.097,12,reviewed,ci,ci
2023-06-09T20:11:17.910Z,38.8073349,-122.7903366,1.66,0.85,md,16,57,0.003931,0.04,nc,nc73899251,2023-06-09T21:19:15.655Z,"4km NW of The Geysers, CA",earthquake,0.27,0.46,0.21,19,automatic,nc,nc
2023-06-09T20:10:46.070Z,38.806,-122.7893333,1.7,1.48,md,44,37,0.005061,0.04,nc,nc73899246,2023-06-12T18:11:20.212Z,"4km NW of The Geysers, CA",earthquake,0.14,0.23,0.155,36,reviewed,nc,nc
2023-06-09T20:09:43.986Z,63.5369,-147.63,20.1,1,ml,,,,0.68,ak,ak0237cxy7y6,2023-06-15T22:59:02.353Z,"67 km ESE of Denali Park, Alaska",earthquake,,0.5,,,reviewed,ak,ak
2023-06-09T20:06:20.857Z,63.0927,-151.3991,9.6,0.8,ml,,,,1.02,ak,ak0237cxxj0r,2023-06-15T22:58:57.184Z,"52 km SSE of Denali National Park, Alaska",earthquake,,0.2,,,reviewed,ak,ak
2023-06-09T20:04:56.021Z,51.506,-178.9253,25.035,2.6,ml,22,187,0.084,0.93,us,us7000k8tm,2023-06-21T21:26:26.040Z,"163 km WSW of Adak, Alaska",earthquake,3.55,10.724,0.085,18,reviewed,us,us
2023-06-09T20:03:21.840Z,65.5177,-144.677,19,1.1,ml,,,,0.6,ak,ak0237cxww0d,2023-06-15T22:58:57.362Z,"8 km SE of Central, Alaska",earthquake,,0.8,,,reviewed,ak,ak
2023-06-09T19:58:24.060Z,58.2451666666667,-155.109,2.98,-0.35,ml,5,237,,0.1,av,av91918376,2023-06-09T22:13:49.500Z,"84 km NNW of Karluk, Alaska",earthquake,1.35,1.36,0.0860265665574895,5,reviewed,av,av
2023-06-09T19:57:33.100Z,58.2533333333333,-155.118333333333,2.99,-0.01,ml,6,104,,0.04,av,av91918371,2023-06-09T22:11:35.090Z,"",earthquake,0.25,0.69,0.168952845086852,6,reviewed,av,av
2023-06-09T19:56:21.897Z,58.2523,-155.1105,3.6,1.6,ml,,,,0.25,ak,ak0237cxmtaj,2023-06-15T22:58:56.780Z,"85 km NNW of Karluk, Alaska",earthquake,,0.2,,,reviewed,ak,ak
2023-06-09T19:51:18.524Z,36.7317,-115.9569,0.3,-0.1,ml,10,174.24,0.023,0.1311,nn,nn00861065,2023-06-09T22:07:24.289Z,"31 km NW of Indian Springs, Nevada",earthquake,,3.9,0.14,4,reviewed,nn,nn
2023-06-09T19:47:57.609Z,54.9287,-160.0873,35,2.8,ml,27,214,0.477,0.8,us,us7000k8tl,2023-06-21T21:20:40.040Z,"52 km SSE of Sand Point, Alaska",earthquake,2.42,2.014,0.105,12,reviewed,us,us
2023-06-09T19:45:01.539Z,12.2699,-87.8975,37.265,4.4,mb,83,181,0.955,0.8,us,us7000k7ht,2023-06-21T21:15:26.040Z,"71 km SW of Jiquilillo, Nicaragua",earthquake,3.25,9.723,0.068,66,reviewed,us,us
2023-06-09T19:44:37.852Z,61.5007,-151.6186,75.2,1.1,ml,,,,0.57,ak,ak0237cxk9xl,2023-06-15T22:59:02.169Z,"49 km NW of Beluga, Alaska",earthquake,,0.6,,,reviewed,ak,ak
2023-06-09T19:40:29.290Z,58.263,-155.1005,4.41,-0.3,ml,6,128,,0.18,av,av91918346,2023-06-12T00:57:37.500Z,"86 km NNW of Karluk, Alaska",earthquake,0.69,0.89,0.175414339105293,6,reviewed,av,av
2023-06-09T19:39:20.400Z,38.8068352,-122.7926636,1.96,0.27,md,11,51,0.002352,0.02,nc,nc73899236,2023-06-09T20:08:12.177Z,"4km NW of The Geysers, CA",earthquake,0.45,0.98,0.06,12,automatic,nc,nc
2023-06-09T19:39:02.240Z,38.8061667,-122.7905,1.42,1.63,md,52,38,0.004161,0.06,nc,nc73899231,2023-06-12T17:15:10.912Z,"4km NW of The Geysers, CA",earthquake,0.13,0.2,0.125,42,reviewed,nc,nc
2023-06-09T19:35:15.231Z,21.1244,99.8603,14.922,4.3,mb,59,44,0.299,0.49,us,us7000k7hq,2023-06-21T21:12:47.040Z,"56 km S of Kēng Tung, Myanmar",earthquake,2.54,4.419,0.091,40,reviewed,us,us
2023-06-09T19:35:06.468Z,51.2453,178.8908,10.4,1.9,ml,,,,0.28,ak,ak0237cxia2e,2023-06-15T22:59:01.985Z,"Rat Islands, Aleutian Islands, Alaska",earthquake,,0.8,,,reviewed,ak,ak
2023-06-09T19:34:40.037Z,-0.3422,129.7195,18.78,4,mb,14,118,1.633,0.32,us,us7000k8pj,2023-06-21T21:10:52.040Z,"",earthquake,6.99,4.976,0.211,7,reviewed,us,us
2023-06-09T19:34:35.220Z,33.8461667,-117.487,3.37,1.57,ml,40,48,0.0452,0.16,ci,ci40481872,2023-06-12T18:04:54.948Z,"5km SE of Home Gardens, CA",quarry blast,0.24,0.37,0.161,24,reviewed,ci,ci
2023-06-09T19:26:00.340Z,33.6955,-116.8088333,15.78,0.64,ml,18,127,0.07297,0.09,ci,ci40481864,2023-06-12T17:52:13.960Z,"10km WSW of Idyllwild, CA",earthquake,0.27,0.32,0.199,11,reviewed,ci,ci
2023-06-09T19:23:47.440Z,36.0471667,-117.9866667,3.46,2.27,ml,34,106,0.08739,0.13,ci,ci40481856,2023-06-12T17:26:25.370Z,"4km W of Coso Junction, CA",earthquake,0.19,0.45,0.172,24,reviewed,ci,ci
2023-06-09T19:23:15.741Z,66.0067,-143.511,10.7,1.2,ml,,,,0.52,ak,ak0237cxfq7b,2023-06-15T22:58:56.369Z,"32 km NE of Circle, Alaska",earthquake,,0.6,,,reviewed,ak,ak
2023-06-09T19:16:52.780Z,40.6436667,-124.1661667,21.11,1.77,md,21,139,0.05735,0.1,nc,nc73899201,2023-06-10T03:03:15.853Z,"5km N of Fortuna, CA",earthquake,0.41,0.29,0.165,16,reviewed,nc,nc
2023-06-09T19:15:30.930Z,17.9518333333333,-66.965,15.82,2.64,md,7,217,0.08482,0.08,pr,pr71412798,2023-06-09T19:34:15.070Z,"6 km WSW of Guánica, Puerto Rico",earthquake,0.52,0.67,0.0734849142211362,4,reviewed,pr,pr
2023-06-09T19:13:41.361Z,36.6115,70.9846,211.106,4,mb,55,74,2.576,0.82,us,us7000k7hj,2023-06-21T20:56:47.040Z,"31 km SSE of Jurm, Afghanistan",earthquake,5.08,8.2,0.087,38,reviewed,us,us
2023-06-09T19:12:29.015Z,37.2778,-117.597,7.5,1.1,ml,12,94.93,0.06,0.1589,nn,nn00861052,2023-06-09T21:14:28.659Z,"53 km S of Silver Peak, Nevada",earthquake,,1.6,0.45,5,reviewed,nn,nn
2023-06-09T19:11:10.410Z,51.8503333333333,-177.803833333333,3.91,1.01,ml,5,169,,0.11,av,av91918331,2023-06-09T21:57:56.340Z,"Andreanof Islands, Aleutian Islands, Alaska",earthquake,0.44,0.27,0.16226626759397,5,reviewed,av,av
2023-06-09T19:03:28.720Z,34.996,-118.1853333,-0.91,1.21,ml,13,71,0.1222,0.15,ci,ci40481824,2023-06-14T23:04:02.582Z,"6km S of Mojave, CA",quarry blast,0.36,31.61,0.135,19,reviewed,ci,ci
2023-06-09T18:51:41.300Z,34.1588333,-116.429,10.23,1.12,ml,30,52,0.04245,0.11,ci,ci40481816,2023-06-12T17:15:18.016Z,"5km N of Yucca Valley, CA",earthquake,0.18,0.28,0.133,24,reviewed,ci,ci
2023-06-09T18:47:00.415Z,61.1446,-152.3039,119.2,2.5,ml,,,,0.57,ak,ak0237cwzbg9,2023-06-21T20:55:12.040Z,"63 km W of Tyonek, Alaska",earthquake,,0.3,,,reviewed,ak,ak
2023-06-09T18:46:56.388Z,52.0089,-175.3419,95.4,1.8,ml,,,,0.23,ak,ak0237cwzb6u,2023-06-15T22:59:01.797Z,"80 km WSW of Atka, Alaska",earthquake,,1.1,,,reviewed,ak,ak
2023-06-09T18:41:05.540Z,58.1751666666667,-155.328166666667,2.53,-0.42,ml,5,249,,0.07,av,av91918321,2023-06-10T04:42:39.130Z,"85 km NW of Karluk, Alaska",earthquake,0.75,0.5,0.22821455397496,5,reviewed,av,av
2023-06-09T18:37:36.770Z,58.1665,-155.3195,1.99,0.24,ml,5,251,,0.09,av,av91918316,2023-06-10T04:47:24.700Z,"84 km NW of Karluk, Alaska",earthquake,1.15,0.7,0.29373517410569,5,reviewed,av,av
2023-06-09T18:31:30.040Z,33.744,-117.475,6.46,0.37,ml,5,222,0.0697,0.09,ci,ci40481784,2023-06-09T20:33:43.267Z,"14km NE of Trabuco Canyon, CA",earthquake,0.57,0.69,0.093,3,reviewed,ci,ci
2023-06-09T18:28:45.450Z,-23.652,-177.1714,10.538,4.7,mb,21,115,3.069,0.88,us,us7000k8pm,2023-06-21T20:50:52.040Z,"south of the Fiji Islands",earthquake,12.5,4.129,0.12,21,reviewed,us,us
2023-06-09T18:28:42.745Z,18.6872,145.2266,580.351,4.3,mb,157,53,3.469,0.65,us,us7000k7hb,2023-06-21T20:43:57.040Z,"Pagan region, Northern Mariana Islands",earthquake,7.26,6.618,0.042,158,reviewed,us,us
2023-06-09T18:26:21.470Z,58.1748333333333,-155.328666666667,2.33,0.72,ml,6,249,,0.09,av,av91918306,2023-06-09T21:47:09.770Z,"85 km NW of Karluk, Alaska",earthquake,0.78,0.68,0.340063235250132,7,reviewed,av,av
2023-06-09T18:24:33.601Z,50.8477,-177.1197,25.6,1.8,ml,,,,0.37,ak,ak0237cwujog,2023-06-15T22:59:01.400Z,"119 km SSW of Adak, Alaska",earthquake,,9.3,,,reviewed,ak,ak
2023-06-09T18:23:27.309Z,54.5169,-159.6946,28.5,1.8,ml,,,,0.58,ak,ak0237cwubh6,2023-06-15T22:59:01.593Z,"104 km SSE of Sand Point, Alaska",earthquake,,3.6,,,reviewed,ak,ak
2023-06-09T18:11:50.020Z,58.1805,-155.322,3.32,-0.22,ml,4,244,,0.07,av,av91918291,2023-06-09T21:39:14.480Z,"85 km NW of Karluk, Alaska",earthquake,0.73,2.28,0.340820284988554,4,reviewed,av,av
2023-06-09T18:11:41.740Z,38.8328323,-122.8010025,2.16,0.95,md,11,64,0.01002,0.02,nc,nc73899191,2023-06-09T18:29:20.690Z,"7km W of Cobb, CA",earthquake,0.34,0.94,0.26,12,automatic,nc,nc
2023-06-09T18:02:57.777Z,60.3821,-143.4103,7.2,2,ml,,,,0.74,ak,ak0237cwpvsr,2023-06-15T22:58:55.835Z,"120 km SSW of McCarthy, Alaska",earthquake,,0.2,,,reviewed,ak,ak
2023-06-09T18:02:29.402Z,51.1679,-176.1631,25.3,1.5,ml,,,,0.32,ak,ak0237cwptlo,2023-06-15T22:59:01.216Z,"85 km SSE of Adak, Alaska",earthquake,,9.4,,,reviewed,ak,ak
2023-06-09T17:58:38.500Z,38.8186684,-122.8218307,2.23,1.08,md,22,48,0.01033,0.02,nc,nc73899186,2023-06-09T20:41:15.358Z,"7km NW of The Geysers, CA",earthquake,0.21,0.37,0.15,23,automatic,nc,nc
2023-06-09T17:53:30.421Z,60.6628,-147.6557,6,1.2,ml,,,,0.49,ak,ak0237cwfbds,2023-06-15T22:58:55.643Z,"57 km ESE of Whittier, Alaska",earthquake,,0.4,,,reviewed,ak,ak
2023-06-09T17:48:19.129Z,34.38416667,-96.81633333,0,1.49,ml,60,153,0.3590295462,0.43,ok,ok2023lfwf,2023-06-09T17:57:03.574Z,"Oklahoma",quarry blast,,0.5,0.22,21,reviewed,ok,ok
2023-06-09T17:45:40.070Z,38.8214989,-122.8531647,2.6,1.03,md,15,91,0.006696,0.01,nc,nc73899181,2023-06-09T20:15:12.216Z,"10km WNW of The Geysers, CA",earthquake,0.32,0.56,0.33,15,automatic,nc,nc
2023-06-09T17:45:05.898Z,-22.0824,-179.3416,591.453,4.2,mb,21,92,3.955,1.2,us,us7000k8pa,2023-06-21T20:22:54.040Z,"south of the Fiji Islands",earthquake,9.39,10.638,0.128,20,reviewed,us,us
2023-06-09T17:41:02.280Z,35.065,-118.35,-0.93,1.04,ml,15,45,0.07455,0.21,ci,ci40481744,2023-06-14T22:54:51.440Z,"12km SE of Tehachapi, CA",quarry blast,0.45,31.61,0.079,20,reviewed,ci,ci
2023-06-09T17:40:07.024Z,51.8585,-179.2692,112.4,2.1,ml,,,,0.49,ak,ak0237cwchha,2023-06-15T22:59:01.031Z,"181 km W of Adak, Alaska",earthquake,,0.9,,,reviewed,ak,ak
2023-06-09T17:32:36.210Z,56.3023333333333,-159.4275,10.6,0.83,ml,5,285,,0.25,av,av91918266,2023-06-09T21:33:27.790Z,"41 km W of Chignik Lake, Alaska",earthquake,1.7,3.9,0.116814866870692,5,reviewed,av,av
2023-06-09T17:28:29.155Z,12.0002,-88.0478,41.409,4.4,mb,99,141,1.219,0.81,us,us7000k7gl,2023-06-21T20:10:27.040Z,"104 km SW of Jiquilillo, Nicaragua",earthquake,6.56,3.81,0.058,90,reviewed,us,us
2023-06-09T17:21:47.560Z,-21.0713,169.7262,12.714,4.4,mb,21,118,2.615,0.83,us,us7000k8pb,2023-06-21T20:07:06.040Z,"",earthquake,10.91,5.004,0.169,13,reviewed,us,us
2023-06-09T17:20:26.610Z,34.6031667,-117.3408333,-1.07,1.39,ml,19,77,0.04342,0.27,ci,ci40481720,2023-06-14T22:51:41.357Z,"7km ENE of Adelanto, CA",quarry blast,0.51,31.61,0.173,34,reviewed,ci,ci
2023-06-09T17:17:29.906Z,-1.2003,98.2138,10,4.6,mb,86,108,2.568,0.57,us,us7000k7gk,2023-06-21T19:23:52.040Z,"178 km WNW of Tuapejat, Indonesia",earthquake,7.92,1.837,0.072,64,reviewed,us,us
2023-06-09T17:13:13.730Z,36.0741667,-117.6671667,4.7,1.07,ml,16,130,0.1181,0.13,ci,ci40481704,2023-06-12T16:15:38.345Z,"26km E of Coso Junction, CA",earthquake,0.25,1.81,0.257,6,reviewed,ci,ci
2023-06-09T17:10:49.550Z,58.1791666666667,-155.343166666667,4.11,-0.05,ml,5,251,,0.1,av,av91918246,2023-06-09T21:24:24.550Z,"86 km NW of Karluk, Alaska",earthquake,0.78,1.9,0.154023384144684,5,reviewed,av,av
2023-06-09T17:10:01.775Z,63.2502,-150.5015,124.5,1.9,ml,,,,0.4,ak,ak0237cw61lf,2023-06-15T22:58:55.380Z,"Central Alaska",earthquake,,0.4,,,reviewed,ak,ak
2023-06-09T17:09:24.650Z,37.9066667,-112.9445,21.55,1.43,ml,9,189,0.2027,0.19,uu,uu60541906,2023-06-09T18:39:24.890Z,"11 km N of Summit, Utah",earthquake,1.6,0.87,0.061,4,reviewed,uu,uu
2023-06-09T17:04:41.840Z,58.1845,-155.348333333333,5.11,-0.05,ml,5,250,,0.05,av,av91918236,2023-06-09T21:20:58.250Z,"",earthquake,0.61,1.28,0.163212760932502,5,reviewed,av,av
2023-06-09T17:04:14.296Z,66.347,-157.522,5.7,1.4,ml,,,,0.85,ak,ak0237cw4s9h,2023-06-15T22:59:00.848Z,"62 km SSW of Shungnak, Alaska",earthquake,,0.4,,,reviewed,ak,ak
2023-06-09T17:01:45.695Z,52.955,-167.4197,44.3,1.2,ml,,,,0.33,ak,ak0237cw47jk,2023-06-15T22:58:55.194Z,"",earthquake,,3.3,,,reviewed,ak,ak
2023-06-09T16:57:57.944Z,55.4003,-156.888,24.6,2.4,ml,,,,0.85,ak,ak0237cvux6j,2023-06-15T22:58:55.005Z,"",earthquake,,4.2,,,reviewed,ak,ak
2023-06-09T16:56:26.889Z,60.1726,-153.3027,148.2,2,ml,,,,0.59,ak,ak0237cvuj5d,2023-06-15T22:58:54.759Z,"56 km E of Port Alsworth, Alaska",earthquake,,0.6,,,reviewed,ak,ak
2023-06-09T16:55:26.900Z,33.8201667,-116.9995,13.54,1.13,ml,42,53,0.1022,0.16,ci,ci40481664,2023-06-09T22:46:51.735Z,"6km NW of San Jacinto, CA",earthquake,0.17,0.59,0.154,24,reviewed,ci,ci
2023-06-09T16:53:52.020Z,-25.3586,-177.2601,141.533,4.1,mb,16,131,3.932,1,us,us7000k8p9,2023-06-17T13:44:58.040Z,"",earthquake,13.89,11.905,0.151,12,reviewed,us,us
2023-06-09T16:53:37.740Z,33.1673333,-116.7905,17.01,0.95,ml,35,42,0.07345,0.15,ci,ci40481648,2023-06-09T22:01:57.308Z,"9km SSW of Lake Henshaw, CA",earthquake,0.18,0.48,0.163,23,reviewed,ci,ci
2023-06-09T16:51:35.160Z,58.185,-155.326,7.33,0.41,ml,7,244,,0.13,av,av91918211,2023-06-09T21:13:49.480Z,"85 km NW of Karluk, Alaska",earthquake,1.2,0.91,0.197279133724823,7,reviewed,av,av
2023-06-09T16:47:35.700Z,51.8516666666667,-177.812166666667,2.18,0.54,ml,4,249,,0.09,av,av91918206,2023-06-09T21:09:54.710Z,"81 km W of Adak, Alaska",earthquake,0.62,1.2,0.150339855792459,5,reviewed,av,av
2023-06-09T16:43:45.078Z,61.7631,-149.944,47.9,1,ml,,,,0.58,ak,ak0237cvrryj,2023-06-15T22:59:00.656Z,"5 km ENE of Willow, Alaska",earthquake,,1.6,,,reviewed,ak,ak
2023-06-09T16:40:10.520Z,37.2915,-121.6766667,1.99,0.85,md,13,123,0.03258,0.05,nc,nc73899171,2023-06-09T20:34:32.404Z,"14km E of Seven Trees, CA",earthquake,0.28,0.43,0.153,12,reviewed,nc,nc
2023-06-09T16:36:55.600Z,59.7342,-152.974,100.2,2.8,ml,,,,0.6,ak,ak0237cvqaow,2023-06-15T22:58:54.389Z,"Southern Alaska",earthquake,,0.3,,,reviewed,ak,ak
2023-06-09T16:34:44.572Z,53.8147,-166.5812,94.6,1.7,ml,,,,0.55,ak,ak0237cvpuic,2023-06-15T22:58:54.185Z,"7 km SSW of Unalaska, Alaska",earthquake,,0.6,,,reviewed,ak,ak
2023-06-09T16:27:16.804Z,51.851,177.6297,10,2.5,ml,10,325,0.555,0.63,us,us7000k8tp,2023-06-17T13:39:31.040Z,"Rat Islands, Aleutian Islands, Alaska",earthquake,3.41,1.964,0.128,10,reviewed,us,us
2023-06-09T16:23:45.800Z,58.1881666666667,-155.3415,5,-0.24,ml,5,247,,0.11,av,av91918181,2023-06-09T21:02:45.460Z,"86 km NW of Karluk, Alaska",earthquake,0.79,1.53,0.111445492548891,5,reviewed,av,av
2023-06-09T16:22:07.690Z,33.6361667,-116.7235,16.67,0.83,ml,29,55,0.05277,0.13,ci,ci40481616,2023-06-09T21:43:15.271Z,"10km NNW of Anza, CA",earthquake,0.2,0.42,0.152,20,reviewed,ci,ci
2023-06-09T16:16:15.170Z,38.8291664,-122.8525009,1.7,1.05,md,18,64,0.003779,0.02,nc,nc73899166,2023-06-09T16:45:13.936Z,"10km NW of The Geysers, CA",earthquake,0.24,0.39,0.16,19,automatic,nc,nc
2023-06-09T16:15:58.760Z,38.8291664,-122.8531647,1.58,0.99,md,19,63,0.003318,0.02,nc,nc73899161,2023-06-09T16:33:14.864Z,"10km NW of The Geysers, CA",earthquake,0.23,0.36,0.27,19,automatic,nc,nc
2023-06-09T16:09:32.670Z,59.9808,-150.8807,11.6,1.4,ml,,,,0.75,ak,ak0237cvkgm0,2023-06-15T22:58:53.992Z,"14 km NNE of Fox River, Alaska",earthquake,,0.7,,,reviewed,ak,ak
2023-06-09T16:03:24.304Z,32.83172607,-100.5458032,6.48050944,2.7,ml,21,78,0.04340941306,0.2,tx,tx2023lfsu,2023-06-12T08:56:31.461Z,"7 km WSW of Rotan, Texas",earthquake,0.9725201018,1.3490259170000003,0.1,14,reviewed,tx,tx
2023-06-09T15:52:32.695Z,51.8847,177.4357,10,3,ml,11,330,0.669,0.35,us,us7000k8qg,2023-06-17T13:37:50.040Z,"Rat Islands, Aleutian Islands, Alaska",earthquake,5.07,1.949,0.105,20,reviewed,us,us
2023-06-09T15:51:21.120Z,37.5081667,-118.8291667,4.99,0.4,md,10,207,0.08172,0.04,nc,nc73899156,2023-06-10T00:20:12.856Z,"14km WSW of Toms Place, CA",earthquake,1.13,1.1,0.136,8,reviewed,nc,nc
2023-06-09T15:43:42.153Z,63.4236,-147.6445,6,1.4,ml,,,,0.72,ak,ak0237cv6c49,2023-06-15T17:43:15.455Z,"65 km E of Cantwell, Alaska",earthquake,,0.2,,,reviewed,ak,ak
2023-06-09T15:36:40.065Z,67.4995,-142.5494,2.9,2.2,ml,,,,0.69,ak,ak0237cv4tz5,2023-06-15T17:43:15.236Z,"",earthquake,,0.7,,,reviewed,ak,ak
2023-06-09T15:36:10.453Z,31.49183669,-104.037328,6.285815430000001,2.7,ml,18,67,0.04543802428,0.2,tx,tx2023lfrx,2023-06-12T09:27:08.110Z,"30 km NW of Toyah, Texas",earthquake,1.217140331,1.012528885,0.1,28,reviewed,tx,tx
2023-06-09T15:36:02.890Z,38.8325005,-122.8190002,1.17,0.39,md,8,83,0.01146,0.03,nc,nc73899146,2023-06-09T15:56:14.836Z,"8km NW of The Geysers, CA",earthquake,0.4,1.2,0.3,8,automatic,nc,nc
2023-06-09T15:35:25.620Z,40.4821667,-124.3271667,20.73,1.77,md,22,139,0.01027,0.12,nc,nc73899151,2023-06-09T22:01:10.901Z,"12km SSW of Ferndale, CA",earthquake,0.65,0.32,0.202,17,reviewed,nc,nc
2023-06-09T15:29:59.675Z,61.8272,-151.3696,74.1,1.2,ml,,,,0.55,ak,ak0237cv3dgf,2023-06-15T17:43:18.551Z,"18 km S of Skwentna, Alaska",earthquake,,1.2,,,reviewed,ak,ak
2023-06-09T15:29:33.510Z,51.8505,-177.814666666667,2.13,1.07,ml,4,246,,0.09,av,av91918146,2023-06-11T21:03:27.820Z,"81 km W of Adak, Alaska",earthquake,0.62,1.22,0.0818571799576122,4,reviewed,av,av
2023-06-09T15:27:17.980Z,35.6513333,-117.55,2.19,0.58,ml,12,92,0.1038,0.09,ci,ci40481544,2023-06-09T21:38:05.684Z,"12km ENE of Ridgecrest, CA",earthquake,0.23,0.55,0.14,6,reviewed,ci,ci
2023-06-09T15:26:50.460Z,38.8345,-122.8153333,2.24,2.61,md,87,25,0.01183,0.07,nc,nc73899136,2023-06-09T22:32:13.140Z,"8km W of Cobb, CA",earthquake,0.08,0.13,0.162,102,reviewed,nc,nc
2023-06-09T15:26:15.710Z,36.4333333,-120.6596667,9.52,1.59,md,18,174,0.1762,0.06,nc,nc73899131,2023-06-09T21:51:12.834Z,"2km NNE of New Idria, CA",earthquake,0.4,0.78,0.219,17,reviewed,nc,nc
2023-06-09T15:10:24.285Z,63.286,-151.6985,5.8,2.6,ml,,,,0.87,ak,ak0237cuz849,2023-06-15T17:43:14.910Z,"28 km S of Denali National Park, Alaska",earthquake,,0.3,,,reviewed,ak,ak
2023-06-09T15:08:45.110Z,36.6783,71.4834,171.403,4,mb,25,70,2.786,0.45,us,us7000k7fk,2023-06-09T16:30:56.040Z,"4 km W of Ashkāsham, Afghanistan",earthquake,5.63,14.123,0.258,4,reviewed,us,us
2023-06-09T15:07:15.365Z,60.5678,-150.6787,41.9,1.3,ml,,,,0.55,ak,ak0237cuykap,2023-06-15T17:43:14.711Z,"",earthquake,,0.9,,,reviewed,ak,ak
2023-06-09T14:57:14.790Z,58.2111666666667,-155.191,4.62,-0.47,ml,7,140,,0.07,av,av91918116,2023-06-11T20:50:27.980Z,"83 km NNW of Karluk, Alaska",earthquake,0.5,0.6,0.232318716811198,7,reviewed,av,av
2023-06-09T14:49:53.199Z,58.534,-152.9013,57.5,2.7,ml,,,,0.76,ak,ak0237cum7mq,2023-06-17T08:24:33.040Z,"52 km N of Aleneva, Alaska",earthquake,,0.5,,,reviewed,ak,ak
2023-06-09T14:43:56.620Z,51.8535,-177.807666666667,2.86,1.14,ml,7,153,,0.08,av,av91918101,2023-06-11T19:30:44.920Z,"80 km W of Adak, Alaska",earthquake,0.36,0.61,0.318989424243438,7,reviewed,av,av
2023-06-09T14:41:44.425Z,51.4985,-176.0215,23.1,1.4,ml,,,,0.27,ak,ak0237cukhaf,2023-06-15T20:00:14.879Z,"59 km SE of Adak, Alaska",earthquake,,0.9,,,reviewed,ak,ak
2023-06-09T14:37:42.560Z,38.831501,-122.8166656,2.36,0.53,md,8,103,0.009593,0.01,nc,nc73899126,2023-06-09T14:55:14.301Z,"8km NW of The Geysers, CA",earthquake,0.55,1.95,0.28,11,automatic,nc,nc
2023-06-09T14:26:52.990Z,51.8531666666667,-177.8115,2.64,0.86,ml,4,250,,0.07,av,av91918081,2023-06-11T20:40:31.050Z,"",earthquake,0.56,1,0.0932645153149954,4,reviewed,av,av
2023-06-09T14:22:50.407Z,14.4102,-92.9096,35,4.3,mb,50,189,2.005,0.32,us,us7000k8p7,2023-06-16T07:08:18.040Z,"62 km WSW of Puerto Madero, Mexico",earthquake,5.71,1.98,0.074,51,reviewed,us,us
2023-06-09T14:22:24.860Z,36.5371667,-121.1268333,3.78,2.27,md,54,83,0.01532,0.1,nc,nc73899121,2023-06-10T01:39:17.347Z,"2km ENE of Pinnacles, CA",earthquake,0.17,0.31,0.189,51,reviewed,nc,nc
2023-06-09T14:09:29.174Z,32.83538818,-100.5458032,6.578328451,2,ml,15,69,0.04601296405,0.2,tx,tx2023lfpa,2023-06-12T11:56:23.363Z,"7 km WSW of Rotan, Texas",earthquake,1.107929664,1.961601445,0.1,10,reviewed,tx,tx
2023-06-09T13:53:54.519Z,53.5604,-165.8322,52.8,1.3,ml,,,,0.38,ak,ak0237cu1n17,2023-06-15T17:43:18.172Z,"58 km SE of Unalaska, Alaska",earthquake,,3.8,,,reviewed,ak,ak
2023-06-09T13:52:28.090Z,58.2546666666667,-155.134166666667,3.55,-0.15,ml,8,94,,0.04,av,av91918066,2023-06-11T20:35:30.110Z,"",earthquake,0.23,0.42,0.240614014453549,9,reviewed,av,av
2023-06-09T13:49:12.700Z,36.1785,-121.5733333,13.03,0.68,md,9,148,0.05515,0.13,nc,nc73899116,2023-06-09T20:23:00.774Z,"18km N of Lopez Point, CA",earthquake,0.56,1.32,0.09,6,reviewed,nc,nc
2023-06-09T13:47:33.758Z,51.4044,-175.5898,18,1.7,ml,,,,0.42,ak,ak0237cu0b4v,2023-06-15T17:43:17.983Z,"",earthquake,,1.6,,,reviewed,ak,ak
2023-06-09T13:43:17.490Z,58.2486666666667,-155.163333333333,3.8,-0.06,ml,7,110,,0.13,av,av91918061,2023-06-11T20:32:51.630Z,"Alaska Peninsula",earthquake,0.41,0.63,0.212395555865232,6,reviewed,av,av
2023-06-09T13:41:46.880Z,40.3811667,-124.2406667,21.31,1.85,md,18,101,0.1071,0.1,nc,nc73899106,2023-06-15T02:35:11.768Z,"7km NNE of Petrolia, CA",earthquake,0.58,0.6,0.126,14,reviewed,nc,nc
2023-06-09T13:39:54.839Z,58.2122,-155.1797,1.9,1.4,ml,,,,0.57,ak,ak0237ctyn11,2023-06-15T20:00:14.500Z,"83 km NNW of Karluk, Alaska",earthquake,,0.9,,,reviewed,ak,ak
2023-06-09T13:33:13.440Z,35.0796667,-118.2581667,2.58,0.95,ml,16,42,0.08607,0.23,ci,ci40481440,2023-06-09T21:35:33.861Z,"8km WNW of Mojave, CA",earthquake,0.29,0.65,0.119,11,reviewed,ci,ci
2023-06-09T13:32:32.760Z,59.0776,-136.5344,2.6,1.3,ml,,,,0.55,ak,ak0237ctx3az,2023-06-15T20:00:14.693Z,"47 km SW of Covenant Life, Alaska",earthquake,,0.5,,,reviewed,ak,ak
2023-06-09T13:30:44.880Z,33.3581667,-116.9691667,8.53,1.34,ml,51,44,0.06081,0.19,ci,ci40481432,2023-06-09T21:23:30.350Z,"10km W of Palomar Observatory, CA",earthquake,0.18,0.55,0.091,27,reviewed,ci,ci
2023-06-09T13:27:48.534Z,53.4133,-163.1452,25.6,1.9,ml,,,,0.64,ak,ak0237ctw1yd,2023-06-15T17:43:17.785Z,"161 km S of False Pass, Alaska",earthquake,,3.7,,,reviewed,ak,ak
2023-06-09T13:26:40.490Z,60.0115,-153.104,-2.34,-0.89,ml,4,168,,0.1,av,av91918041,2023-06-12T00:56:31.900Z,"61 km ENE of Pedro Bay, Alaska",earthquake,0.36,2.8,0.114944916718675,4,reviewed,av,av
2023-06-09T13:08:20.182Z,59.4909,-152.8152,90.2,1.8,ml,,,,0.42,ak,ak0237ctrx3s,2023-06-15T17:43:13.922Z,"Southern Alaska",earthquake,,0.4,,,reviewed,ak,ak
2023-06-09T13:06:52.869Z,51.3169,-175.3307,35,2.7,ml,14,306,0.766,0.5,us,us7000k8q9,2023-06-16T07:40:40.040Z,"109 km SE of Adak, Alaska",earthquake,7.86,2.028,0.105,12,reviewed,us,us
2023-06-09T12:56:15.300Z,58.1748333333333,-155.331166666667,1.59,0.03,ml,5,250,,0.09,av,av91918021,2023-06-12T00:44:38.410Z,"85 km NW of Karluk, Alaska",earthquake,0.63,0.71,0.309863577552448,5,reviewed,av,av
2023-06-09T12:52:49.400Z,31.786,-116.0356667,5.37,2.1,ml,23,64,0.2305,0.35,ci,ci40481392,2023-06-09T20:56:36.129Z,"51km E of Maneadero, B.C., MX",earthquake,0.35,31.61,0.234,18,reviewed,ci,ci
2023-06-09T12:52:20.446Z,-4.4037,144.3242,114.322,4,mb,22,126,4.073,0.88,us,us7000k8p4,2023-06-16T06:42:08.040Z,"near the north coast of New Guinea, Papua New Guinea",earthquake,6.85,8.661,0.144,14,reviewed,us,us
2023-06-09T12:50:14.410Z,51.5702,-177.0649,33.183,2.8,ml,19,205,0.219,0.45,us,us7000k8q8,2023-06-16T07:33:12.040Z,"Andreanof Islands, Aleutian Islands, Alaska",earthquake,5.27,8.246,0.097,14,reviewed,us,us
2023-06-09T12:48:44.963Z,51.8307,177.752,9.552,3.4,ml,22,178,0.485,0.46,us,us7000k8q7,2023-06-16T07:26:02.040Z,"",earthquake,5.56,6.64,0.081,22,reviewed,us,us
2023-06-09T12:44:07.650Z,58.1825,-155.309666666667,2.21,-0.06,ml,6,197,,0.05,av,av91918006,2023-06-11T19:32:45.660Z,"",earthquake,0.55,0.76,0.287511888752745,7,reviewed,av,av
2023-06-09T12:41:50.510Z,36.6385,-121.25,6.58,1.28,md,31,158,0.05888,0.08,nc,nc73899101,2023-06-09T22:01:12.032Z,"15km NW of Pinnacles, CA",earthquake,0.3,0.49,0.188,22,reviewed,nc,nc
2023-06-09T12:41:44.640Z,58.2481666666667,-155.116,28.39,0.1,ml,9,92,,0.16,av,av91918001,2023-06-11T19:14:28.850Z,"85 km NNW of Karluk, Alaska",earthquake,0.61,1.02,0.297225445388929,8,reviewed,av,av
2023-06-09T12:40:06.710Z,34.1628333,-117.3998333,3.89,1.03,ml,43,52,0.03749,0.15,ci,ci40481376,2023-06-09T20:49:29.756Z,"5km W of Muscoy, CA",earthquake,0.19,0.34,0.124,32,reviewed,ci,ci
2023-06-09T12:37:32.150Z,40.719,-122.2693333,16.22,1.55,md,10,86,0.09957,0.09,nc,nc71130599,2023-06-10T00:16:12.832Z,"9km NNW of Bella Vista, CA",earthquake,0.35,0.7,0.225,10,reviewed,nc,nc
2023-06-09T12:37:30.280Z,40.7173333,-122.2678333,17.92,1.38,md,7,107,0.09756,0.1,nc,nc73899096,2023-06-09T21:39:12.751Z,"9km NNW of Bella Vista, CA",earthquake,0.5,1.02,0.142,2,reviewed,nc,nc
2023-06-09T12:29:24.986Z,54.6312,-159.8492,14.3,1.9,ml,,,,0.59,ak,ak0237ctb0pl,2023-06-15T17:43:13.108Z,"88 km SSE of Sand Point, Alaska",earthquake,,0.9,,,reviewed,ak,ak
2023-06-09T12:23:13.680Z,39.8886667,-123.9768333,3.53,1.8,md,25,192,0.1635,0.14,nc,nc73899091,2023-06-09T21:36:11.735Z,"18km SSE of Shelter Cove, CA",earthquake,0.5,1.71,0.141,18,reviewed,nc,nc
2023-06-09T12:18:30.790Z,33.2473333,-116.3951667,6.72,0.65,ml,21,142,0.0278,0.2,ci,ci40481352,2023-06-09T15:03:32.950Z,"2km WSW of Borrego Springs, CA",earthquake,0.52,0.63,0.134,12,reviewed,ci,ci
2023-06-09T12:16:07.870Z,37.0778333,-121.8871667,9.28,1.95,md,66,69,0.08874,0.15,nc,nc73899086,2023-06-09T21:07:12.660Z,"5km NNW of Day Valley, CA",earthquake,0.16,0.49,0.241,63,reviewed,nc,nc
2023-06-09T12:11:08.010Z,58.1665,-155.359666666667,1.37,-0.17,ml,7,217,,0.17,av,av91917986,2023-06-12T00:55:41.430Z,"85 km NW of Karluk, Alaska",earthquake,1.04,2.09,0.149193005470567,7,reviewed,av,av
2023-06-09T12:09:14.600Z,38.8251667,-122.8041667,2.4,1.09,md,42,33,0.004942,0.05,nc,nc73899081,2023-06-09T17:53:17.322Z,"7km NW of The Geysers, CA",earthquake,0.16,0.29,0.164,35,reviewed,nc,nc
2023-06-09T12:09:06.158Z,62.7055,-151.2737,85.5,1.4,ml,,,,0.73,ak,ak0237ct6o6y,2023-06-15T17:43:12.897Z,"34 km NW of Petersville, Alaska",earthquake,,0.6,,,reviewed,ak,ak
2023-06-09T12:04:22.320Z,51.851,-177.814666666667,2.23,1.29,ml,5,246,,0.09,av,av91917976,2023-06-11T18:40:33.890Z,"81 km W of Adak, Alaska",earthquake,0.59,1.07,0.102819470391696,5,reviewed,av,av
2023-06-09T11:59:02.350Z,38.8326667,-122.7965,2.09,1.4,md,41,29,0.007483,0.04,nc,nc73899076,2023-06-09T19:49:17.055Z,"6km W of Cobb, CA",earthquake,0.13,0.19,0.161,38,reviewed,nc,nc
2023-06-09T11:54:41.492Z,58.1902,-155.3359,8.3,1.4,ml,,,,0.31,ak,ak0237csuyjf,2023-06-15T20:00:14.042Z,"86 km NW of Karluk, Alaska",earthquake,,0.3,,,reviewed,ak,ak
2023-06-09T11:50:55.340Z,18.929,-65.3506666666667,12.66,3.15,md,14,248,0.6216,0.17,pr,pr71412793,2023-06-09T12:57:10.710Z,"69 km N of Culebra, Puerto Rico",earthquake,1.21,1.7,0.0572388837517848,8,reviewed,pr,pr
2023-06-09T11:37:02.494Z,59.4885,-152.4914,67.1,2.4,ml,,,,0.56,ak,ak0237csr8cp,2023-06-17T08:16:22.040Z,"35 km WNW of Nanwalek, Alaska",earthquake,,0.5,,,reviewed,ak,ak
2023-06-09T11:33:35.863Z,7.1856,-34.0134,10,5.3,mww,80,45,12.806,0.63,us,us7000k7bx,2023-06-17T08:22:31.040Z,"",earthquake,8.99,1.831,0.052,36,reviewed,us,us
2023-06-09T11:29:56.190Z,38.8066673,-122.8373337,1.44,0.75,md,7,115,0.002645,0.03,nc,nc73899071,2023-06-09T11:47:20.146Z,"8km WNW of The Geysers, CA",earthquake,0.46,0.94,0.1,8,automatic,nc,nc
2023-06-09T11:28:40.240Z,18.298,-68.4425,101,3.74,md,18,185,0.2244,0.12,pr,pr2023160002,2023-06-17T08:13:44.040Z,"19 km ESE of Boca de Yuma, Dominican Republic",earthquake,1.8,1.06,0.14,11,reviewed,pr,pr
2023-06-09T11:27:06.250Z,47.9235,-115.053,4.98,0.52,ml,4,164,0.3414,0.11,mb,mb90017513,2023-06-09T22:59:52.090Z,"Idaho-Montana border region",earthquake,0.55,8.86,0.012840883660076,2,reviewed,mb,mb
2023-06-09T11:26:12.487Z,55.3379,-161.2506,85.6,2,ml,,,,0.43,ak,ak0237csowpu,2023-06-15T17:43:12.501Z,"47 km W of Sand Point, Alaska",earthquake,,0.6,,,reviewed,ak,ak
2023-06-09T11:21:54.489Z,67.4639,-142.5311,1.6,3.2,ml,,,,0.75,ak,ak0237csnwxv,2023-06-17T08:08:45.040Z,"104 km NNE of Chalkyitsik, Alaska",earthquake,,0.6,,,reviewed,ak,ak
2023-06-09T11:21:44.240Z,58.1776666666667,-155.330166666667,0.15,-0.09,ml,5,248,,0.03,av,av91917921,2023-06-11T06:08:20.590Z,"85 km NW of Karluk, Alaska",earthquake,0.56,3.77,0.277380028375809,5,reviewed,av,av
2023-06-09T11:17:31.660Z,58.184,-155.285833333333,1.89,0.25,ml,4,232,,0.08,av,av91107248,2023-06-11T06:03:15.810Z,"84 km NW of Karluk, Alaska",earthquake,0.73,0.69,0.262582312441507,4,reviewed,av,av
2023-06-09T11:16:01.890Z,36.0213333,-120.5861667,1.91,0.55,md,14,148,0.0419,0.1,nc,nc73899066,2023-06-15T00:16:32.063Z,"20km NW of Parkfield, CA",earthquake,0.42,2.91,0.061,5,reviewed,nc,nc
2023-06-09T11:04:50.900Z,40.1398333,-123.8701667,22.28,1.35,md,15,105,0.07023,0.07,nc,nc73899061,2023-06-09T19:23:18.902Z,"4km WNW of Redway, CA",earthquake,0.33,0.74,0.186,11,reviewed,nc,nc
2023-06-09T10:55:01.661Z,64.4261,-146.7164,8.1,0.8,ml,,,,0.68,ak,ak0237cs9nk0,2023-06-15T17:43:12.025Z,"8 km NW of Harding-Birch Lakes, Alaska",earthquake,,0.4,,,reviewed,ak,ak
2023-06-09T10:53:12.230Z,38.8339996,-122.7896652,1.81,0.68,md,9,87,0.004435,0.02,nc,nc73899056,2023-06-09T13:35:17.817Z,"6km WNW of Cobb, CA",earthquake,0.42,0.52,0.44,9,automatic,nc,nc
2023-06-09T10:47:57.714Z,2.7093,128.2994,96.643,4.7,mb,38,79,2.138,0.77,us,us7000k7bs,2023-06-09T11:07:05.040Z,"113 km NNE of Tobelo, Indonesia",earthquake,9.27,7.491,0.099,31,reviewed,us,us
2023-06-09T10:45:43.987Z,51.4812,-178.6657,10.8,1.8,ml,,,,0.59,ak,ak0237cs7ljn,2023-06-15T17:43:11.807Z,"147 km WSW of Adak, Alaska",earthquake,,0.5,,,reviewed,ak,ak
2023-06-09T10:45:06.222Z,60.9089,-151.9784,89.7,1.6,ml,,,,0.59,ak,ak0237cs7ius,2023-06-15T17:43:11.568Z,"44 km WNW of Nikiski, Alaska",earthquake,,0.6,,,reviewed,ak,ak
2023-06-09T10:44:48.650Z,31.67776641,-104.3943928,6.877099609,2.3,ml,48,69,0.02697752111,0.3,tx,tx2023lfig,2023-06-09T18:18:37.421Z,"55 km S of Whites City, New Mexico",earthquake,0.6865980123,0.7548945765,0,7,reviewed,tx,tx
2023-06-09T10:37:14.690Z,38.8390007,-122.8238297,1.72,0.36,md,8,93,0.009113,0.01,nc,nc73899051,2023-06-09T13:09:16.646Z,"9km WNW of Cobb, CA",earthquake,0.84,2.15,0.26,9,automatic,nc,nc
2023-06-09T10:34:13.550Z,35.0625,-97.93966667,7,0.9,ml,15,92,0.1430719244,0.18,ok,ok2023lfhx,2023-06-12T18:36:44.602Z,"1 km NNW of Chickasha, Oklahoma",earthquake,,0.8,0.4,3,reviewed,ok,ok
2023-06-09T10:34:05.118Z,-2.8138,129.2056,10,4.9,mb,61,63,1.835,0.28,us,us7000k7bn,2023-06-09T10:53:58.040Z,"59 km NNE of Masohi, Indonesia",earthquake,6.46,1.877,0.071,63,reviewed,us,us
2023-06-09T10:31:54.299Z,35.35883333,-98.097,6.09,0.55,ml,14,106,0.08548322528,0.16,ok,ok2023lfhv,2023-06-12T18:24:56.051Z,"14 km WSW of Union City, Oklahoma",earthquake,,0.9,0.13,2,reviewed,ok,ok
2023-06-09T10:29:04.018Z,53.9666,-164.0887,25.6,1.6,ml,,,,0.4,ak,ak0237cs434x,2023-06-15T17:43:17.096Z,"108 km SSW of False Pass, Alaska",earthquake,,3,,,reviewed,ak,ak
2023-06-09T10:17:48.048Z,51.5962,-175.1929,35,2.5,ml,17,231,0.6,0.32,us,us7000k8q4,2023-06-16T06:15:45.040Z,"95 km SW of Atka, Alaska",earthquake,2.6,2.014,0.128,8,reviewed,us,us
2023-06-09T10:07:49.130Z,58.1781666666667,-155.322,1.5,0.09,ml,6,203,,0.08,av,av91917861,2023-06-11T05:40:09.620Z,"85 km NW of Karluk, Alaska",earthquake,0.63,1.65,0.437136443132235,6,reviewed,av,av
2023-06-09T10:05:42.547Z,63.2411,-150.5606,117,1.5,ml,,,,0.44,ak,ak0237crz0xw,2023-06-15T17:43:11.152Z,"67 km ESE of Denali National Park, Alaska",earthquake,,1,,,reviewed,ak,ak
2023-06-09T10:04:23.030Z,38.8380013,-122.8238297,2.19,1.01,md,16,86,0.009123,0.02,nc,nc73899046,2023-06-09T12:43:13.486Z,"9km WNW of Cobb, CA",earthquake,0.27,0.71,0.29,17,automatic,nc,nc
2023-06-09T10:03:42.971Z,68.1225,-148.2958,7.2,1.4,ml,,,,0.51,ak,ak0237cryll5,2023-06-15T20:00:13.586Z,"110 km NE of Wiseman, Alaska",earthquake,,0.3,,,reviewed,ak,ak
2023-06-09T10:03:18.290Z,38.7885017,-122.7710037,-0.15,1.1,md,16,80,0.01402,0.06,nc,nc73899041,2023-06-09T12:17:22.316Z,"2km NW of The Geysers, CA",earthquake,0.21,0.67,0.22,16,automatic,nc,nc
2023-06-09T10:02:43.586Z,62.1054,-150.2732,8.9,1.2,ml,,,,0.81,ak,ak0237crydsq,2023-06-15T17:43:10.762Z,"",earthquake,,0.7,,,reviewed,ak,ak
2023-06-09T09:56:55.860Z,60.0816,-147.8266,13.3,1.5,ml,,,,0.35,ak,ak0237crojv6,2023-06-15T17:43:16.896Z,"10 km E of Chenega, Alaska",earthquake,,1.4,,,reviewed,ak,ak
2023-06-09T09:48:58.010Z,60.0406666666667,-153.103,9.14,-0.15,ml,4,209,,0.29,av,av91917846,2023-06-11T05:27:36.680Z,"Southern Alaska",earthquake,3.23,2.15,0.336197896613583,4,reviewed,av,av
2023-06-09T09:44:33.138Z,51.8744,-171.4536,35,2.6,ml,19,217,1.337,0.32,us,us7000k8qe,2023-06-16T06:27:51.040Z,"Fox Islands, Aleutian Islands, Alaska",earthquake,6.64,2.02,0.115,10,reviewed,us,us
2023-06-09T09:44:25.401Z,-12.2417,65.6629,10,4.6,mb,35,79,7.789,0.52,us,us7000k8p6,2023-06-16T07:35:40.040Z,"",earthquake,6.65,1.854,0.119,22,reviewed,us,us
2023-06-09T09:38:33.120Z,44.8678333,-110.373,5.85,0.56,md,12,152,0.184,0.16,uu,uu60541896,2023-06-09T14:29:33.660Z,"28 km ESE of Mammoth, Wyoming",earthquake,0.69,2.97,0.338,8,reviewed,uu,uu
2023-06-09T09:37:15.550Z,58.1801666666667,-155.3065,1.58,0.05,ml,6,240,,0.05,av,av91917836,2023-06-12T00:54:50.040Z,"",earthquake,0.84,0.57,0.355550533959903,6,reviewed,av,av
2023-06-09T09:30:52.110Z,58.2333333333333,-155.171833333333,4.28,0.05,ml,8,125,,0.08,av,av91917831,2023-06-11T05:22:38.170Z,"85 km NNW of Karluk, Alaska",earthquake,0.28,0.55,0.2306625899437,8,reviewed,av,av
2023-06-09T09:30:18.264Z,39.6164,-119.9783,6.4,1.3,ml,13,122.69,0.016,0.1171,nn,nn00861046,2023-06-09T16:36:54.996Z,"7 km S of Cold Springs, Nevada",earthquake,,1.2,0.21,7,reviewed,nn,nn
2023-06-09T09:29:57.760Z,58.2183333333333,-155.109833333333,3.66,-0.48,ml,4,178,,0.09,av,av91917826,2023-06-11T05:19:35.490Z,"82 km NNW of Karluk, Alaska",earthquake,0.47,1.27,0.227591102044713,4,reviewed,av,av
2023-06-09T09:26:25.120Z,58.1843333333333,-155.3285,2.39,-0.02,ml,7,201,,0.07,av,av91917816,2023-06-11T05:15:42.200Z,"85 km NW of Karluk, Alaska",earthquake,0.37,0.61,0.324520109078699,7,reviewed,av,av
2023-06-09T09:24:38.997Z,44.1688,149.4259,53.013,4.6,mb,83,135,4.918,0.54,us,us7000k7bd,2023-06-09T10:39:36.040Z,"169 km SE of Kuril’sk, Russia",earthquake,10.47,7.284,0.042,171,reviewed,us,us
2023-06-09T09:15:17.630Z,61.2198,-151.8025,81.2,1.4,ml,,,,0.52,ak,ak0237crfok3,2023-06-15T17:43:16.484Z,"Southern Alaska",earthquake,,0.9,,,reviewed,ak,ak
2023-06-09T09:10:02.702Z,63.534,-150.8579,6.5,1.1,ml,,,,0.64,ak,ak0237crektq,2023-06-15T17:43:16.283Z,"Central Alaska",earthquake,,0.6,,,reviewed,ak,ak
2023-06-09T09:06:06.660Z,35.53383333,-96.75716667,7.93,0.96,ml,38,48,0.1205763388,0.16,ok,ok2023lffa,2023-06-12T18:01:20.972Z,"Oklahoma",earthquake,,0.6,0.16,4,reviewed,ok,ok
2023-06-09T09:02:34.960Z,51.9255,179.580666666667,10.8,0.41,ml,4,101,,0.1,av,av91917801,2023-06-11T05:11:10.360Z,"260 km W of Adak, Alaska",earthquake,0.7,0.93,0.115988501797867,4,reviewed,av,av
2023-06-09T09:00:00.820Z,38.8333321,-122.8246689,3.62,0.73,md,9,84,0.009947,0.03,nc,nc73899036,2023-06-09T09:16:12.189Z,"9km NW of The Geysers, CA",earthquake,0.82,2.35,0.29,10,automatic,nc,nc
2023-06-09T08:53:40.655Z,36.9284,-116.0908,5.3,-0.1,ml,11,109.02,0.014,0.109,nn,nn00861063,2023-06-09T22:01:09.621Z,"54 km NW of Indian Springs, Nevada",earthquake,,1.8,0.62,4,reviewed,nn,nn
2023-06-09T08:51:02.098Z,54.3423,-161.5208,9.9,1.9,ml,,,,0.51,ak,ak0237cr1xj5,2023-06-15T17:43:16.086Z,"95 km SSE of King Cove, Alaska",earthquake,,1.4,,,reviewed,ak,ak
2023-06-09T08:35:25.798Z,-11.1876,162.1224,10,4.3,mb,16,120,2.757,0.5,us,us7000k7b9,2023-06-20T13:07:36.040Z,"84 km SSE of Kirakira, Solomon Islands",earthquake,8.71,1.924,0.142,14,reviewed,us,us
2023-06-09T08:35:15.378Z,36.6027,-116.003,4.8,-0.3,ml,10,272.47,0.068,0.0666,nn,nn00861062,2023-06-09T21:58:00.180Z,"29 km W of Indian Springs, Nevada",earthquake,,2.9,0.1,4,reviewed,nn,nn
2023-06-09T08:27:36.420Z,39.314,-123.2383333,5.98,1.29,md,17,64,0.1042,0.09,nc,nc73899026,2023-06-09T23:49:12.649Z,"6km NNW of Redwood Valley, CA",earthquake,0.2,1.01,0.181,14,reviewed,nc,nc
2023-06-09T08:18:25.508Z,54.2534,-165.2689,86.5,1.5,ml,,,,0.31,ak,ak0237cquwpi,2023-06-15T17:43:15.886Z,"35 km ENE of Akutan, Alaska",earthquake,,1,,,reviewed,ak,ak
2023-06-09T08:16:51.364Z,50.1377,178.0052,10,2.9,ml,19,307,1.49,0.33,us,us7000k8qa,2023-06-20T13:02:15.040Z,"Rat Islands, Aleutian Islands, Alaska",earthquake,4.8,2.027,0.115,10,reviewed,us,us
2023-06-09T08:13:00.120Z,38.8308333,-122.8105,1.96,1.6,md,51,29,0.007435,0.05,nc,nc73899021,2023-06-09T18:55:14.712Z,"8km NW of The Geysers, CA",earthquake,0.12,0.22,0.178,46,reviewed,nc,nc
2023-06-09T08:12:01.460Z,58.213,-155.105333333333,4.16,-0.3,ml,6,101,,0.14,av,av91917771,2023-06-11T05:05:01.630Z,"81 km NNW of Karluk, Alaska",earthquake,0.38,1.3,0.230120088427696,6,reviewed,av,av
2023-06-09T08:03:43.449Z,51.8302,177.685,9.381,4,mb,50,180,0.526,0.8,us,us7000k7gd,2023-06-20T08:34:17.040Z,"Rat Islands, Aleutian Islands, Alaska",earthquake,6.68,5.299,0.126,17,reviewed,us,us
2023-06-09T08:03:01.569Z,59.4789,-138.8734,10.3,1.7,ml,,,,0.75,ak,ak0237cqrn44,2023-06-15T20:00:13.384Z,"48 km E of Yakutat, Alaska",earthquake,,1,,,reviewed,ak,ak
2023-06-09T08:00:50.920Z,53.7525,-166.631333333333,12.51,-0.1,ml,6,293,,0.07,av,av91917761,2023-06-11T04:51:22.270Z,"",earthquake,0.68,0.8,0.277746179223571,6,reviewed,av,av
2023-06-09T08:00:39.989Z,37.9334,73.3511,10,4.1,mb,24,123,1.962,0.93,us,us7000k7b8,2023-06-20T05:35:14.040Z,"60 km WSW of Murghob, Tajikistan",earthquake,7,1.963,0.198,7,reviewed,us,us
2023-06-09T07:55:13.710Z,58.1978333333333,-155.263333333333,1.38,-0.23,ml,6,212,,0.14,av,av91917756,2023-06-11T04:49:19.470Z,"84 km NW of Karluk, Alaska",earthquake,0.63,2.63,0.26249460026689,6,reviewed,av,av
2023-06-09T07:52:47.954Z,62.7272,-150.6875,81.4,1.2,ml,,,,0.42,ak,ak0237cqgt6j,2023-06-16T06:37:23.647Z,"26 km N of Petersville, Alaska",earthquake,,0.3,,,reviewed,ak,ak
2023-06-09T07:34:33.130Z,58.24,-155.160333333333,4.02,0.24,ml,8,114,,0.07,av,av91917741,2023-06-11T04:43:13.960Z,"85 km NNW of Karluk, Alaska",earthquake,0.26,0.51,0.22294566637267,9,reviewed,av,av
2023-06-09T07:21:08.387Z,51.4818,-177.9469,43.6,1.8,ml,,,,0.46,ak,ak0237cqa2xi,2023-06-16T06:37:23.457Z,"100 km WSW of Adak, Alaska",earthquake,,1.1,,,reviewed,ak,ak
2023-06-09T07:19:51.940Z,36.1433333,-120.622,7.78,0.8,md,19,166,0.07726,0.1,nc,nc73899006,2023-06-09T16:57:17.003Z,"24km W of Coalinga, CA",earthquake,0.41,1.11,0.288,11,reviewed,nc,nc
2023-06-09T07:18:03.740Z,51.9113,177.5704,10.038,3.1,ml,18,176,0.584,0.58,us,us7000k8ve,2023-06-20T05:23:26.040Z,"Rat Islands, Aleutian Islands, Alaska",earthquake,3.97,6.281,0.085,18,reviewed,us,us
2023-06-09T07:15:41.815Z,36.6015,-116.4251,4.9,0.3,ml,11,121.23,0.082,0.0591,nn,nn00861061,2023-06-09T21:54:50.731Z,"41 km ENE of Furnace Creek, California",earthquake,,2.4,0.16,3,reviewed,nn,nn
2023-06-09T07:12:36.333Z,60.6072,-150.5496,37.4,1.3,ml,,,,0.61,ak,ak0237cq87n5,2023-06-16T06:37:23.270Z,"Kenai Peninsula, Alaska",earthquake,,1.7,,,reviewed,ak,ak
2023-06-09T07:07:47.317Z,53.8139,-162.914,22.6,1.8,ml,,,,0.53,ak,ak0237cq75wr,2023-06-16T06:37:23.083Z,"120 km SSE of False Pass, Alaska",earthquake,,6.9,,,reviewed,ak,ak
2023-06-09T07:05:30.310Z,51.4062,-176.5284,25.6,1.8,ml,,,,0.26,ak,ak0237cq6p3q,2023-06-16T06:37:20.235Z,"52 km S of Adak, Alaska",earthquake,,1.8,,,reviewed,ak,ak
2023-06-09T07:02:47.808Z,65.409,-148.2798,5.7,0.6,ml,,,,0.55,ak,ak0237cq63ac,2023-06-16T06:37:20.034Z,"northern Alaska",earthquake,,0.2,,,reviewed,ak,ak
2023-06-09T07:00:43.286Z,51.2486,-174.3895,35,2.7,ml,13,275,1.043,0.44,us,us7000k8vd,2023-06-20T05:19:39.040Z,"106 km S of Atka, Alaska",earthquake,6.8,2.025,0.128,8,reviewed,us,us
2023-06-09T07:00:14.059Z,67.7558,-150.3223,7.8,0.9,ml,,,,0.48,ak,ak0237cq5lbx,2023-06-16T06:37:22.897Z,"39 km NNW of Wiseman, Alaska",earthquake,,0.3,,,reviewed,ak,ak
2023-06-09T06:56:23.596Z,61.7662,-146.5925,38.9,1,ml,,,,0.5,ak,ak0237cpw6k7,2023-06-16T06:37:22.702Z,"26 km SSE of Nelchina, Alaska",earthquake,,0.4,,,reviewed,ak,ak
2023-06-09T06:53:22.560Z,58.2438333333333,-155.088333333333,3.73,0.29,ml,10,95,,0.1,av,av91917696,2023-06-16T06:36:22.782Z,"84 km NNW of Karluk, Alaska",earthquake,0.26,0.55,0.180115185557383,11,reviewed,av,av
2023-06-09T06:53:18.733Z,53.3006,-167.2573,15.3,1.9,ml,,,,0.53,ak,ak0237cpvixl,2023-06-16T06:37:19.433Z,"79 km SW of Unalaska, Alaska",earthquake,,0.4,,,reviewed,ak,ak
2023-06-09T06:50:56.496Z,54.599,-162.3153,48.5,1.8,ml,,,,0.24,ak,ak0237cpuyu5,2023-06-16T06:37:19.640Z,"51 km S of King Cove, Alaska",earthquake,,0.6,,,reviewed,ak,ak
2023-06-09T06:49:06.940Z,39.2716667,-123.3105,5.06,1.12,md,14,75,0.06623,0.07,nc,nc73899001,2023-06-09T23:24:12.494Z,"9km W of Redwood Valley, CA",earthquake,0.21,1,0.27,13,reviewed,nc,nc
2023-06-09T06:43:11.090Z,19.6926,-65.6526,33,3.81,md,13,274,1.4336,0.27,pr,pr2023160001,2023-06-20T05:17:38.040Z,"141 km N of Suárez, Puerto Rico",earthquake,1.76,18.23,0.07,4,reviewed,pr,pr
2023-06-09T06:40:12.840Z,17.95,-66.9778333333333,9.99,3.07,md,10,213,0.06608,0.1,pr,pr71412743,2023-06-09T10:15:36.936Z,"7 km WSW of Fuig, Puerto Rico",earthquake,0.51,0.77,0.243240291458832,11,reviewed,pr,pr
2023-06-09T06:36:05.710Z,19.0641666666667,-66.457,37.18,3.38,md,16,259,0.588,0.27,pr,pr71412733,2023-06-09T07:25:37.680Z,"66 km N of Tierras Nuevas Poniente, Puerto Rico",earthquake,1.23,5.07,0.0231130035327411,5,reviewed,pr,pr
2023-06-09T06:32:40.830Z,38.8308334,-122.8174973,1.73,0.39,md,7,79,0.009423,0.01,nc,nc73898996,2023-06-09T06:34:13.826Z,"8km NW of The Geysers, CA",earthquake,0.49,1.4,0.19,6,automatic,nc,nc
2023-06-09T06:20:31.240Z,19.2273330688477,-155.387832641602,34.0699996948242,2.15,ml,39,149,,0.140000001,hv,hv73446822,2023-06-09T06:30:37.827Z,"9 km ENE of Pāhala, Hawaii",earthquake,0.55,0.779999971,5.76,3,automatic,hv,hv
2023-06-09T06:19:44.552Z,62.7189,-151.946,4.6,1.2,ml,,,,0.45,ak,ak0237cpoapi,2023-06-16T06:37:19.226Z,"65 km WNW of Petersville, Alaska",earthquake,,0.3,,,reviewed,ak,ak
2023-06-09T06:18:35.090Z,36.6566,-116.2707,6.5,0.1,ml,25,93.79,0.056,0.1048,nn,nn00861044,2023-06-09T16:24:29.575Z,"California-Nevada border region",earthquake,,0.7,0.5,10,reviewed,nn,nn
2023-06-09T06:18:34.520Z,36.0223333,-120.9703333,6.79,1.74,md,53,66,0.06576,0.11,nc,nc73898991,2023-06-09T11:24:14.008Z,"6km W of San Ardo, CA",earthquake,0.18,0.39,0.172,41,reviewed,nc,nc
2023-06-09T06:14:38.910Z,38.802166,-122.8219986,2.77,0.65,md,11,78,0.008732,0.02,nc,nc73898986,2023-06-09T06:16:14.645Z,"6km WNW of The Geysers, CA",earthquake,0.33,0.99,0.22,12,automatic,nc,nc
2023-06-09T06:09:07.728Z,-13.2274,66.2284,10,4.9,mb,63,43,26.475,0.46,us,us7000k7ax,2023-06-20T05:14:32.040Z,"Mid-Indian Ridge",earthquake,11.85,1.843,0.078,52,reviewed,us,us
2023-06-09T06:09:01.170Z,58.1811666666667,-155.325833333333,2.52,0.64,ml,9,202,,0.1,av,av91917681,2023-06-16T06:36:20.710Z,"85 km NW of Karluk, Alaska",earthquake,0.4,0.35,0.353866540013409,9,reviewed,av,av
2023-06-09T06:07:56.350Z,58.3763333333333,-154.649166666667,6.43,0.2,ml,7,204,,0.2,av,av91917676,2023-06-11T04:13:40.500Z,"90 km N of Karluk, Alaska",earthquake,1.13,1.53,0.259461705987501,7,reviewed,av,av
2023-06-09T06:07:34.510Z,33.4633333,-116.5768333,9.45,0.4,ml,26,76,0.03779,0.09,ci,ci40481272,2023-06-13T00:43:42.326Z,"14km SE of Anza, CA",earthquake,0.16,0.34,0.157,10,reviewed,ci,ci
2023-06-09T06:03:43.560Z,64.9762,-147.3692,0,1.3,ml,,,,0.42,ak,ak0237cpkv6l,2023-06-16T06:37:19.032Z,"11 km E of Fox, Alaska",explosion,,0,,,reviewed,ak,ak
2023-06-09T05:52:58.730Z,38.8253326,-122.8103333,1.6,0.78,md,10,126,0.001945,0.05,nc,nc73898981,2023-06-09T06:42:15.314Z,"7km NW of The Geysers, CA",earthquake,0.42,0.85,0.29,12,automatic,nc,nc
2023-06-09T05:43:40.470Z,38.8153343,-122.8233337,2.07,0.75,md,11,80,0.007908,0.05,nc,nc73898976,2023-06-09T06:18:16.184Z,"7km NW of The Geysers, CA",earthquake,0.43,0.88,0.38,12,automatic,nc,nc
2023-06-09T05:36:43.190Z,36.7619,-116.1931,10.8,-0.5,ml,18,72.63,0.001,0.0757,nn,nn00861060,2023-06-09T21:51:42.689Z,"California-Nevada border region",earthquake,,0.7,0.71,6,reviewed,nn,nn
2023-06-09T05:35:48.030Z,38.8328323,-122.8184967,1.78,0.75,md,10,61,0.01149,0.03,nc,nc73898966,2023-06-09T07:24:14.543Z,"8km NW of The Geysers, CA",earthquake,0.35,1.4,0.14,14,automatic,nc,nc
2023-06-09T05:34:59.290Z,58.245,-155.155833333333,3.77,-0.01,ml,7,109,,0.11,av,av91917661,2023-06-11T04:10:23.910Z,"86 km NNW of Karluk, Alaska",earthquake,0.33,0.66,0.17972243577164,8,reviewed,av,av
2023-06-09T05:29:37.816Z,36.7554,-116.2742,9.8,-0.5,ml,8,160.32,0.017,0.0355,nn,nn00861059,2023-06-09T21:45:27.581Z,"46 km ESE of Beatty, Nevada",earthquake,,2.7,0.09,3,reviewed,nn,nn
2023-06-09T05:23:40.250Z,58.1933333333333,-155.307166666667,2.5,-0.49,ml,4,241,,0.05,av,av91917651,2023-06-11T03:59:28.670Z,"85 km NW of Karluk, Alaska",earthquake,0.57,0.44,0.217668511184373,4,reviewed,av,av
2023-06-09T05:20:22.336Z,58.2202,-155.1805,1.4,1.2,ml,,,,0.26,ak,ak0237cp311n,2023-06-16T06:37:18.840Z,"84 km NNW of Karluk, Alaska",earthquake,,0.2,,,reviewed,ak,ak
2023-06-09T05:19:18.993Z,54.7315,-163.4331,92.3,1.9,ml,,,,0.38,ak,ak0237cp2uc2,2023-06-16T06:37:18.633Z,"13 km S of False Pass, Alaska",earthquake,,0.4,,,reviewed,ak,ak
2023-06-09T05:15:18.108Z,62.0884,-149.411,49,1.1,ml,,,,0.36,ak,ak0237cp1y6a,2023-06-16T06:37:22.513Z,"24 km ESE of Susitna North, Alaska",earthquake,,0.4,,,reviewed,ak,ak
2023-06-09T05:13:11.410Z,36.0606667,-120.6345,0.23,1.81,md,40,107,0.03209,0.11,nc,nc73898961,2023-06-09T21:32:24.391Z,"25km E of San Ardo, CA",earthquake,0.2,0.7,0.292,34,reviewed,nc,nc
2023-06-09T04:53:07.366Z,51.9143,177.6141,10,2.9,ml,11,328,0.557,0.51,us,us7000k8vc,2023-06-16T22:09:26.040Z,"",earthquake,4.08,1.789,0.105,12,reviewed,us,us
2023-06-09T04:51:08.740Z,58.183,-155.315333333333,2.09,-0.18,ml,5,241,,0.04,av,av91917616,2023-06-11T00:45:53.360Z,"85 km NW of Karluk, Alaska",earthquake,0.48,1.02,0.210688513628183,5,reviewed,av,av
2023-06-09T04:47:11.910Z,38.774334,-122.7229996,2.23,0.79,md,13,79,0.01281,0.02,nc,nc73898956,2023-06-09T05:03:13.776Z,"3km W of Anderson Springs, CA",earthquake,0.64,1.25,0.34,12,automatic,nc,nc
2023-06-09T04:43:54.873Z,37.9463,73.3731,10,4.2,mb,20,124,2.899,0.94,us,us7000k7aj,2023-06-09T05:30:01.040Z,"57 km WSW of Murghob, Tajikistan",earthquake,3.47,1.966,0.2,7,reviewed,us,us
2023-06-09T04:42:32.334Z,51.8618,177.5752,10,2.8,ml,11,327,0.586,0.34,us,us7000k8vg,2023-06-16T22:07:49.040Z,"",earthquake,2.65,1.965,0.105,12,reviewed,us,us
2023-06-09T04:37:16.320Z,58.1815,-155.3305,2.5,0.3,ml,7,203,,0.07,av,av91917606,2023-06-11T00:43:17.860Z,"85 km NW of Karluk, Alaska",earthquake,0.38,0.46,0.324292615663017,7,reviewed,av,av
2023-06-09T04:30:23.017Z,51.9093,177.5846,10,2.7,ml,10,329,0.575,0.6,us,us7000k8vf,2023-06-16T22:06:13.040Z,"",earthquake,5.73,1.974,0.115,10,reviewed,us,us
2023-06-09T04:21:26.610Z,19.6645,-65.7121,81,3.71,md,16,272,1.4055,0.43,pr,pr2023160000,2023-06-09T06:04:41.713Z,"137 km N of Suárez, Puerto Rico",earthquake,4.57,10.86,0.08,5,reviewed,pr,pr
2023-06-09T04:14:38.898Z,51.4269,-176.1417,25.5,1.7,ml,,,,0.34,ak,ak0237cogcgh,2023-06-16T06:37:21.386Z,"60 km SE of Adak, Alaska",earthquake,,1.7,,,reviewed,ak,ak
2023-06-09T04:14:34.508Z,61.4097,-150.1991,38,1.2,ml,,,,0.34,ak,ak0237cogc4a,2023-06-16T06:37:21.573Z,"13 km WNW of Point MacKenzie, Alaska",earthquake,,0.4,,,reviewed,ak,ak
2023-06-09T04:14:26.913Z,60.7593,-147.318,9.7,1.4,ml,,,,0.39,ak,ak0237cogbj7,2023-06-16T06:37:21.960Z,"36 km WSW of Tatitlek, Alaska",earthquake,,0.2,,,reviewed,ak,ak
2023-06-09T04:11:30.091Z,63.1013,-150.8772,121.2,1.1,ml,,,,0.2,ak,ak0237cofomp,2023-06-16T06:37:21.770Z,"64 km SE of Denali National Park, Alaska",earthquake,,0.3,,,reviewed,ak,ak
2023-06-09T04:03:54.880Z,38.4068333,-112.3685,7.52,0.69,md,13,104,0.1835,0.1,uu,uu60541891,2023-06-09T14:13:36.890Z,"Utah",earthquake,0.54,3.73,0.324,8,reviewed,uu,uu
2023-06-09T03:59:03.586Z,61.9211,-153.3325,1.3,1.1,ml,,,,0.53,ak,ak0237co4hem,2023-06-16T06:37:18.247Z,"101 km W of Skwentna, Alaska",earthquake,,0.2,,,reviewed,ak,ak
2023-06-09T03:48:25.620Z,19.1485004425049,-155.470672607422,32.5699996948242,2.0999999,md,31,171,,0.119999997,hv,hv73446722,2023-06-09T03:51:35.390Z,"6 km S of Pāhala, Hawaii",earthquake,0.59,0.699999988,0.579999983,5,automatic,hv,hv
2023-06-09T03:45:40.933Z,51.7136,174.7769,10,3.3,ml,11,197,1.1,0.71,us,us7000k8p2,2023-06-15T22:18:16.040Z,"Near Islands, Aleutian Islands, Alaska",earthquake,8.37,1.977,0.105,12,reviewed,us,us
2023-06-09T03:39:50.930Z,58.2846666666667,-154.99,2.6,-0.12,ml,5,147,,0.08,av,av91917581,2023-06-10T22:23:05.440Z,"85 km NNW of Karluk, Alaska",earthquake,0.3,0.63,0.217500520715231,5,reviewed,av,av
2023-06-09T03:36:43.106Z,58.1763,-155.3281,0.6,1.3,ml,,,,0.37,ak,ak0237cnzmy8,2023-06-16T06:37:18.055Z,"85 km NW of Karluk, Alaska",earthquake,,0.4,,,reviewed,ak,ak
2023-06-09T03:34:32.974Z,53.6557,-166.523,72.9,1.3,ml,,,,0.31,ak,ak0237cnz6pt,2023-06-16T06:37:21.198Z,"24 km S of Unalaska, Alaska",earthquake,,1.3,,,reviewed,ak,ak
2023-06-09T03:30:19.590Z,40.5528333,-124.2825,17.35,2.37,md,30,168,0.02736,0.14,nc,nc73898951,2023-06-09T09:39:13.328Z,"3km SSW of Ferndale, CA",earthquake,0.4,0.36,0.173,35,reviewed,nc,nc
2023-06-09T03:21:44.159Z,-23.5801,-67.0339,216.705,4.3,mb,17,89,1.225,0.77,us,us7000k7ac,2023-06-09T03:59:16.040Z,"",earthquake,11.42,4.718,0.239,7,reviewed,us,us
2023-06-09T03:19:20.670Z,58.1826666666667,-155.3275,2.45,-0.1,ml,4,245,,0.08,av,av91917566,2023-06-12T00:49:27.050Z,"85 km NW of Karluk, Alaska",earthquake,0.79,0.64,0.243494107106895,5,reviewed,av,av
2023-06-09T03:15:11.079Z,31.67659483,-104.3978815,6.542895508,1.9,ml,30,56,0.02417072586,0.2,tx,tx2023letl,2023-06-09T14:38:52.207Z,"55 km S of Whites City, New Mexico",earthquake,0.7700137851,0.5899770724,0.1,24,reviewed,tx,tx
2023-06-09T03:12:38.005Z,53.5131,-165.4894,25.1,1.6,ml,,,,0.3,ak,ak0237cnuhms,2023-06-16T06:37:17.847Z,"71 km SSE of Akutan, Alaska",earthquake,,1.2,,,reviewed,ak,ak
2023-06-09T03:10:27.640Z,38.796,-122.7951667,0.75,-0.06,md,14,59,0.006326,0.06,nc,nc73898941,2023-06-09T06:04:56.022Z,"4km WNW of The Geysers, CA",earthquake,0.21,0.24,0.322,13,reviewed,nc,nc
2023-06-09T03:04:56.730Z,36.4988333,-121.0701667,6.8,1.42,md,29,125,0.04456,0.06,nc,nc73898936,2023-06-09T09:24:13.234Z,"8km ESE of Pinnacles, CA",earthquake,0.24,0.47,0.181,25,reviewed,nc,nc
2023-06-09T03:04:21.850Z,38.8046684,-122.7838364,0.85,1.09,md,17,60,0.008924,0.04,nc,nc73898931,2023-06-09T03:33:13.242Z,"4km NW of The Geysers, CA",earthquake,0.22,0.43,0.18,18,automatic,nc,nc
2023-06-09T02:58:47.900Z,58.2445,-155.092666666667,6.46,-0.45,ml,5,125,,0.13,av,av91917546,2023-06-10T22:14:33.740Z,"84 km NNW of Karluk, Alaska",earthquake,0.46,1.2,0.369914439807779,5,reviewed,av,av
2023-06-09T02:57:00.590Z,36.4986667,-121.0696667,7.08,1.22,md,25,67,0.04431,0.05,nc,nc73898926,2023-06-09T08:58:13.077Z,"8km ESE of Pinnacles, CA",earthquake,0.29,0.55,0.177,19,reviewed,nc,nc
2023-06-09T02:55:58.390Z,58.1813333333333,-155.358833333333,0.3,0.86,ml,9,209,,0.11,av,av91917541,2023-06-16T06:36:12.105Z,"",earthquake,0.38,1.23,0.392512501837637,9,reviewed,av,av
2023-06-09T02:52:19.050Z,38.793335,-122.765831,2.1,0.88,md,17,70,0.008709,0.04,nc,nc73898921,2023-06-09T04:36:12.609Z,"2km NNW of The Geysers, CA",earthquake,0.29,0.55,0.21,18,automatic,nc,nc
2023-06-09T02:48:44.417Z,65.8546,-150.9471,3.3,1,ml,,,,0.53,ak,ak0237cngs17,2023-06-16T06:37:17.654Z,"52 km NW of Rampart, Alaska",earthquake,,0.2,,,reviewed,ak,ak
2023-06-09T02:45:29.780Z,17.9731666666667,-65.7958333333333,14.93,2.53,md,6,208,0.1754,0.2,pr,pr71412708,2023-06-09T02:57:19.530Z,"9 km SE of El Negro, Puerto Rico",earthquake,0.94,1.53,0.167192848589083,4,reviewed,pr,pr
2023-06-09T02:43:30.807Z,61.7077,-151.9591,100.3,1.5,ml,,,,0.47,ak,ak0237cnfobi,2023-06-16T06:37:17.442Z,"43 km SW of Skwentna, Alaska",earthquake,,0.4,,,reviewed,ak,ak
2023-06-09T02:39:15.900Z,18.9346666666667,-67.2011666666667,8.94,2.99,md,13,272,0.4724,0.13,pr,pr71412713,2023-06-09T03:59:03.150Z,"",earthquake,0.54,0.73,0.075266257595324,8,reviewed,pr,pr
2023-06-09T02:36:01.247Z,38.8808,-119.6404,0.7,1.4,ml,15,75.16,0.028,0.1824,nn,nn00861043,2023-06-09T15:59:44.519Z,"California-Nevada border region",earthquake,,2,0.19,7,reviewed,nn,nn
2023-06-09T02:24:15.403Z,-1.954,125.6854,10,4.7,mb,28,71,3.05,0.67,us,us7000k7a5,2023-06-09T02:47:21.040Z,"34 km WNW of Sanana, Indonesia",earthquake,6.98,1.621,0.11,26,reviewed,us,us
2023-06-09T02:13:55.900Z,44.7791666666667,-114.394,12.04,2.27,ml,19,56,0.4581,0.19,mb,mb90017478,2023-06-09T13:46:56.140Z,"33 km NNW of Challis, Idaho",earthquake,0.44,0.82,0.210619624287609,32,reviewed,mb,mb
2023-06-09T02:11:10.610Z,34.1923333,-118.0141667,15.6,1.36,ml,12,161,0.04809,0.09,ci,ci40481208,2023-06-11T14:13:40.774Z,"5km NE of Sierra Madre, CA",earthquake,0.53,0.71,0.311,31,reviewed,ci,ci
2023-06-09T02:10:15.430Z,34.2036667,-118.016,14.49,0.75,ml,12,136,0.04032,0.12,ci,ci40481200,2023-06-09T15:59:10.730Z,"6km NE of Sierra Madre, CA",earthquake,0.33,0.67,0.207,8,reviewed,ci,ci
2023-06-09T02:08:33.931Z,44.7821,-114.3954,10,2.4,ml,26,36,0.455,0.69,us,us7000k7a4,2023-06-10T22:39:29.127Z,"33 km NNW of Challis, Idaho",earthquake,1.96,2.008,0.053,46,reviewed,us,us
2023-06-09T01:59:28.320Z,51.8521666666667,-177.818,2.17,1.12,ml,5,242,,0.1,av,av91917511,2023-06-10T21:33:02.020Z,"81 km W of Adak, Alaska",earthquake,0.6,1.24,0.153901250715404,5,reviewed,av,av
2023-06-09T01:55:29.452Z,51.8723,177.5796,10,2.9,ml,10,327,0.582,0.44,us,us7000k8vb,2023-06-16T22:03:43.040Z,"",earthquake,3.85,1.969,0.105,12,reviewed,us,us
2023-06-09T01:54:35.790Z,35.501,-118.3896667,7.83,1.06,ml,23,63,0.1755,0.14,ci,ci40481184,2023-06-13T00:26:33.851Z,"13km SE of Bodfish, CA",earthquake,0.19,0.8,0.109,12,reviewed,ci,ci
2023-06-09T01:43:56.421Z,51.8664,177.5975,10,3.2,ml,11,327,0.572,0.59,us,us7000k8va,2023-06-16T22:00:43.040Z,"Rat Islands, Aleutian Islands, Alaska",earthquake,5.61,1.975,0.115,10,reviewed,us,us
2023-06-09T01:43:26.020Z,38.0483333,-118.7473333,19.5,2.03,md,23,147,0.2912,0.1,nc,nc73898916,2023-06-09T06:42:16.313Z,"29km SE of Bodie, CA",earthquake,0.37,0.89,0.433,25,reviewed,nc,nc
2023-06-09T01:43:04.121Z,36.7274,-116.2772,6.1,-0.4,ml,5,153.25,0.012,0.0859,nn,nn00861058,2023-06-09T21:45:26.087Z,"47 km ESE of Beatty, Nevada",earthquake,,2.7,0,1,reviewed,nn,nn
2023-06-09T01:42:25.557Z,52.5413,-168.7996,35,2.7,ml,22,215,0.433,0.52,us,us7000k8v9,2023-06-16T21:53:55.040Z,"",earthquake,5.34,2.006,0.097,14,reviewed,us,us
2023-06-09T01:36:11.041Z,62.4045,-151.3171,82,1.1,ml,,,,0.43,ak,ak0237cmsp8w,2023-06-16T06:37:21.000Z,"30 km WSW of Petersville, Alaska",earthquake,,0.7,,,reviewed,ak,ak
2023-06-09T01:32:23.614Z,60.0062,-152.9986,103.6,1.9,ml,,,,0.43,ak,ak0237cmrvbh,2023-06-16T06:37:16.622Z,"Southern Alaska",earthquake,,0.2,,,reviewed,ak,ak
2023-06-09T01:23:03.660Z,17.9365,-66.9261666666667,10.32,2.42,md,5,225,0.05886,0.13,pr,pr71412703,2023-06-09T01:34:04.080Z,"4 km SSW of Guánica, Puerto Rico",earthquake,0.67,0.67,0.304314547826235,2,reviewed,pr,pr
2023-06-09T01:21:53.355Z,33.8176,71.1228,58.111,4.4,mb,27,195,1.796,0.82,us,us7000k79v,2023-06-09T01:46:25.040Z,"31 km S of Landi Kotal, Pakistan",earthquake,8.68,6.742,0.115,22,reviewed,us,us
2023-06-09T01:20:35.510Z,37.3453333,-122.1586667,7.32,1.09,md,17,44,0.02704,0.08,nc,nc73898911,2023-06-09T06:52:12.372Z,"4km SSW of Los Altos Hills, CA",earthquake,0.28,0.35,0.126,13,reviewed,nc,nc
2023-06-09T01:15:13.340Z,58.1956666666667,-155.261666666667,3.57,-0.03,ml,6,212,,0.05,av,av91917471,2023-06-10T21:24:43.820Z,"Alaska Peninsula",earthquake,0.42,1,0.20838536321023,6,reviewed,av,av
2023-06-09T01:06:50.412Z,54.8608,-160.3671,24.6,1.6,ml,,,,0.45,ak,ak0237cmmcqt,2023-06-16T06:37:16.433Z,"53 km S of Sand Point, Alaska",earthquake,,1.8,,,reviewed,ak,ak
2023-06-09T01:04:53.136Z,55.3222,163.0929,42.771,4.5,mb,46,122,3.482,0.9,us,us7000k79u,2023-06-09T01:25:18.040Z,"",earthquake,12.17,7.571,0.046,140,reviewed,us,us
2023-06-09T00:56:41.390Z,53.367,-168.1785,5.96,-0.41,ml,4,243,,0.03,av,av91917446,2023-06-12T00:53:55.140Z,"66 km NE of Nikolski, Alaska",earthquake,1.32,0.53,0.296476669743972,6,reviewed,av,av
2023-06-09T00:55:01.170Z,33.353,-116.3655,10.75,1.12,ml,56,33,0.02624,0.21,ci,ci40481168,2023-06-09T20:54:00.820Z,"11km N of Borrego Springs, CA",earthquake,0.21,0.4,0.18,25,reviewed,ci,ci
2023-06-09T00:46:36.250Z,38.7910004,-122.7476654,1.89,0.44,md,8,109,0.01154,0.02,nc,nc73898906,2023-06-09T01:04:13.395Z,"2km NNE of The Geysers, CA",earthquake,0.36,0.87,0.24,7,automatic,nc,nc
2023-06-09T00:46:34.892Z,69.2699,-144.5468,18.9,1.2,ml,,,,0.77,ak,ak0237cm9gmc,2023-06-16T06:37:16.246Z,"102 km SSW of Kaktovik, Alaska",earthquake,,1.4,,,reviewed,ak,ak
2023-06-09T00:44:54.540Z,33.3378333,-116.3183333,11.36,1.08,ml,47,48,0.04234,0.2,ci,ci40481160,2023-06-09T20:08:18.040Z,"10km NNE of Borrego Springs, CA",earthquake,0.25,0.43,0.165,25,reviewed,ci,ci
2023-06-09T00:40:22.229Z,56.2272,-156.4398,17.7,3,ml,,,,0.56,ak,ak0237cm85hq,2023-06-24T01:29:03.040Z,"121 km E of Chignik, Alaska",earthquake,,1.3,,,reviewed,ak,ak
2023-06-09T00:31:36.620Z,51.5408,-176.3519,33.2,1.5,ml,,,,0.27,ak,ak0237cm691a,2023-06-16T06:37:20.807Z,"41 km SSE of Adak, Alaska",earthquake,,2.5,,,reviewed,ak,ak
2023-06-09T00:30:42.285Z,7.4716,126.0338,89.105,4.6,mb,33,169,6.787,0.55,us,us7000k79m,2023-06-24T03:55:50.496Z,"4 km SE of San Mariano, Philippines",earthquake,13.63,8.689,0.101,29,reviewed,us,us
2023-06-09T00:27:37.528Z,39.6172,-119.9706,6.7,2.3,ml,21,81.51,0.012,0.1304,nn,nn00861040,2023-06-09T00:50:18.908Z,"7 km S of Cold Springs, Nevada",earthquake,,0.8,0.12,7,reviewed,nn,nn
2023-06-09T00:26:45.163Z,63.4993,-147.4166,9.3,1.1,ml,,,,0.5,ak,ak0237cm5753,2023-06-16T06:37:15.761Z,"77 km E of Cantwell, Alaska",earthquake,,0.3,,,reviewed,ak,ak
2023-06-09T00:25:17.647Z,64.8615,-147.1879,11.3,1,ml,,,,0.38,ak,ak0237cm4x8t,2023-06-16T06:37:15.561Z,"7 km W of Two Rivers, Alaska",earthquake,,0.1,,,reviewed,ak,ak
2023-06-09T00:22:29.640Z,12.9898,-89.6965,35,4.1,mb,15,166,0.703,0.31,us,us7000k8nz,2023-06-23T04:54:41.040Z,"68 km SSE of Acajutla, El Salvador",earthquake,2.98,1.992,0.262,4,reviewed,us,us
2023-06-09T00:21:24.770Z,38.8199997,-122.8225021,2.05,0.75,md,14,54,0.01027,0.05,nc,nc73898891,2023-06-09T00:49:15.475Z,"7km NW of The Geysers, CA",earthquake,0.3,0.83,0.09,15,automatic,nc,nc
2023-06-09T00:19:46.590Z,19.2448329925537,-155.40266418457,29.0599994659424,1.97000003,md,36,133,,0.129999995,hv,hv73446502,2023-06-09T00:26:44.300Z,"9 km ENE of Pāhala, Hawaii",earthquake,0.6,0.850000024,0.349999994,21,automatic,hv,hv
2023-06-09T00:18:07.210Z,32.9913333,-115.7543333,6.92,1.37,ml,29,47,0.05995,0.24,ci,ci40481152,2023-06-09T18:52:33.587Z,"13km WSW of Westmorland, CA",earthquake,0.33,0.7,0.185,21,reviewed,ci,ci
2023-06-09T00:09:21.768Z,51.8425,179.4901,112.895,4,mb,35,89,0.072,0.28,us,us7000k8ny,2023-06-18T05:23:56.040Z,"267 km W of Adak, Alaska",earthquake,7.5,5.143,0.231,5,reviewed,us,us
2023-06-09T00:08:36.360Z,38.8178329,-122.8219986,2.31,1.11,md,26,57,0.01056,0.04,nc,nc73898886,2023-06-09T03:13:14.134Z,"7km NW of The Geysers, CA",earthquake,0.21,0.38,0.15,26,automatic,nc,nc
2023-06-09T00:08:20.840Z,19.1849994659424,-155.497329711914,35.3300018310547,2.16,ml,40,80,,0.150000006,hv,hv73446482,2023-06-24T01:27:32.040Z,"2 km SW of Pāhala, Hawaii",earthquake,0.5,0.769999981,4.02,8,automatic,hv,hv
2023-06-09T00:07:56.040Z,33.5936667,-116.8111667,4.32,0.57,ml,20,74,0.03929,0.1,ci,ci40481144,2023-06-09T16:09:39.660Z,"14km WNW of Anza, CA",earthquake,0.22,0.27,0.136,8,reviewed,ci,ci
2023-06-09T00:07:32.014Z,58.4878,-153.8362,66.5,1.5,ml,,,,0.29,ak,ak0237cm13ht,2023-06-16T06:37:20.613Z,"Kodiak Island region, Alaska",earthquake,,0.8,,,reviewed,ak,ak
2023-06-09T00:04:17.787Z,51.8326,177.5394,5,3,ml,14,182,0.613,0.62,us,us7000k8v8,2023-06-19T02:21:57.040Z,"Rat Islands, Aleutian Islands, Alaska",earthquake,2.57,1.968,0.091,20,reviewed,us,us
2023-06-09T00:00:57.900Z,37.4485,-118.6538333,3.61,2.65,md,24,97,0.1194,0.08,nc,nc73898881,2023-06-09T13:13:33.242Z,"6km NW of Round Valley, CA",earthquake,0.31,1.55,0.169,46,reviewed,nc,nc
2023-06-09T00:00:47.720Z,58.202,-155.257833333333,2.63,0.52,ml,12,47,,0.06,av,av91917381,2023-06-16T06:36:05.685Z,"",earthquake,0.21,0.34,0.396427922936634,12,reviewed,av,av
2023-06-08T23:57:36.102Z,51.8167,-173.5331,10,3.1,ml,14,205,0.576,0.51,us,us7000k8i2,2023-06-18T03:02:19.040Z,"62 km SE of Atka, Alaska",earthquake,1.97,1.982,0.105,16,reviewed,us,us
2023-06-08T23:45:00.990Z,33.4836667,-116.882,10.85,0.29,ml,18,92,0.02464,0.11,ci,ci40481128,2023-06-09T19:44:10.159Z,"5km NNW of Aguanga, CA",earthquake,0.25,0.46,0.047,5,reviewed,ci,ci
2023-06-08T23:44:58.625Z,51.8735,177.5726,5,3.3,ml,13,327,0.586,0.65,us,us7000k8i1,2023-06-18T02:48:30.040Z,"",earthquake,3.51,1.985,0.097,18,reviewed,us,us
2023-06-08T23:41:08.931Z,62.5325,-152.2085,111.4,1.5,ml,,,,0.58,ak,ak0237bcdyh9,2023-06-14T19:50:36.825Z,"73 km NW of Skwentna, Alaska",earthquake,,0.3,,,reviewed,ak,ak
2023-06-08T23:41:04.340Z,34.2101667,-118.0135,14.92,1.9,ml,55,29,0.03949,0.21,ci,ci40481120,2023-06-09T19:39:56.670Z,"6km NE of Sierra Madre, CA",earthquake,0.2,0.41,0.179,25,reviewed,ci,ci
2023-06-08T23:40:35.729Z,51.9311,177.5038,5,2.8,ml,8,330,0.624,0.59,us,us7000k8ib,2023-06-18T03:39:13.040Z,"Rat Islands, Aleutian Islands, Alaska",earthquake,2.49,1.973,0.162,5,reviewed,us,us
2023-06-08T23:39:10.930Z,58.17,-155.2885,1.84,-0.53,ml,5,117,,0.07,av,av91917356,2023-06-10T04:34:52.530Z,"83 km NW of Karluk, Alaska",earthquake,0.32,1.08,0.103697650166976,4,reviewed,av,av
2023-06-08T23:33:06.265Z,63.4348,-150.8482,22.6,0.8,ml,,,,0.87,ak,ak0237bcc8ft,2023-06-14T19:50:32.234Z,"45 km ESE of Denali National Park, Alaska",earthquake,,0.1,,,reviewed,ak,ak
2023-06-08T23:28:53.303Z,51.838,178.4908,112.314,2.7,ml,9,234,0.111,0.19,us,us7000k8i0,2023-06-17T20:41:16.040Z,"Rat Islands, Aleutian Islands, Alaska",earthquake,7.97,4.984,0.148,6,reviewed,us,us
2023-06-08T23:24:02.282Z,58.2799,-155.9995,156.4,2.1,ml,,,,0.5,ak,ak0237bcaask,2023-06-14T19:50:36.443Z,"59 km SE of King Salmon, Alaska",earthquake,,0.1,,,reviewed,ak,ak
2023-06-08T23:22:29.179Z,35.367,-98.08833333,6.91,1.6,ml,87,55,0.07468534419,0.31,ok,ok2023lelt,2023-06-09T12:13:40.684Z,"13 km WSW of Union City, Oklahoma",earthquake,,0.5,0.24,41,reviewed,ok,ok
2023-06-08T23:17:42.362Z,51.88,177.7571,0.7,2.1,ml,,,,0.82,ak,ak0237bc8vxo,2023-06-14T22:16:12.622Z,"Rat Islands, Aleutian Islands, Alaska",earthquake,,1.8,,,reviewed,ak,ak
2023-06-08T23:16:50.110Z,44.2738333333333,-115.1865,17.92,1.83,ml,13,68,0.8311,0.4,mb,mb90017463,2023-06-08T23:37:12.540Z,"20 km WNW of Stanley, Idaho",earthquake,0.67,2.51,0.324531401817884,16,reviewed,mb,mb
2023-06-08T23:14:05.085Z,58.2176,-155.1223,1.5,0.9,ml,,,,0.31,ak,ak0237bc85o5,2023-06-14T22:16:11.295Z,"82 km NNW of Karluk, Alaska",earthquake,,0.2,,,reviewed,ak,ak
2023-06-08T23:12:19.480Z,58.1878333333333,-155.3465,1.71,-0.02,ml,7,117,,0.07,av,av91917326,2023-06-10T04:26:53.170Z,"Alaska Peninsula",earthquake,0.32,0.51,0.227877209966671,6,reviewed,av,av
2023-06-08T23:09:42.835Z,64.0039,-148.7504,0,1.4,ml,,,,0.41,ak,ak0237bc767b,2023-06-14T22:16:11.105Z,"17 km E of Ferry, Alaska",explosion,,0,,,reviewed,ak,ak
2023-06-08T23:07:26.930Z,33.572,-116.745,13.12,0.39,ml,17,81,0.009201,0.15,ci,ci40481096,2023-06-09T19:18:12.257Z,"7km WNW of Anza, CA",earthquake,0.42,0.65,0.043,5,reviewed,ci,ci
2023-06-08T23:05:43.520Z,51.9509,177.5809,11.118,2.8,ml,9,173,0.576,0.33,us,us7000k8i9,2023-06-18T03:26:18.040Z,"Rat Islands, Aleutian Islands, Alaska",earthquake,4.23,1.414,0.128,8,reviewed,us,us
2023-06-08T23:05:04.785Z,36.729,-115.9642,3.6,-0.2,ml,7,241.32,0.067,0.0909,nn,nn00861038,2023-06-08T23:23:43.808Z,"31 km NW of Indian Springs, Nevada",earthquake,,11.3,0.03,2,reviewed,nn,nn
2023-06-08T23:04:43.000Z,40.2186667,-121.1593333,5.22,2.44,md,42,72,0.0309,0.17,nc,nc73898866,2023-06-09T05:59:15.077Z,"1km N of Prattville, CA",earthquake,0.33,0.41,0.152,46,reviewed,nc,nc
2023-06-08T23:04:30.340Z,58.17,-155.388,2.57,0.04,ml,10,76,,0.08,av,av91917316,2023-06-10T04:22:10.090Z,"",earthquake,0.23,0.38,0.154069974263474,10,reviewed,av,av
2023-06-08T23:04:15.670Z,58.186,-155.292833333333,1.31,-0.58,ml,4,150,,0.03,av,av91107203,2023-06-10T04:24:12.550Z,"Alaska Peninsula",earthquake,0.38,0.88,0.349432968057049,4,reviewed,av,av
2023-06-08T23:03:58.520Z,19.171667098999,-155.509338378906,33.5,1.86000001,md,26,109,,0.129999995,hv,hv73446337,2023-06-08T23:07:14.780Z,"4 km SW of Pāhala, Hawaii",earthquake,0.66,1.03999996,1.74000001,6,automatic,hv,hv
2023-06-08T23:01:05.371Z,36.7305,-116.2772,7.1,-0.1,ml,11,92.15,0.009,0.0828,nn,nn00861036,2023-06-08T23:20:36.350Z,"47 km ESE of Beatty, Nevada",earthquake,,1.2,0.08,3,reviewed,nn,nn
2023-06-08T22:59:51.940Z,19.1763333333333,-155.496666666667,36.16,2.88,ml,55,88,,0.11,hv,hv73446332,2023-06-13T01:42:30.040Z,"Island of Hawaii, Hawaii",earthquake,0.39,0.51,0.163137285373821,34,reviewed,hv,hv
2023-06-08T22:57:15.064Z,53.5595,108.47,10,4.4,mb,35,79,3.492,0.66,us,us7000k78z,2023-06-24T01:25:54.628Z,"40 km WNW of Ust’-Barguzin, Russia",earthquake,3.6,1.905,0.112,23,reviewed,us,us
2023-06-08T22:55:07.296Z,53.1571,-166.6975,19.9,1.4,ml,,,,0.25,ak,ak0237bbvjgh,2023-06-14T19:50:31.511Z,"80 km S of Unalaska, Alaska",earthquake,,0.5,,,reviewed,ak,ak
2023-06-08T22:52:25.460Z,58.1776666666667,-155.342333333333,1.96,-0.08,ml,9,81,,0.09,av,av91917306,2023-06-10T04:19:43.070Z,"",earthquake,0.27,0.46,0.277040965104532,9,reviewed,av,av
2023-06-08T22:45:54.270Z,38.8323326,-122.8014984,1.81,0.78,md,17,72,0.01062,0.03,nc,nc73898861,2023-06-08T23:03:15.683Z,"7km W of Cobb, CA",earthquake,0.28,0.53,0.21,18,automatic,nc,nc
2023-06-08T22:45:20.190Z,58.2198333333333,-155.064333333333,4.83,-0.29,ml,5,135,,0.44,av,av91917301,2023-06-10T04:17:00.220Z,"81 km NNW of Karluk, Alaska",earthquake,1.49,3.26,0.259236342602023,5,reviewed,av,av
2023-06-08T22:45:18.221Z,61.078,-151.0559,57.7,1.2,ml,,,,0.49,ak,ak0237bbtege,2023-06-14T19:50:35.898Z,"4 km ENE of Tyonek, Alaska",earthquake,,0.2,,,reviewed,ak,ak
2023-06-08T22:36:26.490Z,58.1876666666667,-155.296666666667,2.26,0.09,ml,9,95,,0.07,av,av91917296,2023-06-10T04:14:48.580Z,"85 km NW of Karluk, Alaska",earthquake,0.21,0.36,0.251514742499186,9,reviewed,av,av
2023-06-08T22:34:11.200Z,46.9145,-121.8675,9.87,2.35,ml,38,69,0.0387,0.17,uw,uw61931601,2023-06-08T23:13:27.640Z,"21 km NE of Ashford, Washington",earthquake,0.25,0.43,0.2049091758702497,24,reviewed,uw,uw
2023-06-08T22:33:35.160Z,58.248,-155.071833333333,4.61,-0.62,ml,6,106,,0.24,av,av91917291,2023-06-10T04:12:11.180Z,"84 km NNW of Karluk, Alaska",earthquake,0.48,0.91,0.231503343234704,6,reviewed,av,av
2023-06-08T22:31:51.498Z,51.8464,177.6474,5,3.3,ml,10,179,0.545,0.61,us,us7000k8hx,2023-06-16T05:15:45.040Z,"",earthquake,3.66,1.976,0.097,14,reviewed,us,us
2023-06-08T22:28:02.274Z,51.9084,177.5135,10,2.6,ml,9,330,0.619,0.41,us,us7000k8i8,2023-06-18T03:15:12.040Z,"Rat Islands, Aleutian Islands, Alaska",earthquake,2.61,1.942,0.148,6,reviewed,us,us
2023-06-08T22:24:20.124Z,62.4978,-149.2657,54.8,1.6,ml,,,,0.69,ak,ak0237bbowk1,2023-06-14T19:50:31.065Z,"43 km E of Chase, Alaska",earthquake,,0.5,,,reviewed,ak,ak
2023-06-08T22:23:27.630Z,58.2488333333333,-155.071833333333,4.25,0.33,ml,10,107,,0.2,av,av91917276,2023-06-10T04:08:29.160Z,"84 km NNW of Karluk, Alaska",earthquake,0.34,0.81,0.23525802420352,10,reviewed,av,av
2023-06-08T22:15:27.968Z,51.8009,177.6809,5,2.8,ml,6,321,0.536,0.67,us,us7000k8hv,2023-06-16T05:09:24.040Z,"",earthquake,4.19,1.984,0.128,8,reviewed,us,us
2023-06-08T22:14:42.960Z,38.8148346,-122.8063354,2.44,0.75,md,7,90,0.009033,0.04,nc,nc73898856,2023-06-08T22:32:14.483Z,"6km NW of The Geysers, CA",earthquake,0.62,1.24,0.08,8,automatic,nc,nc
2023-06-08T22:13:49.001Z,51.8889,177.6125,5,2.9,ml,7,327,0.598,0.72,us,us7000k8hu,2023-06-16T05:03:23.040Z,"",earthquake,3.51,1.884,0.148,6,reviewed,us,us
2023-06-08T22:11:02.350Z,58.1688333333333,-155.336166666667,1.42,-0.42,ml,7,119,,0.09,av,av91917256,2023-06-10T04:04:06.730Z,"84 km NW of Karluk, Alaska",earthquake,0.26,1.13,0.275439730761846,7,reviewed,av,av
2023-06-08T22:09:02.740Z,34.2056667,-118.0143333,15.05,2.65,ml,30,46,0.04061,0.12,ci,ci40481072,2023-06-09T19:23:40.392Z,"6km NE of Sierra Madre, CA",earthquake,0.23,0.45,0.157,10,reviewed,ci,ci
2023-06-08T22:08:48.820Z,34.2075,-118.0125,14.07,3.07,ml,163,16,0.04123,0.2,ci,ci40481064,2023-06-15T03:12:28.605Z,"6km NE of Sierra Madre, CA",earthquake,0.1,0.22,0.187,245,reviewed,ci,ci
2023-06-08T22:08:24.129Z,36.459,-98.76416667,7.99,1.68,ml,45,63,0.03149381984,0.12,ok,ok2023lejg,2023-06-09T14:05:48.072Z,"17 km SE of Waynoka, Oklahoma",earthquake,,0.2,0.13,6,reviewed,ok,ok
2023-06-08T22:05:52.820Z,58.179,-155.338666666667,-0.27,-0.4,ml,5,169,,0.04,av,av91917246,2023-06-10T04:01:33.760Z,"85 km NW of Karluk, Alaska",earthquake,0.21,2.23,0.164079565455851,5,reviewed,av,av
2023-06-08T22:05:20.780Z,19.1726665496826,-155.346496582031,25.5599994659424,1.96,ml,42,177,,0.129999995,hv,hv73446207,2023-06-24T01:20:49.040Z,"14 km ESE of Pāhala, Hawaii",earthquake,0.6,0.970000029,4.37,4,automatic,hv,hv
2023-06-08T22:05:03.570Z,17.9188333333333,-66.8586666666667,14.25,2.47,md,5,232,0.05925,0.08,pr,pr71412693,2023-06-08T22:42:29.730Z,"7 km SSE of Maria Antonia, Puerto Rico",earthquake,0.63,0.52,0.0385631748210646,4,reviewed,pr,pr
2023-06-08T22:03:42.291Z,51.8364,177.5987,5,2.9,ml,9,181,0.577,0.87,us,us7000k8ht,2023-06-16T04:54:05.040Z,"",earthquake,3.02,1.634,0.115,10,reviewed,us,us
2023-06-08T22:00:41.420Z,34.2525,-119.74,0.09,2.07,ml,30,121,0.1813,0.22,ci,ci40481048,2023-06-09T19:15:20.888Z,"19km S of Santa Barbara, CA",earthquake,0.38,0.61,0.118,22,reviewed,ci,ci
2023-06-08T22:00:26.312Z,51.9489,177.8071,4.9,2.2,ml,,,,0.6,ak,ak0237bbjruv,2023-06-14T19:50:35.292Z,"Rat Islands, Aleutian Islands, Alaska",earthquake,,0.7,,,reviewed,ak,ak
2023-06-08T21:58:48.145Z,59.727,-153.1253,116.9,2,ml,,,,0.73,ak,ak0237bbatgu,2023-06-14T19:50:35.478Z,"55 km E of Pedro Bay, Alaska",earthquake,,0.2,,,reviewed,ak,ak
2023-06-08T21:56:26.932Z,51.9089,177.6034,10.412,2.7,ml,8,328,0.564,0.37,us,us7000k8hs,2023-06-16T04:47:06.040Z,"",earthquake,5.44,3.554,0.128,8,reviewed,us,us
2023-06-08T21:50:54.802Z,60.5556,-150.128,37.4,1.5,ml,,,,0.57,ak,ak0237bb9494,2023-06-14T19:50:35.091Z,"18 km WNW of Cooper Landing, Alaska",earthquake,,0.3,,,reviewed,ak,ak
2023-06-08T21:47:16.304Z,36.7401,-116.2731,7.2,-0.3,ml,10,93.41,0.001,0.0669,nn,nn00861034,2023-06-08T23:17:26.814Z,"47 km ESE of Beatty, Nevada",earthquake,,2.7,0.09,2,reviewed,nn,nn
2023-06-08T21:38:43.478Z,51.8878,177.5295,5,3.2,ml,8,329,0.611,0.51,us,us7000k8hr,2023-06-16T04:27:21.040Z,"Rat Islands, Aleutian Islands, Alaska",earthquake,2.66,1.981,0.128,8,reviewed,us,us
2023-06-08T21:33:51.850Z,58.189,-155.275833333333,1.18,-0.66,ml,5,143,,0.05,av,av91917216,2023-06-10T03:53:34.640Z,"Alaska Peninsula",earthquake,0.3,1.09,0.254330182130818,5,reviewed,av,av
2023-06-08T21:27:32.058Z,51.9122,177.5802,5,3,ml,6,329,0.615,0.24,us,us7000k8hq,2023-06-16T04:18:34.040Z,"Rat Islands, Aleutian Islands, Alaska",earthquake,3.31,1.84,0.128,8,reviewed,us,us
2023-06-08T21:25:54.911Z,36.7019,-116.132,1.1,-0.3,ml,6,126.69,0.02,0.0606,nn,nn00861033,2023-06-08T23:14:19.672Z,"",earthquake,,4,0.1,4,reviewed,nn,nn
2023-06-08T21:25:08.658Z,51.8651,177.5111,5,3.5,ml,12,180,0.625,0.56,us,us7000k8hp,2023-06-16T04:06:27.040Z,"Rat Islands, Aleutian Islands, Alaska",earthquake,2.61,1.97,0.097,14,reviewed,us,us
2023-06-08T21:23:15.510Z,37.4608333,-118.6463333,6.34,1.32,md,17,95,0.1262,0.06,nc,nc73898841,2023-06-09T06:27:14.233Z,"7km NW of Round Valley, CA",earthquake,0.36,1.18,0.112,14,reviewed,nc,nc
2023-06-08T21:20:55.904Z,31.2018,130.2253,189.852,4.9,mb,109,117,0.363,0.39,us,us7000k78h,2023-06-24T01:15:30.040Z,"11 km SW of Makurazaki, Japan",earthquake,7.43,4.855,0.037,232,reviewed,us,us
2023-06-08T21:20:44.870Z,56.2526666666667,-159.338166666667,3.36,0.08,ml,4,288,,0.1,av,av91107198,2023-06-10T03:58:22.820Z,"35 km W of Chignik Lake, Alaska",earthquake,0.71,0.53,0.107964306977794,4,reviewed,av,av
2023-06-08T21:18:24.976Z,55.2723,163.0536,34.522,4.8,mb,71,134,3.433,0.61,us,us7000k78g,2023-06-24T01:03:40.040Z,"off the east coast of the Kamchatka Peninsula, Russia",earthquake,7.27,3.721,0.034,273,reviewed,us,us
2023-06-08T21:12:43.760Z,38.845665,-122.8148346,1.43,0.79,md,8,131,0.01117,0.01,nc,nc73898831,2023-06-08T21:38:14.132Z,"8km WNW of Cobb, CA",earthquake,0.48,1.11,0.15,10,automatic,nc,nc
2023-06-08T21:11:35.360Z,58.176,-155.326166666667,0.64,-0.53,ml,5,169,,0.05,av,av91917181,2023-06-10T04:39:59.840Z,"Alaska Peninsula",earthquake,0.24,1.22,0.148190785862003,5,reviewed,av,av
2023-06-08T21:08:21.690Z,58.178,-155.326166666667,1.44,-0.32,ml,5,110,,0.03,av,av91917176,2023-06-10T03:42:34.440Z,"85 km NW of Karluk, Alaska",earthquake,0.23,0.91,0.305762955248921,5,reviewed,av,av
2023-06-08T21:05:48.898Z,51.8183,177.5135,5,3.4,ml,10,326,0.632,0.51,us,us7000k8hn,2023-06-16T03:56:05.040Z,"",earthquake,6.6,1.989,0.128,8,reviewed,us,us
2023-06-08T21:04:09.037Z,51.9064,177.5977,5,3.6,ml,14,176,0.567,0.71,us,us7000k8hm,2023-06-16T03:43:15.040Z,"Rat Islands, Aleutian Islands, Alaska",earthquake,3.71,1.961,0.085,24,reviewed,us,us
2023-06-08T21:02:29.341Z,51.8445,177.6278,5,3.2,ml,12,180,0.557,0.6,us,us7000k8hl,2023-06-16T03:14:36.040Z,"Rat Islands, Aleutian Islands, Alaska",earthquake,2.59,1.975,0.081,22,reviewed,us,us
2023-06-08T21:00:35.110Z,58.1773333333333,-155.327166666667,1.19,0.38,ml,7,110,,0.05,av,av91917161,2023-06-10T03:39:52.710Z,"85 km NW of Karluk, Alaska",earthquake,0.19,0.76,0.302209066325736,7,reviewed,av,av
2023-06-08T20:53:24.150Z,38.7999992,-122.7541656,4.03,0.73,md,10,96,0.02724,0.01,nc,nc73898821,2023-06-08T21:11:19.967Z,"2km N of The Geysers, CA",earthquake,0.46,1.42,0.27,11,automatic,nc,nc
2023-06-08T20:52:30.649Z,35.067,-97.91716667,7,1.13,ml,18,85,0.1385728073,0.3,ok,ok2023legu,2023-06-09T16:41:09.062Z,"2 km NE of Chickasha, Oklahoma",earthquake,,1.2,0.22,3,reviewed,ok,ok
2023-06-08T20:51:33.522Z,51.8967,177.7342,4.2,2.6,ml,,,,0.61,ak,ak0237banveu,2023-06-14T19:50:28.971Z,"Rat Islands, Aleutian Islands, Alaska",earthquake,,0.9,,,reviewed,ak,ak
2023-06-08T20:43:34.110Z,35.9093333,-119.961,2.31,1.79,md,26,184,0.08003,0.18,nc,nc73898816,2023-06-09T01:48:10.627Z,"11km S of Kettleman City, CA",earthquake,0.4,0.95,0.283,19,reviewed,nc,nc
2023-06-08T20:40:49.141Z,51.9017,177.922,1.4,2.7,ml,,,,0.61,ak,ak0237balj1u,2023-06-14T19:50:34.898Z,"Rat Islands, Aleutian Islands, Alaska",earthquake,,0.8,,,reviewed,ak,ak
2023-06-08T20:39:37.066Z,51.9548,177.7953,6.9,2.7,ml,,,,0.6,ak,ak0237baladw,2023-06-14T22:16:12.081Z,"Rat Islands, Aleutian Islands, Alaska",earthquake,,0.8,,,reviewed,ak,ak
2023-06-08T20:37:53.986Z,51.8875,177.6045,12.548,4.2,ml,15,177,0.565,0.54,us,us7000k78i,2023-06-14T22:16:09.741Z,"",earthquake,4.51,5.481,0.077,22,reviewed,us,us
2023-06-08T20:34:54.658Z,51.78,177.7778,9.641,4.6,mb,44,153,0.485,0.9,us,us7000k78d,2023-06-14T22:16:09.534Z,"Rat Islands, Aleutian Islands, Alaska",earthquake,4.54,5.459,0.105,27,reviewed,us,us
2023-06-08T20:33:15.375Z,51.8463,177.6949,11.177,4.6,mb,17,178,0.516,0.65,us,us7000k788,2023-06-14T22:16:09.343Z,"Rat Islands, Aleutian Islands, Alaska",earthquake,4.39,4.721,0.244,5,reviewed,us,us
2023-06-08T20:31:57.619Z,63.0092,-151.573,0.4,1,ml,,,,0.81,ak,ak0237bajm8t,2023-06-14T19:50:28.153Z,"59 km S of Denali National Park, Alaska",earthquake,,0.5,,,reviewed,ak,ak
2023-06-08T20:31:45.829Z,52.1635,177.7598,7.141,5.7,mww,125,41,0.512,0.97,us,us7000k782,2023-06-24T20:42:02.470Z,"Rat Islands, Aleutian Islands, Alaska",earthquake,6.12,2.971,0.034,85,reviewed,us,us
2023-06-08T20:28:34.180Z,58.2461666666667,-155.101666666667,2.05,-0.72,ml,5,117,,0.2,av,av91917086,2023-06-10T03:29:35.150Z,"84 km NNW of Karluk, Alaska",earthquake,0.66,2.06,0.14470767739353,5,reviewed,av,av
2023-06-08T20:26:10.360Z,32.5596667,-115.246,18.82,1.5,ml,15,79,0.1484,0.19,ci,ci40480992,2023-06-09T19:04:05.106Z,"10km E of Puebla, B.C., MX",earthquake,0.49,1.12,0.267,10,reviewed,ci,ci
2023-06-08T20:25:28.750Z,58.1951666666667,-155.3145,2.1,-0.56,ml,5,207,,0.05,av,av91917081,2023-06-10T03:27:43.530Z,"86 km NW of Karluk, Alaska",earthquake,0.43,0.27,0.17010926635733,5,reviewed,av,av
2023-06-08T20:21:03.739Z,57.4876,-154.6452,52.2,1.6,ml,,,,0.39,ak,ak0237bahdec,2023-06-14T19:50:27.726Z,"14 km SW of Karluk, Alaska",earthquake,,0.7,,,reviewed,ak,ak
2023-06-08T20:16:43.783Z,60.6369,-150.4141,37.4,1.3,ml,,,,0.46,ak,ak0237bagdga,2023-06-14T19:50:34.537Z,"22 km ENE of Sterling, Alaska",earthquake,,0.7,,,reviewed,ak,ak
2023-06-08T20:16:15.850Z,61.3206,-152.2564,0.9,1.1,ml,,,,0.41,ak,ak0237bagbc1,2023-06-14T22:16:08.887Z,"Southern Alaska",earthquake,,0.3,,,reviewed,ak,ak
2023-06-08T20:13:59.810Z,38.8123322,-122.8278351,1.47,1.07,md,23,57,0.003615,0.03,nc,nc73898806,2023-06-08T20:15:33.165Z,"7km WNW of The Geysers, CA",earthquake,0.18,0.36,0.16,23,automatic,nc,nc
2023-06-08T20:10:06.230Z,58.168,-155.364333333333,1.01,-0.47,ml,7,131,,0.03,av,av91917066,2023-06-10T04:40:36.190Z,"85 km NW of Karluk, Alaska",earthquake,0.2,1.21,0.0846683918344616,7,reviewed,av,av
2023-06-08T20:08:28.430Z,46.91,-119.11433333333333,-0.31,1.08,ml,13,162,0.06369,0.08,uw,uw61931536,2023-06-08T23:20:45.590Z,"8 km SW of Warden, Washington",explosion,0.37,31.61,0.09700345870248317,10,reviewed,uw,uw
2023-06-08T20:05:09.900Z,51.8526666666667,-177.817166666667,2.51,0.02,ml,4,242,,0.09,av,av91917061,2023-06-10T03:18:17.360Z,"",earthquake,0.6,1.11,0.168084025500153,4,reviewed,av,av
2023-06-08T20:00:32.855Z,59.3442,-152.7975,77.1,1.7,ml,,,,0.56,ak,ak0237bacxl2,2023-06-14T19:50:27.331Z,"49 km W of Nanwalek, Alaska",earthquake,,0.7,,,reviewed,ak,ak
2023-06-08T19:57:53.885Z,63.6909,-149.7466,6.5,1.2,ml,,,,0.87,ak,ak0237ba3qz6,2023-06-14T19:50:27.102Z,"41 km W of Denali Park, Alaska",earthquake,,0.3,,,reviewed,ak,ak
2023-06-08T19:57:15.636Z,50.6908,-173.9153,8.5,2.3,ml,,,,0.78,ak,ak0237ba3o17,2023-06-14T19:50:34.341Z,"168 km S of Atka, Alaska",earthquake,,5.1,,,reviewed,ak,ak
2023-06-08T19:50:37.440Z,58.18,-155.354166666667,1.15,-0.44,ml,7,117,,0.02,av,av91917051,2023-06-10T03:11:03.190Z,"86 km NW of Karluk, Alaska",earthquake,0.19,0.78,0.159007474453873,7,reviewed,av,av
2023-06-08T19:41:20.170Z,40.3875,-125.3641667,23.98,2.8,md,30,272,0.7871,0.31,nc,nc73898801,2023-06-09T02:31:11.870Z,"92km W of Petrolia, CA",earthquake,2.48,31.61,0.239,37,reviewed,nc,nc
2023-06-08T19:38:12.360Z,58.1865,-155.301,2.22,0.56,ml,11,56,,0.08,av,av91917036,2023-06-14T22:15:42.618Z,"Alaska Peninsula",earthquake,0.17,0.34,0.251604681520909,11,reviewed,av,av
2023-06-08T19:37:29.443Z,61.1389,-147.2669,1.3,1.6,ml,,,,0.8,ak,ak0237b9zeqp,2023-06-14T19:50:26.676Z,"44 km NW of Tatitlek, Alaska",earthquake,,0.2,,,reviewed,ak,ak
2023-06-08T19:35:07.680Z,37.4075,-121.819,-0.43,1.27,md,21,62,0.04318,0.16,nc,nc73898796,2023-06-09T02:16:12.788Z,"5km N of Alum Rock, CA",earthquake,0.33,0.46,0.144,20,reviewed,nc,nc
2023-06-08T19:33:29.919Z,68.0291,-148.4821,11.1,1.4,ml,,,,0.58,ak,ak0237b9yk00,2023-06-14T22:16:08.679Z,"97 km NE of Wiseman, Alaska",earthquake,,0.4,,,reviewed,ak,ak
2023-06-08T19:23:18.141Z,61.476,-153.6229,2,2.6,ml,,,,0.68,ak,ak0237b9wdx0,2023-06-14T22:16:08.392Z,"97 km E of Lime Village, Alaska",earthquake,,0.2,,,reviewed,ak,ak
2023-06-08T19:23:00.820Z,36.5876667,-121.187,4.94,2.32,md,60,104,0.01599,0.08,nc,nc73898786,2023-06-09T00:19:13.145Z,"7km NNW of Pinnacles, CA",earthquake,0.15,0.25,0.165,71,reviewed,nc,nc
2023-06-08T19:19:35.044Z,59.9475,-148.379,1.6,1.4,ml,,,,0.58,ak,ak0237b9vkcn,2023-06-14T22:16:11.886Z,"24 km WSW of Chenega, Alaska",earthquake,,0.4,,,reviewed,ak,ak
2023-06-08T19:19:27.450Z,38.8283348,-122.8696671,2.17,0.77,md,13,119,0.01002,0.05,nc,nc73898776,2023-06-08T19:21:03.491Z,"11km WNW of The Geysers, CA",earthquake,0.36,0.8,0.19,13,automatic,nc,nc
2023-06-08T19:18:15.470Z,40.0108333,-122.8701667,11.84,1.94,md,9,149,0.1798,0.13,nc,nc73898781,2023-06-08T20:42:14.777Z,"40km W of Rancho Tehama Reserve, CA",earthquake,0.63,1.34,0.157,17,reviewed,nc,nc
2023-06-08T19:15:49.710Z,33.8491667,-117.4898333,-0.51,1.69,ml,44,45,0.04893,0.26,ci,ci40480896,2023-06-09T18:59:12.030Z,"4km SE of Home Gardens, CA",quarry blast,0.3,31.61,0.16,30,reviewed,ci,ci
2023-06-08T19:13:52.313Z,55.3942,-157.1478,12.2,2.6,ml,,,,0.83,ak,ak0237b9ufpd,2023-06-14T19:50:25.983Z,"127 km SE of Chignik, Alaska",earthquake,,1.7,,,reviewed,ak,ak
2023-06-08T19:13:08.356Z,-23.4743,171.006,30.89,4.5,mb,23,116,3.389,0.85,us,us7000k781,2023-06-08T21:35:53.040Z,"southeast of the Loyalty Islands",earthquake,5.77,5.494,0.157,12,reviewed,us,us
2023-06-08T19:12:42.264Z,60.6756,-152.0609,84.4,1.6,ml,,,,0.66,ak,ak0237b9u31v,2023-06-14T19:50:25.753Z,"41 km W of Salamatof, Alaska",earthquake,,0.5,,,reviewed,ak,ak
2023-06-08T19:09:56.654Z,60.4621,-152.2902,95.6,1.8,ml,,,,0.68,ak,ak0237b9tgsf,2023-06-14T19:50:25.512Z,"55 km W of Cohoe, Alaska",earthquake,,0.5,,,reviewed,ak,ak
2023-06-08T19:04:07.235Z,62.1153,-149.6508,44.3,1.4,ml,,,,0.65,ak,ak0237b9sacl,2023-06-14T19:50:25.311Z,"11 km ESE of Susitna North, Alaska",earthquake,,0.5,,,reviewed,ak,ak
2023-06-08T19:04:05.070Z,64.4997,-152.5752,12.7,1.7,ml,,,,0.85,ak,ak0237b9sa8m,2023-06-14T19:50:25.097Z,"69 km N of Lake Minchumina, Alaska",earthquake,,0.2,,,reviewed,ak,ak
2023-06-08T19:01:55.010Z,58.1915,-155.27,1.33,-0.24,ml,5,167,,0.06,av,av91107188,2023-06-10T02:56:33.560Z,"84 km NW of Karluk, Alaska",earthquake,0.34,1.26,0.203573948920672,5,reviewed,av,av
2023-06-08T19:01:43.280Z,51.8513333333333,-177.815333333333,2.95,1.16,ml,5,244,,0.12,av,av91916996,2023-06-10T02:54:35.890Z,"Andreanof Islands, Aleutian Islands, Alaska",earthquake,0.63,0.71,0.238202466500618,5,reviewed,av,av
2023-06-08T18:52:35.370Z,59.972,-152.8094,93,2.2,ml,,,,0.62,ak,ak0237b9h7bp,2023-06-14T19:50:24.788Z,"58 km WNW of Anchor Point, Alaska",earthquake,,0.3,,,reviewed,ak,ak
2023-06-08T18:50:11.366Z,51.9251,-173.5025,60,2.1,ml,,,,0.39,ak,ak0237b9gqhb,2023-06-14T19:50:24.601Z,"56 km ESE of Atka, Alaska",earthquake,,2.1,,,reviewed,ak,ak
2023-06-08T18:46:20.970Z,38.8421669,-122.7661667,1.13,0.87,md,11,175,0.008002,0.02,nc,nc73898771,2023-06-08T18:47:57.366Z,"4km WNW of Cobb, CA",earthquake,0.37,0.42,0.24,11,automatic,nc,nc
2023-06-08T18:34:41.632Z,33.088,84.7091,11.975,4.6,mb,48,77,5.425,0.71,us,us7000k76x,2023-06-08T21:22:42.040Z,"western Xizang",earthquake,6.46,4.658,0.067,66,reviewed,us,us
2023-06-08T18:30:53.459Z,61.1858,-147.2012,1.2,1.2,ml,,,,0.69,ak,ak0237b9cj0h,2023-06-14T19:50:33.946Z,"45 km NW of Tatitlek, Alaska",earthquake,,0.4,,,reviewed,ak,ak
2023-06-08T18:28:18.620Z,58.2473333333333,-155.148333333333,3.78,0.06,ml,10,73,,0.12,av,av91916971,2023-06-10T02:44:37.230Z,"86 km NNW of Karluk, Alaska",earthquake,0.24,0.64,0.290853379394106,10,reviewed,av,av
2023-06-08T18:25:08.790Z,38.8230019,-122.8099976,1.35,0.99,md,21,37,0.000397,0.04,nc,nc73898761,2023-06-08T18:26:43.169Z,"7km NW of The Geysers, CA",earthquake,0.2,0.46,0.22,22,automatic,nc,nc
2023-06-08T18:20:33.290Z,58.1915,-155.26,2.66,-0.28,ml,6,136,,0.08,av,av91916966,2023-06-10T02:41:39.480Z,"84 km NW of Karluk, Alaska",earthquake,0.32,0.62,0.163608881111804,6,reviewed,av,av
2023-06-08T18:11:02.584Z,61.2076,-146.8856,0,1.3,ml,,,,0.41,ak,ak0237b988s7,2023-06-14T22:16:08.205Z,"30 km WNW of Valdez, Alaska",ice quake,,0,,,reviewed,ak,ak
2023-06-08T17:55:46.425Z,62.1678,-141.6547,1.7,1,ml,,,,0.76,ak,ak0237b8wfrm,2023-06-14T19:50:33.751Z,"62 km SSW of Alcan Border, Alaska",earthquake,,0.2,,,reviewed,ak,ak
2023-06-08T17:55:15.140Z,39.5181667,-123.2343333,8.84,1.49,md,13,74,0.05961,0.07,nc,nc73898756,2023-06-08T23:49:14.981Z,"15km ENE of Brooktrails, CA",earthquake,0.23,0.48,0.207,15,reviewed,nc,nc
2023-06-08T17:54:07.634Z,53.6173,-164.798,10.6,1.7,ml,,,,0.65,ak,ak0237b8w6il,2023-06-14T19:50:24.230Z,"86 km SE of Akutan, Alaska",earthquake,,1.3,,,reviewed,ak,ak
2023-06-08T17:53:31.310Z,38.7938347,-122.7616653,2.77,1.04,md,16,62,0.00695,0.04,nc,nc73898751,2023-06-08T17:55:08.140Z,"2km NNW of The Geysers, CA",earthquake,0.32,0.66,0.12,15,automatic,nc,nc
2023-06-08T17:52:39.849Z,59.7553,-152.7202,83.2,2,ml,,,,0.68,ak,ak0237b8vs1j,2023-06-14T19:50:23.959Z,"Southern Alaska",earthquake,,0.1,,,reviewed,ak,ak
2023-06-08T17:52:33.470Z,38.7939987,-122.7610016,2.86,0.94,md,9,81,0.02105,0.04,nc,nc73898746,2023-06-08T17:54:07.799Z,"2km NNW of The Geysers, CA",earthquake,0.41,0.84,0.19,8,automatic,nc,nc
2023-06-08T17:47:58.460Z,35.37016667,-98.0935,6.58,1.32,ml,64,68,0.07558516761,0.55,ok,ok2023leas,2023-06-08T17:56:15.165Z,"14 km W of Union City, Oklahoma",earthquake,,0.9,0.24,28,reviewed,ok,ok
2023-06-08T17:38:37.260Z,33.3896667,-116.8976667,14.42,0.73,ml,27,39,0.04639,0.14,ci,ci40480792,2023-06-09T18:52:08.784Z,"5km NW of Palomar Observatory, CA",earthquake,0.24,0.5,0.11,15,reviewed,ci,ci
2023-06-08T17:36:46.960Z,35.486,-98.019,6.72,1.12,ml,31,65,0.06208781625,0.33,ok,ok2023leai,2023-06-09T16:28:53.784Z,"7 km SW of El Reno, Oklahoma",earthquake,,0.8,0.23,5,reviewed,ok,ok
2023-06-08T17:32:52.970Z,58.2545,-155.1095,-2.2,-0.56,ml,5,111,,0.2,av,av91916946,2023-06-09T17:06:29.680Z,"85 km NNW of Karluk, Alaska",earthquake,0.46,4.39,0.238883124640972,5,reviewed,av,av
2023-06-08T17:28:20.848Z,60.9663,-150.403,56.4,1.2,ml,,,,0.34,ak,ak0237b8qlgk,2023-06-14T19:50:33.566Z,"16 km ENE of Point Possession, Alaska",earthquake,,1.5,,,reviewed,ak,ak
2023-06-08T17:24:40.581Z,61.9805,-151.506,79.9,1.3,ml,,,,0.47,ak,ak0237b8ps4a,2023-06-14T19:50:33.361Z,"5 km W of Skwentna, Alaska",earthquake,,0.5,,,reviewed,ak,ak
2023-06-08T17:20:42.931Z,51.4797,-177.6359,33.9,1.6,ml,,,,0.38,ak,ak0237b8oxfp,2023-06-14T19:50:33.172Z,"82 km WSW of Adak, Alaska",earthquake,,3,,,reviewed,ak,ak
2023-06-08T17:15:01.615Z,-7.0885,124.9874,532.034,4.1,mb,26,88,2.744,0.74,us,us7000k8g0,2023-06-16T21:04:15.040Z,"170 km N of Maubara, Timor Leste",earthquake,13.87,9.562,0.157,11,reviewed,us,us
2023-06-08T17:13:43.545Z,39.6126,-119.9735,5.7,1.3,ml,12,81.22,0.011,0.1485,nn,nn00861022,2023-06-08T17:35:12.266Z,"7 km S of Cold Springs, Nevada",earthquake,,1.3,0.17,8,reviewed,nn,nn
2023-06-08T17:09:19.410Z,58.2848333333333,-155.005666666667,3.68,0.31,ml,12,139,,0.2,av,av91916936,2023-06-14T19:48:29.606Z,"86 km NNW of Karluk, Alaska",earthquake,0.38,0.63,0.285650047573408,12,reviewed,av,av
2023-06-08T17:07:47.560Z,64.0535,-152.1346,3.7,1.3,ml,,,,0.48,ak,ak0237b8m5gb,2023-06-14T22:16:08.000Z,"20 km NNE of Lake Minchumina, Alaska",earthquake,,0.2,,,reviewed,ak,ak
2023-06-08T17:06:03.319Z,31.67914943,-104.4285909,6.440063477,2,ml,19,52,0.002567072404,0.2,tx,tx2023ldzi,2023-06-08T18:38:27.891Z,"55 km S of Whites City, New Mexico",earthquake,0.9404854961,0.6893137741,0.1,16,reviewed,tx,tx
2023-06-08T17:03:52.410Z,38.8339996,-122.8144989,1.77,0.8,md,16,55,0.01114,0.03,nc,nc73898741,2023-06-08T17:05:26.093Z,"8km W of Cobb, CA",earthquake,0.24,0.48,0.32,19,automatic,nc,nc
2023-06-08T16:57:44.790Z,17.9641666666667,-66.8428333333333,14.35,2.13,md,5,214,0.03632,0.09,pr,pr71412688,2023-06-08T17:12:46.860Z,"4 km SW of Indios, Puerto Rico",earthquake,0.6,0.55,0.100451670650405,4,reviewed,pr,pr
2023-06-08T16:53:43.800Z,38.7811667,-122.7555,1.34,0.18,md,18,68,0.01315,0.02,nc,nc73898731,2023-06-08T17:57:59.362Z,"0km N of The Geysers, CA",earthquake,0.23,0.35,0.189,13,reviewed,nc,nc
2023-06-08T16:49:35.880Z,38.8258333,-122.7933333,2.88,0.43,md,34,36,0.01277,0.05,nc,nc73898721,2023-06-08T19:36:08.508Z,"6km W of Cobb, CA",earthquake,0.16,0.28,0.158,26,reviewed,nc,nc
2023-06-08T16:46:59.309Z,-19.4602,-173.0183,10.385,4.6,mb,24,86,2.664,0.6,us,us7000k8fz,2023-06-21T19:15:45.040Z,"135 km SE of Neiafu, Tonga",earthquake,8.47,3.48,0.158,16,reviewed,us,us
2023-06-08T16:45:55.294Z,59.9974,-147.4059,17.5,1.6,ml,,,,0.71,ak,ak0237b88vop,2023-06-14T22:16:11.670Z,"34 km ESE of Chenega, Alaska",earthquake,,0.2,,,reviewed,ak,ak
2023-06-08T16:41:26.460Z,58.199,-155.308166666667,2.16,-0.2,ml,7,141,,0.1,av,av91916926,2023-06-10T02:32:45.530Z,"86 km NW of Karluk, Alaska",earthquake,0.28,0.38,0.333519229552079,7,reviewed,av,av
2023-06-08T16:39:54.660Z,58.1976666666667,-155.307,1.99,-0.34,ml,6,142,,0.06,av,av91916921,2023-06-10T02:25:03.110Z,"86 km NW of Karluk, Alaska",earthquake,0.34,0.33,0.254973354514206,6,reviewed,av,av
2023-06-08T16:38:24.338Z,52.0057,179.5373,165.069,2.9,ml,14,253,0.135,0.45,us,us7000k8hz,2023-06-21T18:55:06.040Z,"263 km W of Adak, Alaska",earthquake,17.94,22.216,0.105,12,reviewed,us,us
2023-06-08T16:38:22.400Z,58.1971666666667,-155.306166666667,2.03,-0.33,ml,7,142,,0.09,av,av91916916,2023-06-10T02:22:59.970Z,"86 km NW of Karluk, Alaska",earthquake,0.25,0.4,0.32950205676328,7,reviewed,av,av
2023-06-08T16:36:47.750Z,58.1875,-155.295333333333,1.83,-0.45,ml,6,150,,0.08,av,av91916911,2023-06-10T02:21:13.130Z,"85 km NW of Karluk, Alaska",earthquake,0.27,0.47,0.19473448210907,6,reviewed,av,av
2023-06-08T16:36:12.530Z,58.1976666666667,-155.306833333333,2.26,-0.08,ml,7,141,,0.07,av,av91916906,2023-06-10T02:19:12.160Z,"",earthquake,0.23,0.34,0.342294618824341,7,reviewed,av,av
2023-06-08T16:30:25.503Z,51.7818,178.1903,133.981,3.7,mb,58,137,0.26,0.62,us,us7000k8hg,2023-06-21T18:51:30.040Z,"Rat Islands, Aleutian Islands, Alaska",earthquake,9.43,6.269,0.091,34,reviewed,us,us
2023-06-08T16:28:35.880Z,19.238000869751,-155.398330688477,29.6599998474121,1.82000005,md,39,138,,0.100000001,hv,hv73445697,2023-06-08T16:31:49.910Z,"9 km ENE of Pāhala, Hawaii",earthquake,0.58,0.649999976,0.150000006,13,automatic,hv,hv
2023-06-08T16:27:34.190Z,58.1736666666667,-155.317166666667,1.77,-0.08,ml,6,169,,0.08,av,av91916891,2023-06-10T02:09:59.070Z,"84 km NW of Karluk, Alaska",earthquake,0.27,0.46,0.195821094730448,6,reviewed,av,av
2023-06-08T16:25:06.567Z,32.44171143,-102.1214034,10.93127441,2,ml,25,87,0.06093017973,0.2,tx,tx2023ldyb,2023-06-09T11:35:52.644Z,"36 km SSW of Los Ybanez, Texas",earthquake,1.011872372,1.396476873,0.1,12,reviewed,tx,tx
2023-06-08T16:21:39.720Z,33.0421667,-115.5865,8.3,1.11,ml,19,63,0.005481,0.17,ci,ci40480712,2023-06-09T18:47:14.959Z,"3km E of Westmorland, CA",earthquake,0.33,0.5,0.11,12,reviewed,ci,ci
2023-06-08T16:21:16.882Z,29.2789,132.0213,10,4.3,mb,61,112,2.604,0.46,us,us7000k8fy,2023-06-21T18:35:02.040Z,"southeast of Shikoku, Japan",earthquake,6.7,1.873,0.097,35,reviewed,us,us
2023-06-08T16:14:55.530Z,58.1795,-155.357833333333,1.66,-0.4,ml,7,172,,0.05,av,av91916881,2023-06-10T02:03:26.280Z,"86 km NW of Karluk, Alaska",earthquake,0.27,0.57,0.186278780739003,7,reviewed,av,av
2023-06-08T16:06:11.170Z,46.3075,-111.630166666667,-2,0.93,ml,7,106,0.3325,0.31,mb,mb90018013,2023-06-13T15:38:17.990Z,"8 km W of Townsend, Montana",quarry blast,1.71,31.61,0.191881760239837,4,reviewed,mb,mb
2023-06-08T16:02:32.540Z,60.2103,-153.2729,156.1,2.1,ml,,,,0.57,ak,ak0237b7zm6u,2023-06-14T19:50:23.261Z,"57 km E of Port Alsworth, Alaska",earthquake,,0.3,,,reviewed,ak,ak
2023-06-08T15:57:00.424Z,55.2331,-159.4956,10.4,1.8,ml,,,,0.82,ak,ak0237b7pwfu,2023-06-14T17:27:29.921Z,"64 km E of Sand Point, Alaska",earthquake,,1.3,,,reviewed,ak,ak
2023-06-08T15:56:08.040Z,58.1886666666667,-155.3025,1.29,-0.27,ml,5,227,,0.06,av,av91916861,2023-06-10T01:59:43.820Z,"Alaska Peninsula",earthquake,0.67,0.88,0.454211253256784,5,reviewed,av,av
2023-06-08T15:55:22.183Z,61.7013,-149.8781,35,1.3,ml,,,,0.59,ak,ak0237b7pimf,2023-06-14T17:27:26.629Z,"8 km NNW of Houston, Alaska",earthquake,,0.8,,,reviewed,ak,ak
2023-06-08T15:50:33.600Z,60.0606,-151.639,74.9,1.6,ml,,,,0.44,ak,ak0237b7oh07,2023-06-14T17:27:26.416Z,"1 km NE of Ninilchik, Alaska",earthquake,,0.8,,,reviewed,ak,ak
2023-06-08T15:50:18.070Z,38.8308333,-122.7933333,1.12,0.93,md,17,47,0.007917,0.03,nc,nc71130594,2023-06-09T07:50:12.809Z,"6km W of Cobb, CA",earthquake,0.23,0.47,0.141,16,reviewed,nc,nc
2023-06-08T15:50:14.780Z,38.8286667,-122.7923333,1.43,1.19,md,41,33,0.009851,0.04,nc,nc73898706,2023-06-09T10:32:14.672Z,"6km W of Cobb, CA",earthquake,0.11,0.22,0.212,32,reviewed,nc,nc
2023-06-08T15:46:49.180Z,38.8296667,-122.7933333,1.56,0.35,md,20,58,0.009036,0.03,nc,nc73898701,2023-06-09T06:34:28.249Z,"6km W of Cobb, CA",earthquake,0.21,0.31,0.154,18,reviewed,nc,nc
2023-06-08T15:43:37.417Z,39.622,-119.9728,6.7,1.4,ml,13,80.48,0.017,0.1484,nn,nn00861020,2023-06-08T16:14:57.000Z,"Nevada",earthquake,,1.1,0.18,7,reviewed,nn,nn
2023-06-08T15:37:22.290Z,38.8291667,-122.7918333,1.59,1.64,md,58,31,0.009302,0.04,nc,nc73898696,2023-06-09T10:58:14.844Z,"6km W of Cobb, CA",earthquake,0.09,0.18,0.2,50,reviewed,nc,nc
2023-06-08T15:34:32.735Z,51.499,-168.1501,10,2.9,ml,20,230,1.803,0.51,us,us7000k8gn,2023-06-21T18:16:59.040Z,"167 km SSE of Nikolski, Alaska",earthquake,6.61,2.017,0.097,14,reviewed,us,us
2023-06-08T15:34:12.886Z,32.76763916,-100.6637052,0.0244547526,1.7,ml,20,78,0.07587144542,0.2,tx,tx2023ldwi,2023-06-12T11:21:47.527Z,"17 km NNE of Hermleigh, Texas",earthquake,1.075452233,1.085859014,0.1,9,reviewed,tx,tx
2023-06-08T15:28:09.868Z,36.7547,-115.9761,1.3,-0.2,ml,5,256.65,0.027,0.0787,nn,nn00861030,2023-06-08T23:05:02.375Z,"34 km NW of Indian Springs, Nevada",earthquake,,5.5,0,1,reviewed,nn,nn
2023-06-08T15:25:53.360Z,38.7985,-122.7666667,0.01,0.38,md,14,73,0.005834,0.02,nc,nc73898691,2023-06-08T18:55:34.734Z,"2km NNW of The Geysers, CA",earthquake,0.15,0.3,0.183,13,reviewed,nc,nc
2023-06-08T15:25:28.100Z,47.456,-121.63266666666667,16.95,1.78,ml,18,148,0.0914,0.13,uw,uw61931426,2023-06-08T18:14:31.530Z,"8 km ESE of Tanner, Washington",earthquake,0.62,0.56,0.0971044498602951,14,reviewed,uw,uw
2023-06-08T15:24:16.050Z,55.056,-162.248333333333,2.26,0.6,ml,9,142,,0.12,av,av91916846,2023-06-10T01:44:38.040Z,"4 km E of King Cove, Alaska",earthquake,0.3,0.62,0.314488200991833,10,reviewed,av,av
2023-06-08T15:21:06.433Z,54.5044,-159.8856,12.3,2.1,ml,,,,0.68,ak,ak0237b7i74j,2023-06-14T17:27:29.708Z,"100 km SSE of Sand Point, Alaska",earthquake,,1.5,,,reviewed,ak,ak
2023-06-08T15:15:36.470Z,33.2523333,-116.2656667,11.88,1.57,ml,58,32,0.06028,0.17,ci,ci40480624,2023-06-09T18:10:51.030Z,"10km E of Borrego Springs, CA",earthquake,0.16,0.42,0.144,27,reviewed,ci,ci
2023-06-08T15:13:44.403Z,68.0942,-148.5302,9.5,1.3,ml,,,,0.43,ak,ak0237b7gk8c,2023-06-14T19:06:43.137Z,"101 km NE of Wiseman, Alaska",earthquake,,0.2,,,reviewed,ak,ak
2023-06-08T15:10:56.310Z,58.176,-155.388,1.57,-0.03,ml,8,132,,0.08,av,av91916826,2023-06-10T01:37:34.900Z,"87 km NW of Karluk, Alaska",earthquake,0.21,0.51,0.154549089580175,8,reviewed,av,av
2023-06-08T15:09:46.142Z,31.60690305,-104.1105362,6.285815430000001,2,ml,40,58,0.03156029871,0.2,tx,tx2023ldvm,2023-06-09T19:30:30.585Z,"44 km NW of Toyah, Texas",earthquake,0.5403027139,0.4707810144,0,6,reviewed,tx,tx
2023-06-08T15:06:10.390Z,45.8576666666667,-111.35,5.01,1.13,ml,9,110,0.1948,0.03,mb,mb90017438,2023-06-08T21:48:27.070Z,"1 km W of Manhattan, Montana",earthquake,0.37,5.29,0.208027495222013,8,reviewed,mb,mb
2023-06-08T15:05:41.619Z,51.5592,-178.3928,19.683,2.5,ml,24,188,0.263,0.89,us,us7000k8gm,2023-06-21T18:01:44.040Z,"126 km WSW of Adak, Alaska",earthquake,2.91,4.926,0.085,18,reviewed,us,us
2023-06-08T14:59:28.603Z,66.3227,-157.1919,17.6,1,ml,,,,0.53,ak,ak0237b74yfw,2023-06-14T17:27:29.511Z,"63 km S of Shungnak, Alaska",earthquake,,1.6,,,reviewed,ak,ak
2023-06-08T14:59:21.250Z,63.1814,-150.4314,102.6,1.3,ml,,,,0.57,ak,ak0237b74xvh,2023-06-14T17:27:29.276Z,"76 km ESE of Denali National Park, Alaska",earthquake,,0.6,,,reviewed,ak,ak
2023-06-08T14:55:23.590Z,51.9366666666667,179.590833333333,10.84,0.43,ml,5,89,,0.24,av,av91916811,2023-06-10T01:19:10.460Z,"259 km W of Adak, Alaska",earthquake,1.58,1.52,0.13145812795041,5,reviewed,av,av
2023-06-08T14:53:57.130Z,41.9388333,-112.3695,7.06,1.03,md,16,181,0.03477,0.13,uu,uu60541846,2023-06-14T20:56:32.810Z,"11 km WSW of Portage, Utah",earthquake,0.5,0.4,0.185,5,reviewed,uu,uu
2023-06-08T14:50:20.830Z,58.1673333333333,-155.368,2.24,-0.22,ml,7,133,,0.05,av,av91916806,2023-06-10T01:13:32.180Z,"85 km NW of Karluk, Alaska",earthquake,0.22,0.6,0.174359455390889,8,reviewed,av,av
2023-06-08T14:45:06.088Z,61.5741,-141.1847,6.7,1,ml,,,,0.62,ak,ak0237b71wmx,2023-06-14T17:27:25.570Z,"93 km E of McCarthy, Alaska",earthquake,,0.5,,,reviewed,ak,ak
2023-06-08T14:41:16.920Z,53.4008333333333,-167.796,11.05,0.42,ml,8,313,,0.07,av,av91107183,2023-06-10T01:23:29.880Z,"87 km NE of Nikolski, Alaska",earthquake,0.61,0.65,0.217555659475322,8,reviewed,av,av
2023-06-08T14:39:42.790Z,19.1678333282471,-155.49299621582,33.439998626709,2.33,ml,48,101,,0.109999999,hv,hv73445667,2023-06-09T17:35:26.040Z,"4 km SSW of Pāhala, Hawaii",earthquake,0.48,0.589999974,4.24,10,automatic,hv,hv
2023-06-08T14:38:41.040Z,35.184,-120.5085,5.64,1.2,md,17,94,0.0354,0.14,nc,nc73898681,2023-06-08T18:59:20.175Z,"10km NE of Arroyo Grande, CA",earthquake,0.29,0.53,0.277,13,reviewed,nc,nc
2023-06-08T14:38:33.728Z,65.006,-147.1186,0,1.1,ml,,,,0.33,ak,ak0237b70gsn,2023-06-14T19:06:42.945Z,"15 km NNW of Two Rivers, Alaska",explosion,,0,,,reviewed,ak,ak
2023-06-08T14:37:29.936Z,31.67172496,-104.3687688,6.594311523,2.1,ml,29,68,0.04945383445,0.3,tx,tx2023ldum,2023-06-09T14:45:18.253Z,"55 km S of Whites City, New Mexico",earthquake,0.8400012871,0.8124318372,0.2,23,reviewed,tx,tx
2023-06-08T14:36:55.402Z,55.6009,-159.3538,56.6,1.8,ml,,,,0.39,ak,ak0237b706jl,2023-06-14T17:27:25.161Z,"34 km SSE of Ivanof Bay, Alaska",earthquake,,0.8,,,reviewed,ak,ak
2023-06-08T14:32:02.133Z,13.403,145.5932,72.76,4.9,mb,161,75,1.837,0.75,us,us7000k754,2023-06-09T17:32:50.040Z,"Guam region",earthquake,9.69,6.275,0.034,272,reviewed,us,us
2023-06-08T14:29:44.510Z,36.773,-121.4463333,5.48,0.72,md,12,205,0.008981,0.09,nc,nc73898676,2023-06-08T17:43:27.338Z,"8km WSW of Ridgemark, CA",earthquake,0.5,0.36,0.225,9,reviewed,nc,nc
2023-06-08T14:27:14.160Z,58.1886666666667,-155.270333333333,2.19,-0.55,ml,6,141,,0.02,av,av91916786,2023-06-10T00:42:18.940Z,"84 km NW of Karluk, Alaska",earthquake,0.24,0.61,0.330197469102129,6,reviewed,av,av
2023-06-08T14:23:40.321Z,67.7714,-150.2788,2.5,1.4,ml,,,,0.55,ak,ak0237b6x9m2,2023-06-14T19:06:42.741Z,"40 km N of Wiseman, Alaska",earthquake,,0.4,,,reviewed,ak,ak
2023-06-08T14:21:59.830Z,53.3788333333333,-167.807666666667,11.92,0.89,ml,8,313,,0.15,av,av91916781,2023-06-10T00:34:47.050Z,"Fox Islands, Aleutian Islands, Alaska",earthquake,1.27,0.75,0.154958767628633,2,reviewed,av,av
2023-06-08T14:18:44.767Z,61.2229,-149.8784,40.2,1.1,ml,,,,0.56,ak,ak0237b6w7bw,2023-06-14T17:27:29.048Z,"1 km ENE of Anchorage, Alaska",earthquake,,0.6,,,reviewed,ak,ak
2023-06-08T14:15:29.440Z,58.1898333333333,-155.278,1.58,-0.27,ml,6,143,,0.06,av,av91916776,2023-06-10T00:30:54.610Z,"84 km NW of Karluk, Alaska",earthquake,0.26,0.79,0.302318616734792,6,reviewed,av,av
2023-06-08T14:06:51.990Z,58.1835,-155.272833333333,1.43,-0.38,ml,4,148,,0.03,av,av91916771,2023-06-10T00:27:46.710Z,"",earthquake,0.29,0.99,0.191676589267094,4,reviewed,av,av
2023-06-08T14:05:50.577Z,32.75482178,-100.6529869,6.431599935,3.1,ml,14,63,0.0752195689,0.1,tx,tx2023ldtk,2023-06-13T16:00:28.448Z,"16 km NE of Hermleigh, Texas",earthquake,0.7241243067,1.1211150670000003,0.2,8,reviewed,tx,tx
2023-06-08T14:01:22.510Z,34.2711667,-116.8675,7.26,0.95,ml,23,53,0.04498,0.15,ci,ci40480560,2023-06-09T17:57:13.522Z,"2km WNW of Big Bear City, CA",earthquake,0.26,0.51,0.094,18,reviewed,ci,ci
2023-06-08T13:57:37.780Z,60.7277,-151.541,70.3,1.8,ml,,,,0.45,ak,ak0237b6j43e,2023-06-14T17:27:24.660Z,"14 km WNW of Nikiski, Alaska",earthquake,,0.5,,,reviewed,ak,ak
2023-06-08T13:50:28.170Z,36.4715,-121.0871667,7.31,1.32,md,19,112,0.02856,0.09,nc,nc73898671,2023-06-08T20:18:15.636Z,"8km SE of Pinnacles, CA",earthquake,0.39,0.73,0.158,13,reviewed,nc,nc
2023-06-08T13:36:54.904Z,39.6133,-119.9759,5.6,1.6,ml,12,111.51,0.013,0.1319,nn,nn00861015,2023-06-08T14:36:05.321Z,"7 km S of Cold Springs, Nevada",earthquake,,1.3,0.23,5,reviewed,nn,nn
2023-06-08T13:33:47.377Z,63.3001,-151.814,3.1,0.9,ml,,,,0.51,ak,ak0237b6dzqb,2023-06-14T19:06:42.552Z,"27 km S of Denali National Park, Alaska",earthquake,,0.3,,,reviewed,ak,ak
2023-06-08T13:24:33.766Z,61.1399,-140.0426,0.6,1.8,ml,,,,0.83,ak,ak0237b6c15r,2023-06-14T17:27:24.237Z,"Southern Yukon Territory, Canada",earthquake,,0.3,,,reviewed,ak,ak
2023-06-08T13:21:06.400Z,38.783165,-122.7573318,2.48,0.31,md,6,100,0.01406,0.01,nc,nc73898661,2023-06-08T14:53:18.724Z,"1km N of The Geysers, CA",earthquake,0.62,1.61,0.14,8,automatic,nc,nc
2023-06-08T13:18:52.433Z,61.6022,-151.1191,68.7,2.5,ml,,,,0.58,ak,ak0237b6asb9,2023-06-14T17:27:23.916Z,"32 km W of Susitna, Alaska",earthquake,,0.3,,,reviewed,ak,ak
2023-06-08T13:18:18.370Z,19.1931667327881,-155.52766418457,34.0499992370605,1.76999998,md,36,122,,0.170000002,hv,hv73445647,2023-06-08T13:21:27.660Z,"5 km WSW of Pāhala, Hawaii",earthquake,0.66,0.939999998,0.879999995,8,automatic,hv,hv
2023-06-08T13:00:00.182Z,61.2999,-150.5153,46.3,1.2,ml,,,,0.46,ak,ak0237b5y5mz,2023-06-14T17:27:23.697Z,"27 km S of Susitna, Alaska",earthquake,,0.8,,,reviewed,ak,ak
2023-06-08T12:49:50.329Z,35.13366667,-97.722,6.33,1.25,ml,67,49,0.09538128294,0.35,ok,ok2023ldqw,2023-06-08T13:44:09.932Z,"5 km W of Blanchard, Oklahoma",earthquake,,0.6,0.2,26,reviewed,ok,ok
2023-06-08T12:49:23.280Z,58.1976666666667,-155.249833333333,2.32,-0.04,ml,8,127,,0.08,av,av91916736,2023-06-10T00:10:10.040Z,"Alaska Peninsula",earthquake,0.28,0.72,0.30885337404758,8,reviewed,av,av
2023-06-08T12:49:20.310Z,34.1368333,-117.2513333,10.16,1.2,ml,59,50,0.03101,0.14,ci,ci40480528,2023-06-09T17:52:21.823Z,"4km ENE of San Bernardino, CA",earthquake,0.15,0.26,0.121,33,reviewed,ci,ci
2023-06-08T12:44:03.861Z,-5.8941,152.565,10,4.5,mb,15,202,1.738,0.59,us,us7000k74j,2023-06-12T16:00:11.040Z,"174 km S of Kokopo, Papua New Guinea",earthquake,10.97,1.999,0.157,12,reviewed,us,us
2023-06-08T12:41:46.654Z,60.0613,-151.9376,66.3,1.5,ml,,,,0.53,ak,ak0237b5u9rm,2023-06-14T17:27:23.460Z,"15 km W of Ninilchik, Alaska",earthquake,,0.7,,,reviewed,ak,ak
2023-06-08T12:38:19.320Z,58.1806666666667,-155.283666666667,2.05,0.22,ml,8,154,,0.08,av,av91916721,2023-06-10T00:06:12.930Z,"",earthquake,0.29,0.65,0.345705908676148,8,reviewed,av,av
2023-06-08T12:36:51.670Z,17.9543333333333,-66.8691666666667,12.82,2.34,md,5,210,0.02274,0.13,pr,pr71412673,2023-06-08T13:29:21.050Z,"3 km SE of Maria Antonia, Puerto Rico",earthquake,1.37,0.67,0.0443367704672966,4,reviewed,pr,pr
2023-06-08T12:35:15.520Z,58.2078333333333,-155.225,4.58,-0.47,ml,5,148,,0.08,av,av91916716,2023-06-10T00:03:42.030Z,"84 km NNW of Karluk, Alaska",earthquake,0.38,0.83,0.350005103192705,5,reviewed,av,av
2023-06-08T12:33:53.336Z,38.6106,22.952,10,4.8,mb,113,35,1.533,0.49,us,us7000k74e,2023-06-20T09:23:55.787Z,"6 km SW of Atalánti, Greece",earthquake,2.92,1.646,0.046,148,reviewed,us,us
2023-06-08T12:32:02.630Z,53.4343333333333,-167.809166666667,10.16,-0.16,ml,5,332,,0.09,av,av91107173,2023-06-10T00:13:06.080Z,"89 km NE of Nikolski, Alaska",earthquake,2.14,0.7,0.394373237586033,5,reviewed,av,av
2023-06-08T12:31:38.500Z,58.1878333333333,-155.294333333333,2.1,-0.1,ml,7,149,,0.07,av,av91916711,2023-06-10T00:01:01.060Z,"Alaska Peninsula",earthquake,0.28,0.51,0.250493467946096,7,reviewed,av,av
2023-06-08T12:27:19.150Z,58.1921666666667,-155.282666666667,2.14,0.05,ml,7,142,,0.05,av,av91916706,2023-06-09T23:58:45.220Z,"85 km NW of Karluk, Alaska",earthquake,0.26,0.41,0.351752769723482,7,reviewed,av,av
2023-06-08T12:25:56.220Z,33.534,-116.5465,14.1,0.43,ml,15,76,0.05826,0.1,ci,ci40480512,2023-06-08T23:55:19.279Z,"12km E of Anza, CA",earthquake,0.27,0.55,0.076,10,reviewed,ci,ci
2023-06-08T12:22:37.460Z,58.268,-155.103333333333,3.48,-0.29,ml,5,118,,0.07,av,av91916701,2023-06-09T23:56:43.630Z,"86 km NNW of Karluk, Alaska",earthquake,0.41,1.03,0.217408515882714,5,reviewed,av,av
2023-06-08T12:21:06.040Z,51.4177,-176.4977,25.6,1.5,ml,,,,0.25,ak,ak0237b5pwa4,2023-06-14T17:27:28.824Z,"51 km S of Adak, Alaska",earthquake,,3.3,,,reviewed,ak,ak
2023-06-08T12:18:44.115Z,61.6498,-149.7736,33.7,1,ml,,,,0.58,ak,ak0237b5pc03,2023-06-14T17:27:23.246Z,"3 km NE of Houston, Alaska",earthquake,,1,,,reviewed,ak,ak
2023-06-08T12:17:14.280Z,40.369,-124.968,14.71,2.64,md,44,248,0.4848,0.26,nc,nc73898656,2023-06-12T14:55:32.040Z,"58km W of Petrolia, CA",earthquake,1.32,2.42,0.264,40,reviewed,nc,nc
2023-06-08T12:15:17.755Z,68.0666,-148.4407,9.1,2.3,ml,,,,0.57,ak,ak0237b5omvz,2023-06-14T19:06:42.320Z,"101 km NE of Wiseman, Alaska",earthquake,,0.3,,,reviewed,ak,ak
2023-06-08T12:14:19.234Z,53.6821,-163.4237,20.9,2,ml,,,,0.75,ak,ak0237b5ofab,2023-06-14T17:27:28.615Z,"Unimak Island region, Alaska",earthquake,,2.6,,,reviewed,ak,ak
2023-06-08T12:12:57.766Z,60.1172,-153.3303,154.5,2.2,ml,,,,0.63,ak,ak0237b5o2sz,2023-06-14T17:27:22.689Z,"Southern Alaska",earthquake,,0.3,,,reviewed,ak,ak
2023-06-08T12:12:03.900Z,37.538,-118.7801667,-0.44,1.01,md,9,302,0.06488,0.06,nc,nc73898651,2023-06-08T17:31:56.313Z,"9km WSW of Toms Place, CA",earthquake,2.79,3.95,0.11,10,reviewed,nc,nc
2023-06-08T12:09:02.260Z,38.8266667,-122.8553333,3.84,0.51,md,4,169,0.01688,0.02,nc,nc73898646,2023-06-08T17:17:24.416Z,"10km WNW of The Geysers, CA",earthquake,1.64,1.57,0.095,5,reviewed,nc,nc
2023-06-08T12:08:22.023Z,52.6592,-175.2724,20.4,1.7,ml,,,,0.85,ak,ak0237b5n57e,2023-06-14T17:27:28.407Z,"Andreanof Islands, Aleutian Islands, Alaska",earthquake,,0.6,,,reviewed,ak,ak
2023-06-08T12:01:30.035Z,51.3477,-179.2463,22.2,1.9,ml,,,,0.44,ak,ak0237b5lodg,2023-06-14T17:27:22.472Z,"190 km WSW of Adak, Alaska",earthquake,,0.4,,,reviewed,ak,ak
2023-06-08T12:00:23.020Z,-40.6435,177.2701,10,4.7,mb,36,211,0.78,0.85,us,us7000k745,2023-06-09T11:47:40.921Z,"93 km ENE of Castlepoint, New Zealand",earthquake,5.63,1.948,0.134,18,reviewed,us,us
2023-06-08T11:59:42.710Z,19.2709999084473,-155.367660522461,31.8199996948242,2.24,ml,46,132,,0.170000002,hv,hv73445617,2023-06-12T14:43:32.040Z,"13 km ENE of Pāhala, Hawaii",earthquake,0.54,0.689999998,3.4,12,automatic,hv,hv
2023-06-08T11:46:36.303Z,61.7141,-149.8218,37.8,1.1,ml,,,,0.33,ak,ak0237b59vus,2023-06-14T17:27:22.256Z,"9 km N of Houston, Alaska",earthquake,,0.9,,,reviewed,ak,ak
2023-06-08T11:46:05.850Z,38.8281667,-122.7501667,0.88,0.06,md,17,147,0.01084,0.01,nc,nc71130589,2023-06-08T19:24:37.698Z,"2km WNW of Cobb, CA",earthquake,0.21,0.33,0.321,13,reviewed,nc,nc
2023-06-08T11:45:43.520Z,51.8565,-177.819833333333,-1.8,0.76,ml,5,242,,0.13,av,av91916661,2023-06-09T23:35:17.140Z,"81 km W of Adak, Alaska",earthquake,1.19,1.75,0.225917316533346,5,reviewed,av,av
2023-06-08T11:45:00.770Z,38.818,-122.8226667,2.41,0.4,md,26,47,0.01044,0.04,nc,nc73898641,2023-06-08T20:31:14.715Z,"7km NW of The Geysers, CA",earthquake,0.2,0.3,0.119,26,reviewed,nc,nc
2023-06-08T11:41:15.380Z,38.836834,-122.8059998,2.02,0.77,md,13,60,0.01233,0.01,nc,nc73898636,2023-06-08T13:34:12.089Z,"7km WNW of Cobb, CA",earthquake,0.32,0.66,0.16,16,automatic,nc,nc
2023-06-08T11:41:02.680Z,58.1815,-155.322666666667,2.17,-0.15,ml,7,162,,0.07,av,av91916656,2023-06-09T23:28:59.510Z,"Alaska Peninsula",earthquake,0.3,0.52,0.319514505126076,7,reviewed,av,av
2023-06-08T11:39:11.470Z,51.8533333333333,-177.815166666667,2.88,1.18,ml,5,245,,0.06,av,av91916651,2023-06-09T23:26:47.890Z,"81 km W of Adak, Alaska",earthquake,0.49,0.61,0.204000202301793,5,reviewed,av,av
2023-06-08T11:38:00.470Z,33.361,-116.3638333,10.96,1.28,ml,46,67,0.1028,0.22,ci,ci40480480,2023-06-08T13:23:57.979Z,"12km N of Borrego Springs, CA",earthquake,0.28,0.91,0.157,26,reviewed,ci,ci
2023-06-08T11:26:18.370Z,19.2611675262451,-155.369506835938,30.7700004577637,2.19,ml,51,137,,0.150000006,hv,hv73445592,2023-06-12T14:31:28.040Z,"13 km ENE of Pāhala, Hawaii",earthquake,0.52,0.589999974,2.54,13,automatic,hv,hv
2023-06-08T11:19:10.140Z,58.174,-155.342333333333,1.82,-0.28,ml,7,118,,0.05,av,av91916641,2023-06-09T23:21:41.420Z,"85 km NW of Karluk, Alaska",earthquake,0.2,0.49,0.249299796939724,7,reviewed,av,av
2023-06-08T11:14:03.830Z,36.0851667,-120.2135,8.18,1.64,md,30,207,0.05531,0.06,nc,nc73898631,2023-06-08T19:52:14.473Z,"12km NW of Avenal, CA",earthquake,0.31,0.3,0.272,34,reviewed,nc,nc
2023-06-08T11:09:41.390Z,51.8368333333333,-178.103833333333,10.02,1.08,ml,5,230,,0.1,av,av91916631,2023-06-09T23:09:12.500Z,"101 km W of Adak, Alaska",earthquake,0.69,0.57,0.294230990101758,5,reviewed,av,av
2023-06-08T11:03:02.352Z,51.8772,178.5347,119,2.4,ml,,,,0.65,ak,ak0237b50li3,2023-06-14T17:27:28.197Z,"Rat Islands, Aleutian Islands, Alaska",earthquake,,1.1,,,reviewed,ak,ak
2023-06-08T10:57:32.570Z,58.2313333333333,-155.159,2.62,0.32,ml,5,220,,0.09,av,av91107163,2023-06-09T23:03:34.860Z,"84 km NNW of Karluk, Alaska",earthquake,0.46,0.52,0.15834451071085,5,reviewed,av,av
2023-06-08T10:53:39.552Z,56.2203,-149.1973,10,4.3,mb,83,144,2.426,0.36,us,us7000k740,2023-06-14T19:06:42.001Z,"243 km SE of Chiniak, Alaska",earthquake,7.79,1.953,0.065,68,reviewed,us,us
2023-06-08T10:46:51.070Z,58.1918333333333,-155.267833333333,2.73,-0.62,ml,5,164,,0.05,av,av91916601,2023-06-09T22:51:14.620Z,"84 km NW of Karluk, Alaska",earthquake,0.28,0.62,0.0891937469890912,5,reviewed,av,av
2023-06-08T10:46:42.214Z,64.7824,-148.7292,18.7,0.7,ml,,,,0.68,ak,ak0237b4ogr1,2023-06-14T17:27:21.693Z,"27 km NE of Four Mile Road, Alaska",earthquake,,0.1,,,reviewed,ak,ak
2023-06-08T10:46:06.460Z,33.3356667,-116.313,9.05,0.82,ml,24,131,0.1102,0.18,ci,ci40480456,2023-06-08T13:24:16.031Z,"11km NNE of Borrego Springs, CA",earthquake,0.38,1.12,0.124,17,reviewed,ci,ci
2023-06-08T10:44:03.559Z,62.9375,-148.261,71.6,1.2,ml,,,,0.63,ak,ak0237b4nycj,2023-06-14T17:27:27.977Z,"61 km SE of Cantwell, Alaska",earthquake,,0.8,,,reviewed,ak,ak
2023-06-08T10:41:07.896Z,60.8913,-150.3569,40.7,1.8,ml,,,,0.54,ak,ak0237b4nbho,2023-06-14T17:27:21.430Z,"18 km ESE of Point Possession, Alaska",earthquake,,0.5,,,reviewed,ak,ak
2023-06-08T10:39:35.790Z,58.1806666666667,-155.322666666667,1.08,-0.23,ml,6,107,,0.07,av,av91916591,2023-06-09T22:49:03.790Z,"85 km NW of Karluk, Alaska",earthquake,0.23,0.9,0.273693497235332,6,reviewed,av,av
2023-06-08T10:37:14.060Z,33.8168333,-118.2766667,7.61,1.41,ml,26,76,0.06909,0.35,ci,ci40480448,2023-06-08T22:16:32.683Z,"2km SSE of Carson, CA",earthquake,0.65,1.26,0.304,30,automatic,ci,ci
2023-06-08T10:35:55.610Z,55.0566666666667,-162.2515,2.51,0.1,ml,5,140,,0.1,av,av91916586,2023-06-09T22:46:53.640Z,"Alaska Peninsula",earthquake,0.34,0.87,0.542078402478197,5,reviewed,av,av
2023-06-08T10:35:24.262Z,36.7517,-115.9107,12.5,1.5,ml,31,92.73,0.054,0.1132,nn,nn00861013,2023-06-08T14:32:54.881Z,"29 km NW of Indian Springs, Nevada",earthquake,,0.9,0.32,15,reviewed,nn,nn
2023-06-08T10:34:28.530Z,37.9078,141.5618,60.284,4.5,mb,53,121,2.904,0.75,us,us7000k73x,2023-06-12T14:20:33.040Z,"57 km ENE of Sōma, Japan",earthquake,8.97,8.546,0.093,34,reviewed,us,us
2023-06-08T10:34:11.500Z,36.2836666666667,-89.513,7.94,1.62,md,18,86,0.02766,0.06,nm,nm60528071,2023-06-08T13:29:27.900Z,"",earthquake,0.28,0.51,0.0865837978809545,15,reviewed,nm,nm
2023-06-08T10:31:30.710Z,33.8231667,-118.2508333,11.58,2.54,ml,94,62,0.04515,0.25,ci,ci40480440,2023-06-12T09:54:11.040Z,"3km ESE of Carson, CA",earthquake,0.2,0.32,0.195,26,reviewed,ci,ci
2023-06-08T10:27:15.630Z,38.8223343,-122.7843323,2.05,0.76,md,6,132,0.01389,0.02,nc,nc73898626,2023-06-08T12:42:13.763Z,"5km W of Cobb, CA",earthquake,0.8,1.76,0.46,9,automatic,nc,nc
2023-06-08T10:25:27.266Z,51.3827,-177.6604,29.9,1.7,ml,,,,0.48,ak,ak0237b4jxkm,2023-06-14T17:27:27.756Z,"89 km SW of Adak, Alaska",earthquake,,4.8,,,reviewed,ak,ak
2023-06-08T10:21:46.509Z,61.5406,-150.0533,36,1.1,ml,,,,0.68,ak,ak0237b4j43w,2023-06-14T17:38:22.649Z,"5 km WNW of Big Lake, Alaska",earthquake,,0.7,,,reviewed,ak,ak
2023-06-08T10:19:46.050Z,58.1831666666667,-155.298833333333,1.84,-0.34,ml,6,155,,0.06,av,av91916571,2023-06-09T22:42:59.740Z,"84 km NW of Karluk, Alaska",earthquake,0.24,0.61,0.256232253473562,6,reviewed,av,av
2023-06-08T10:13:40.930Z,38.8301667,-122.8165,1.98,0.27,md,16,54,0.008421,0.04,nc,nc73898621,2023-06-08T18:08:30.238Z,"8km NW of The Geysers, CA",earthquake,0.28,0.52,0.163,5,reviewed,nc,nc
2023-06-08T10:07:39.320Z,58.1858333333333,-155.320166666667,1.03,0.01,ml,7,103,,0.08,av,av91916561,2023-06-09T22:40:44.860Z,"Alaska Peninsula",earthquake,0.25,0.75,0.271136466493032,7,reviewed,av,av
2023-06-08T10:03:37.210Z,19.2501659393311,-155.413665771484,33.1199989318848,2.20000005,md,43,124,,0.109999999,hv,hv73445547,2023-06-08T10:09:08.300Z,"8 km NE of Pāhala, Hawaii",earthquake,0.57,0.819999993,1.80999994,26,automatic,hv,hv
2023-06-08T10:00:58.910Z,47.4285,-113.141,4.99,0.81,ml,12,98,0.3039,0.29,mb,mb90017403,2023-06-08T21:03:02.170Z,"37 km NE of Seeley Lake, Montana",earthquake,0.51,15.49,0.230793602239828,3,reviewed,mb,mb
2023-06-08T10:00:46.979Z,51.5743,-176.3748,40.6,1.9,ml,,,,0.31,ak,ak0237b4em60,2023-06-14T17:27:21.007Z,"Andreanof Islands, Aleutian Islands, Alaska",earthquake,,0.6,,,reviewed,ak,ak
2023-06-08T09:56:36.980Z,34.3683333,-119.397,0.86,1.13,ml,12,176,0.08614,0.15,ci,ci40480432,2023-06-08T21:22:21.759Z,"12km ESE of Carpinteria, CA",earthquake,0.56,0.68,0.076,10,reviewed,ci,ci
2023-06-08T09:54:08.520Z,58.1786666666667,-155.322666666667,2.16,0.24,ml,8,108,,0.07,av,av91916546,2023-06-09T22:37:37.030Z,"85 km NW of Karluk, Alaska",earthquake,0.23,0.54,0.36917321604359,8,reviewed,av,av
2023-06-08T09:52:42.570Z,40.5176667,-124.4431667,20.07,1.87,md,31,210,0.0909,0.16,nc,nc73898611,2023-06-08T22:12:14.352Z,"16km WSW of Ferndale, CA",earthquake,0.8,0.32,0.204,18,reviewed,nc,nc
2023-06-08T09:52:27.628Z,63.1857,-151.3239,3.4,1.5,ml,,,,0.96,ak,ak0237b44ac1,2023-06-14T17:27:20.759Z,"44 km SSE of Denali National Park, Alaska",earthquake,,0.3,,,reviewed,ak,ak
2023-06-08T09:46:41.410Z,34.3413333,-119.4131667,0.01,1.56,ml,29,144,0.1027,0.24,ci,ci40480424,2023-06-08T21:18:31.433Z,"12km ESE of Carpinteria, CA",earthquake,0.46,0.61,0.118,18,reviewed,ci,ci
2023-06-08T09:46:08.870Z,58.1866666666667,-155.292166666667,2.11,-0.04,ml,8,94,,0.07,av,av91916536,2023-06-09T22:35:27.240Z,"84 km NW of Karluk, Alaska",earthquake,0.22,0.51,0.264265944484456,8,reviewed,av,av
2023-06-08T09:39:22.840Z,58.1836666666667,-155.292166666667,1.17,-0.38,ml,6,153,,0.05,av,av91916526,2023-06-09T22:33:09.420Z,"84 km NW of Karluk, Alaska",earthquake,0.23,0.86,0.22781965038557,6,reviewed,av,av
2023-06-08T09:37:02.020Z,58.1738333333333,-155.322833333333,1.96,-0.19,ml,6,111,,0.05,av,av91107158,2023-06-09T22:30:27.350Z,"84 km NW of Karluk, Alaska",earthquake,0.22,0.79,0.236143712068285,6,reviewed,av,av
2023-06-08T09:36:44.520Z,58.1728333333333,-155.320833333333,0.61,-0.27,ml,6,111,,0.04,av,av91916521,2023-06-09T22:28:07.500Z,"84 km NW of Karluk, Alaska",earthquake,0.2,1.29,0.2185459657265,6,reviewed,av,av
2023-06-08T09:35:52.290Z,58.1763333333333,-155.3245,1.24,0.26,ml,6,126,,0.06,av,av91916516,2023-06-09T22:21:54.760Z,"85 km NW of Karluk, Alaska",earthquake,0.25,0.92,0.381025915835604,6,reviewed,av,av
2023-06-08T09:31:45.312Z,36.6608,-116.2655,6.9,-0.4,ml,7,181.98,0.061,0.0762,nn,nn00861019,2023-06-08T14:54:41.384Z,"51 km ESE of Beatty, Nevada",earthquake,,3.3,0.05,2,reviewed,nn,nn
2023-06-08T09:30:27.210Z,-5.6941,151.9928,40.841,4.5,mb,26,151,1.503,0.6,us,us7000k8fr,2023-06-15T10:44:54.040Z,"152 km SSW of Kokopo, Papua New Guinea",earthquake,11.78,8.503,0.111,24,reviewed,us,us
2023-06-08T09:28:48.760Z,34.1625,-118.3271667,3.75,0.63,ml,17,90,0.03032,0.12,ci,ci40480416,2023-06-08T20:49:02.807Z,"3km SW of Burbank, CA",earthquake,0.22,0.61,0.125,12,reviewed,ci,ci
2023-06-08T09:28:04.007Z,51.4155,-176.0897,22.3,1.6,ml,,,,0.44,ak,ak0237b3z3bk,2023-06-14T17:27:27.552Z,"63 km SE of Adak, Alaska",earthquake,,0.7,,,reviewed,ak,ak
2023-06-08T09:26:38.532Z,62.2173,-150.3105,56.9,1.1,ml,,,,0.29,ak,ak0237b3yqjx,2023-06-14T17:27:27.356Z,"11 km SSW of Trapper Creek, Alaska",earthquake,,1.3,,,reviewed,ak,ak
2023-06-08T09:24:07.970Z,58.1701666666667,-155.326,0.18,-0.27,ml,5,176,,0.05,av,av91916496,2023-06-09T22:15:05.990Z,"",earthquake,0.24,1.96,0.221736882121288,5,reviewed,av,av
2023-06-08T09:22:23.751Z,64.9613,-152.2141,10.6,0.9,ml,,,,1.02,ak,ak0237b3xuii,2023-06-14T17:27:20.548Z,"24 km SSW of Tanana, Alaska",earthquake,,0.3,,,reviewed,ak,ak
2023-06-08T09:19:28.575Z,-22.3537,170.269,17.673,5.7,mww,117,57,2.623,0.95,us,us7000k73m,2023-06-15T18:15:46.040Z,"262 km ESE of Tadine, New Caledonia",earthquake,7.24,3.651,0.063,24,reviewed,us,us
2023-06-08T09:17:54.673Z,59.0764,-137.9244,4.2,1.4,ml,,,,0.84,ak,ak0237b3wu9r,2023-06-14T19:06:43.526Z,"114 km WSW of Covenant Life, Alaska",earthquake,,0.9,,,reviewed,ak,ak
2023-06-08T09:16:49.510Z,37.5896667,-118.7071667,8.42,0.92,md,15,163,0.04142,0.03,nc,nc73898606,2023-06-08T17:25:25.394Z,"4km NW of Toms Place, CA",earthquake,0.53,1.1,0.103,14,reviewed,nc,nc
2023-06-08T09:16:22.100Z,38.8143349,-122.8294983,1.66,0.88,md,10,95,0.005465,0.04,nc,nc73898601,2023-06-08T11:23:14.288Z,"8km WNW of The Geysers, CA",earthquake,0.39,0.82,0.13,10,automatic,nc,nc
2023-06-08T09:13:40.106Z,60.7694,-147.2873,25.1,1.4,ml,,,,0.67,ak,ak0237b3vybf,2023-06-14T17:27:20.320Z,"34 km WSW of Tatitlek, Alaska",earthquake,,0.4,,,reviewed,ak,ak
2023-06-08T09:12:03.600Z,38.8395004,-122.8766632,2.26,0.95,md,13,93,0.005454,0.03,nc,nc73898591,2023-06-08T10:56:13.128Z,"12km WNW of The Geysers, CA",earthquake,0.32,0.52,0.23,13,automatic,nc,nc
2023-06-08T09:11:57.810Z,58.18,-155.309666666667,2.27,-0.34,ml,7,103,,0.06,av,av91916491,2023-06-09T22:11:38.060Z,"84 km NW of Karluk, Alaska",earthquake,0.26,0.53,0.248820076735827,7,reviewed,av,av
2023-06-08T09:11:01.315Z,60.3812,-150.6258,11,1.4,ml,,,,0.66,ak,ak0237b3vg62,2023-06-14T17:27:20.109Z,"15 km SSE of Funny River, Alaska",earthquake,,0.4,,,reviewed,ak,ak
2023-06-08T09:10:05.240Z,40.5838333,-124.1311667,17.2,1.71,md,25,46,0.09101,0.13,nc,nc73898596,2023-06-08T21:45:14.190Z,"3km SE of Fortuna, CA",earthquake,0.3,0.57,0.257,19,reviewed,nc,nc
2023-06-08T09:08:25.510Z,58.1738333333333,-155.33,1.4,-0.24,ml,7,114,,0.03,av,av91916481,2023-06-09T22:01:13.320Z,"Alaska Peninsula",earthquake,0.22,0.82,0.210347132315604,7,reviewed,av,av
2023-06-08T09:08:13.200Z,58.174,-155.330166666667,1.94,0.24,ml,8,113,,0.06,av,av91107153,2023-06-09T22:04:10.570Z,"85 km NW of Karluk, Alaska",earthquake,0.21,0.56,0.293022066577472,8,reviewed,av,av
2023-06-08T09:04:47.780Z,35.36016667,-98.0935,7.41,1.23,ml,79,56,0.082783755,0.42,ok,ok2023ldjl,2023-06-08T12:43:41.829Z,"14 km WSW of Union City, Oklahoma",earthquake,,0.7,0.21,30,reviewed,ok,ok
2023-06-08T09:03:14.352Z,61.4069,-145.0239,9.9,1.3,ml,,,,0.76,ak,ak0237b3tr6x,2023-06-14T17:27:19.878Z,"Southern Alaska",earthquake,,0.3,,,reviewed,ak,ak
2023-06-08T08:56:58.300Z,58.244,-155.099166666667,4.82,-0.08,ml,8,91,,0.24,av,av91916476,2023-06-09T21:10:57.180Z,"84 km NNW of Karluk, Alaska",earthquake,0.52,1.14,0.11450416750862,8,reviewed,av,av
2023-06-08T08:54:16.780Z,17.953,-66.8425,17.73,2.52,md,11,199,0.04129,0.15,pr,pr71412658,2023-06-08T09:06:03.150Z,"Puerto Rico region",earthquake,0.68,0.39,0.0545262432633338,6,reviewed,pr,pr
2023-06-08T08:52:30.297Z,60.9275,-151.6596,75.6,1.5,ml,,,,0.71,ak,ak0237b3iux4,2023-06-14T17:27:19.454Z,"32 km WSW of Tyonek, Alaska",earthquake,,0.6,,,reviewed,ak,ak
2023-06-08T08:51:37.030Z,63.2522,-151.6928,6,0.8,ml,,,,0.83,ak,ak0237b3inq2,2023-06-14T17:27:19.673Z,"Central Alaska",earthquake,,0.4,,,reviewed,ak,ak
2023-06-08T08:44:54.880Z,54.1455,-165.968,2.95,-0.13,ml,9,60,,0.26,av,av91916471,2023-06-09T21:04:12.320Z,"12 km W of Akutan, Alaska",earthquake,0.3,0.53,0.230262943417045,9,reviewed,av,av
2023-06-08T08:42:25.710Z,69.1718,-144.5265,12.7,2.6,ml,,,,0.6,ak,ak0237b3gpgv,2023-06-14T19:06:41.747Z,"northern Alaska",earthquake,,0.9,,,reviewed,ak,ak
2023-06-08T08:40:12.600Z,54.146,-165.9665,3.86,0.39,ml,12,63,,0.33,av,av91916466,2023-06-09T21:11:57.690Z,"12 km W of Akutan, Alaska",earthquake,0.36,0.56,0.188299488055404,12,reviewed,av,av
2023-06-08T08:38:40.064Z,59.0572,-152.8438,60.9,1.9,ml,,,,0.51,ak,ak0237b3fvl1,2023-06-14T17:27:18.945Z,"62 km WSW of Nanwalek, Alaska",earthquake,,0.5,,,reviewed,ak,ak
2023-06-08T08:31:16.280Z,58.1745,-155.297833333333,1.96,-0.36,ml,6,165,,0.06,av,av91916461,2023-06-09T20:41:57.700Z,"83 km NW of Karluk, Alaska",earthquake,0.25,0.44,0.0899001438258463,6,reviewed,av,av
2023-06-08T08:30:19.070Z,55.5121666666667,-161.6005,13.11,0.53,ml,4,310,,0.26,av,av91916456,2023-06-10T17:30:38.120Z,"Alaska Peninsula",earthquake,2.24,4.26,0.187010884893306,4,reviewed,av,av
2023-06-08T08:29:21.710Z,38.840168,-122.8099976,1.97,1.04,md,19,55,0.01545,0.03,nc,nc73898586,2023-06-08T10:30:11.967Z,"8km WNW of Cobb, CA",earthquake,0.22,0.62,0.2,22,automatic,nc,nc
2023-06-08T08:29:11.240Z,33.8506667,-117.8631667,7.71,1.27,ml,48,59,0.005233,0.2,ci,ci40480408,2023-06-08T20:47:12.280Z,"2km SSE of Placentia, CA",earthquake,0.2,0.33,0.16,28,reviewed,ci,ci
2023-06-08T08:27:41.200Z,58.1751666666667,-155.329,1.8,-0.26,ml,7,171,,0.06,av,av91916451,2023-06-09T20:30:13.090Z,"Alaska Peninsula",earthquake,0.24,0.44,0.26735860996372,7,reviewed,av,av
2023-06-08T08:22:06.868Z,59.7766,-152.4737,70.1,1.7,ml,,,,0.51,ak,ak0237b3cdn2,2023-06-14T17:27:26.859Z,"36 km W of Anchor Point, Alaska",earthquake,,0.4,,,reviewed,ak,ak
2023-06-08T08:19:05.850Z,58.1788333333333,-155.3375,1.15,-0.35,ml,6,168,,0.06,av,av91916446,2023-06-09T20:24:35.150Z,"85 km NW of Karluk, Alaska",earthquake,0.22,0.76,0.158504505422334,6,reviewed,av,av
2023-06-08T08:17:47.500Z,58.2811666666667,-154.993333333333,3.62,0.73,ml,12,144,,0.16,av,av91916441,2023-06-14T17:25:18.115Z,"85 km NNW of Karluk, Alaska",earthquake,0.31,0.57,0.269480201106056,12,reviewed,av,av
2023-06-08T08:10:46.250Z,51.8525,-177.818166666667,2.81,0.11,ml,4,241,,0.09,av,av91916431,2023-06-09T20:17:42.140Z,"81 km W of Adak, Alaska",earthquake,0.65,1.24,0.21876475916321,4,reviewed,av,av
2023-06-08T08:09:44.760Z,58.212,-155.213166666667,4.46,0.09,ml,8,118,,0.09,av,av91916426,2023-06-09T20:08:58.280Z,"84 km NNW of Karluk, Alaska",earthquake,0.29,0.56,0.277233346817804,8,reviewed,av,av
2023-06-08T08:08:40.240Z,58.2118333333333,-155.2205,4.48,-0.23,ml,5,151,,0.1,av,av91916421,2023-06-09T20:03:49.510Z,"84 km NNW of Karluk, Alaska",earthquake,0.44,0.88,0.156053332526556,5,reviewed,av,av
2023-06-08T08:08:31.110Z,58.2086666666667,-155.214,2.25,-0.17,ml,4,156,,0.05,av,av91107143,2023-06-09T20:06:10.400Z,"84 km NNW of Karluk, Alaska",earthquake,0.31,1.56,0.365995461067054,4,reviewed,av,av
2023-06-08T08:00:50.390Z,33.9601667,-117.2096667,13.11,0.71,ml,21,123,0.03321,0.13,ci,ci40480400,2023-06-08T20:30:34.329Z,"4km NNE of Moreno Valley, CA",earthquake,0.21,0.5,0.099,13,reviewed,ci,ci
2023-06-08T08:00:10.520Z,19.1886672973633,-155.489501953125,31.7299995422363,2.1400001,md,44,76,,0.109999999,hv,hv73445492,2023-06-08T08:03:27.070Z,"1 km SW of Pāhala, Hawaii",earthquake,0.49,0.680000007,0.970000029,16,automatic,hv,hv
2023-06-08T07:57:04.307Z,53.4783,-165.173,25.6,1.6,ml,,,,0.28,ak,ak0237b2yfwh,2023-06-15T14:56:10.357Z,"83 km SSE of Akutan, Alaska",earthquake,,2.2,,,reviewed,ak,ak
2023-06-08T07:54:36.707Z,62.2796,-149.7306,4.3,2.4,ml,,,,0.96,ak,ak0237b2xv9q,2023-06-15T03:30:12.787Z,"14 km NNE of Susitna North, Alaska",earthquake,,0.2,,,reviewed,ak,ak
2023-06-08T07:49:11.107Z,-29.112,-178.5036,211.252,4.6,mb,20,73,0.532,1.22,us,us7000k72k,2023-06-08T08:07:25.040Z,"Kermadec Islands, New Zealand",earthquake,10.88,5.798,0.136,16,reviewed,us,us
2023-06-08T07:47:36.476Z,31.57329088,-104.1751356,4.923291016,2,ml,18,69,0.09009388361,0.2,tx,tx2023ldgx,2023-06-08T19:19:16.596Z,"46 km NW of Toyah, Texas",earthquake,1.24786279,2.18594274,0.1,6,reviewed,tx,tx
2023-06-08T07:44:34.100Z,58.1693333333333,-155.333,0.31,0.28,ml,6,179,,0.04,av,av91916406,2023-06-09T19:45:45.260Z,"84 km NW of Karluk, Alaska",earthquake,0.24,1.66,0.257038905690689,6,reviewed,av,av
2023-06-08T07:43:15.740Z,58.2085,-155.223333333333,4.45,0.41,ml,9,111,,0.1,av,av91916401,2023-06-09T19:39:08.560Z,"84 km NNW of Karluk, Alaska",earthquake,0.26,0.58,0.229165016404231,9,reviewed,av,av
2023-06-08T07:42:42.806Z,61.9481,-149.6219,13.7,2.1,ml,,,,0.74,ak,ak0237b2vb46,2023-06-15T03:30:12.484Z,"26 km SSE of Susitna North, Alaska",earthquake,,0.3,,,reviewed,ak,ak
2023-06-08T07:40:56.760Z,38.5806667,-121.9495,2.95,0.99,md,9,85,0.07371,0.09,nc,nc73898581,2023-06-08T16:44:15.434Z,"6km NNE of Winters, CA",earthquake,0.62,4.62,0.113,11,reviewed,nc,nc
2023-06-08T07:32:51.510Z,-5.6556,151.9581,10,5.2,mb,79,100,6.042,0.68,us,us7000k72g,2023-06-08T07:49:41.040Z,"149 km SSW of Kokopo, Papua New Guinea",earthquake,9.12,1.884,0.072,63,reviewed,us,us
2023-06-08T07:32:03.890Z,36.2533333333333,-89.4516666666667,7.1,1.63,md,14,50,0.03423,0.04,nm,nm60528066,2023-06-08T12:49:01.800Z,"3 km ESE of Ridgely, Tennessee",earthquake,0.23,0.59,0.132788484912141,12,reviewed,nm,nm
2023-06-08T07:29:25.921Z,59.8389,-152.8931,101.8,2.3,ml,,,,0.89,ak,ak0237b2shg2,2023-06-15T03:30:12.133Z,"59 km W of Anchor Point, Alaska",earthquake,,0.3,,,reviewed,ak,ak
2023-06-08T07:27:36.130Z,44.6568333333333,-114.362666666667,6.58,1.65,ml,16,82,0.3587,0.2,mb,mb90017168,2023-06-08T19:40:31.050Z,"southern Idaho",earthquake,0.57,1.07,0.265118734850225,15,reviewed,mb,mb
2023-06-08T07:14:46.720Z,58.2106666666667,-155.117,-2.2,-0.07,ml,7,94,,0.19,av,av91916381,2023-06-10T04:45:32.420Z,"81 km NNW of Karluk, Alaska",earthquake,0.33,4.08,0.309431080672562,7,reviewed,av,av
2023-06-08T07:02:16.510Z,61.6765,-149.6666,39.1,1.2,ml,,,,0.58,ak,ak0237b2mogj,2023-06-15T03:30:15.197Z,"6 km NNW of Meadow Lakes, Alaska",earthquake,,0.4,,,reviewed,ak,ak
2023-06-08T06:54:38.291Z,-40.4787,177.1605,10,4.4,mb,14,128,0.725,1.85,us,us7000k72d,2023-06-08T09:33:16.082Z,"",earthquake,5.03,1.879,0.219,6,reviewed,us,us
2023-06-08T06:54:18.870Z,38.8388329,-122.8103333,1.86,1.09,md,22,64,0.01542,0.03,nc,nc73898576,2023-06-08T07:23:17.901Z,"8km WNW of Cobb, CA",earthquake,0.23,0.46,0.1,23,automatic,nc,nc
2023-06-08T06:54:00.030Z,38.8393326,-122.8101654,1.75,1.02,md,18,52,0.01551,0.03,nc,nc73898571,2023-06-08T07:11:17.824Z,"8km WNW of Cobb, CA",earthquake,0.22,0.53,0.13,19,automatic,nc,nc
2023-06-08T06:53:48.890Z,58.191,-155.293,1.31,-0.94,ml,4,146,,0.02,av,av91107128,2023-06-09T19:29:14.950Z,"85 km NW of Karluk, Alaska",earthquake,0.27,0.69,0.233963024536668,4,reviewed,av,av
2023-06-08T06:53:12.680Z,58.1915,-155.276833333333,1.46,-0.38,ml,6,141,,0.06,av,av91916376,2023-06-09T19:23:42.650Z,"84 km NW of Karluk, Alaska",earthquake,0.21,0.8,0.231579705247531,6,reviewed,av,av
2023-06-08T06:52:06.290Z,35.94833333,-97.80083333,7.5,1.08,ml,38,52,0.1520701586,0.35,ok,ok2023ldfc,2023-06-08T13:34:32.867Z,"10 km ESE of Dover, Oklahoma",earthquake,,1,0.19,19,reviewed,ok,ok
2023-06-08T06:43:29.260Z,36.567,-98.58116667,8.4,0.75,ml,27,93,0.07378552076,0.21,ok,ok2023ldeu,2023-06-09T13:15:36.918Z,"10 km S of Dacoma, Oklahoma",earthquake,,0.8,0.27,11,reviewed,ok,ok
2023-06-08T06:39:26.937Z,37.2685,-117.6173,8.5,1,ml,8,93.18,0.042,0.1118,nn,nn00861009,2023-06-08T14:26:36.833Z,"54 km S of Silver Peak, Nevada",earthquake,,2.5,0.85,7,reviewed,nn,nn
2023-06-08T06:37:59.133Z,60.0081,-151.4649,68.4,1.5,ml,,,,0.49,ak,ak0237b28u7d,2023-06-15T03:30:14.986Z,"12 km ESE of Ninilchik, Alaska",earthquake,,0.7,,,reviewed,ak,ak
2023-06-08T06:33:13.340Z,19.1996669769287,-155.502334594727,34.8499984741211,2.19,ml,44,78,,0.129999995,hv,hv73445437,2023-06-08T06:49:56.040Z,"2 km W of Pāhala, Hawaii",earthquake,0.5,0.779999971,3.11,8,automatic,hv,hv
2023-06-08T06:30:47.450Z,19.328,-155.200333333333,2.28,2.38,ml,53,115,,0.14,hv,hv73445432,2023-06-08T20:45:02.800Z,"13 km SSE of Volcano, Hawaii",earthquake,0.24,0.47,0.16434109292004,14,reviewed,hv,hv
2023-06-08T06:26:31.600Z,37.4868333,-121.8361667,7.02,0.95,md,19,86,0.02825,0.06,nc,nc73898566,2023-06-08T17:15:54.284Z,"9km NE of Milpitas, CA",earthquake,0.23,0.35,0.327,18,reviewed,nc,nc
2023-06-08T06:23:05.759Z,-53.8233,140.3199,10,4.8,mb,20,130,16.642,0.58,us,us7000k72a,2023-06-08T06:43:16.040Z,"west of Macquarie Island",earthquake,16.79,1.919,0.131,18,reviewed,us,us
2023-06-08T06:22:16.760Z,38.8111649,-122.8235016,2.43,0.75,md,10,78,0.004993,0.01,nc,nc73898561,2023-06-08T06:39:16.628Z,"7km WNW of The Geysers, CA",earthquake,0.44,0.79,0.15,13,automatic,nc,nc
2023-06-08T06:02:16.980Z,35.5075,-118.3891667,8.41,0.94,ml,20,66,0.1697,0.14,ci,ci40480384,2023-06-08T20:23:52.793Z,"13km SE of Bodfish, CA",earthquake,0.22,0.9,0.128,11,reviewed,ci,ci
2023-06-08T05:59:23.780Z,47.7136666666667,-113.930666666667,16.42,-0.05,ml,4,212,0.1594,0.03,mb,mb90017398,2023-06-08T20:52:30.760Z,"10 km ESE of Finley Point, Montana",earthquake,0.66,1.67,0.449860960458285,2,reviewed,mb,mb
2023-06-08T05:58:47.203Z,61.2028,-150.2094,43.9,1.2,ml,,,,0.74,ak,ak0237b1rvps,2023-06-15T03:30:14.773Z,"16 km W of Anchorage, Alaska",earthquake,,0.6,,,reviewed,ak,ak
2023-06-08T05:55:58.300Z,47.7111666666667,-113.91,17.52,0.49,ml,11,109,0.1669,0.07,mb,mb90017163,2023-06-08T13:51:53.180Z,"11 km ESE of Finley Point, Montana",earthquake,0.5,0.97,0.158895939206088,4,reviewed,mb,mb
2023-06-08T05:55:52.480Z,52.3858333333333,-174.154166666667,-3.2,0.42,ml,5,146,,0.17,av,av91916346,2023-06-09T19:17:09.360Z,"21 km N of Atka, Alaska",earthquake,0.52,0.89,0.439695685076523,5,reviewed,av,av
2023-06-08T05:55:45.689Z,35.8255,-97.86166667,7.52,1.36,ml,79,39,0.1646676866,0.36,ok,ok2023lddf,2023-06-09T13:01:47.170Z,"7 km ESE of Kingfisher, Oklahoma",earthquake,,1.1,0.2,36,reviewed,ok,ok
2023-06-08T05:50:04.759Z,35.363,-98.08083333,6.83,1.52,ml,70,55,0.07378552076,0.27,ok,ok2023ldda,2023-06-08T13:12:02.101Z,"13 km WSW of Union City, Oklahoma",earthquake,,0.5,0.21,28,reviewed,ok,ok
2023-06-08T05:48:41.670Z,44.6751667,-110.4698333,5.62,0.53,md,13,92,0.04788,0.21,uu,uu60033459,2023-06-08T13:25:28.160Z,"38 km SSE of Mammoth, Wyoming",earthquake,0.66,1.2,0.597,10,reviewed,uu,uu
2023-06-08T05:47:50.640Z,44.6938333,-110.4378333,8.09,1.27,ml,15,101,0.05592,0.15,uu,uu60541841,2023-06-08T13:22:21.650Z,"37 km SSE of Mammoth, Wyoming",earthquake,1.01,0.65,0.626,3,reviewed,uu,uu
2023-06-08T05:38:04.960Z,35.6423333,-118.3183333,7.41,2.05,ml,31,65,0.05932,0.14,ci,ci40480376,2023-06-08T13:25:52.150Z,"14km E of Lake Isabella, CA",earthquake,0.18,0.58,0.222,25,reviewed,ci,ci
2023-06-08T05:35:08.380Z,40.6498333,-124.4513333,7.53,1.84,md,23,221,0.1756,0.16,nc,nc73898546,2023-06-08T21:18:16.006Z,"18km WNW of Ferndale, CA",earthquake,0.48,0.58,0.055,15,reviewed,nc,nc
2023-06-08T05:35:04.850Z,65.1848,-161.9809,6.2,2.5,ml,,,,0.88,ak,ak0237b1muz9,2023-06-15T03:30:14.556Z,"47 km NW of Koyuk, Alaska",earthquake,,0.7,,,reviewed,ak,ak
2023-06-08T05:32:50.630Z,38.8453333,-122.8813333,2.83,0.36,md,19,108,0.00729,0.04,nc,nc73898541,2023-06-08T17:56:59.106Z,"13km ENE of Cloverdale, CA",earthquake,0.23,0.35,0.168,18,reviewed,nc,nc
2023-06-08T05:30:40.891Z,39.6186,-119.9678,6.3,1.6,ml,24,68.49,0.012,0.1287,nn,nn00861005,2023-06-08T14:20:24.058Z,"6 km S of Cold Springs, Nevada",earthquake,,0.9,0.07,7,reviewed,nn,nn
2023-06-08T05:30:18.120Z,47.6845,-120.33883333333333,3.54,1.01,ml,10,125,0.08012,0.04,uw,uw61931381,2023-06-08T18:49:07.630Z,"9 km W of Entiat, Washington",earthquake,0.38,1.75,0.14734902601335576,10,reviewed,uw,uw
2023-06-08T05:23:56.720Z,58.1683333333333,-155.329333333333,2.14,0.35,ml,9,117,,0.07,av,av91916336,2023-06-09T19:11:50.680Z,"Alaska Peninsula",earthquake,0.21,0.48,0.188873051809447,9,reviewed,av,av
2023-06-08T05:18:04.703Z,65.1972,-152.5277,10.8,0.8,ml,,,,0.7,ak,ak0237b1j7sj,2023-06-15T03:30:11.936Z,"21 km W of Tanana, Alaska",earthquake,,0.3,,,reviewed,ak,ak
2023-06-08T05:12:45.161Z,63.4481,-151.3282,0.5,1,ml,,,,0.4,ak,ak0237b1i0n7,2023-06-15T14:56:10.166Z,"22 km ESE of Denali National Park, Alaska",earthquake,,0.3,,,reviewed,ak,ak
2023-06-08T05:09:13.396Z,-7.4269,122.0318,546.899,4.5,mb,32,55,1.218,0.43,us,us7000k720,2023-06-08T05:23:38.040Z,"Flores Sea",earthquake,12.02,10.626,0.14,15,reviewed,us,us
2023-06-08T05:07:12.679Z,36.41183333,-96.88083333,6.51,0.64,ml,32,60,0.04049205408,0.15,ok,ok2023ldbq,2023-06-09T12:52:26.110Z,"10 km NW of Pawnee, Oklahoma",earthquake,,0.4,0.29,13,reviewed,ok,ok
2023-06-08T05:03:24.588Z,55.0352,-160.0588,23.7,1.8,ml,,,,0.36,ak,ak0237b1g1l6,2023-06-15T03:30:14.372Z,"43 km SE of Sand Point, Alaska",earthquake,,0.6,,,reviewed,ak,ak
2023-06-08T05:02:35.820Z,36.5498333,-121.1263333,2.92,1.15,md,16,122,0.02355,0.12,nc,nc73898531,2023-06-08T19:52:14.587Z,"2km NE of Pinnacles, CA",earthquake,0.37,0.52,0.187,13,reviewed,nc,nc
2023-06-08T04:58:39.840Z,58.1746666666667,-155.328,1.75,-0.27,ml,6,171,,0.07,av,av91916321,2023-06-10T04:41:21.590Z,"85 km NW of Karluk, Alaska",earthquake,0.24,0.46,0.334803393290955,6,reviewed,av,av
2023-06-08T04:56:56.435Z,38.4017,-96.8427,8.202,2.5,mb_lg,28,93,0.722,0.53,us,us7000k71z,2023-06-09T02:09:58.040Z,"14 km SE of Lincolnville, Kansas",earthquake,1.59,7.109,0.061,69,reviewed,us,us
2023-06-08T04:52:21.012Z,38.1633,-118.189,0.8,1.1,ml,8,142.7,0.164,0.2197,nn,nn00861004,2023-06-08T04:55:06.155Z,"",earthquake,,5.1,0.11,4,automatic,nn,nn
2023-06-08T04:45:24.640Z,38.8045006,-122.8186646,4.32,0.75,md,12,70,0.0093,0.04,nc,nc73898526,2023-06-08T05:29:19.215Z,"6km WNW of The Geysers, CA",earthquake,0.46,1.78,0.1,13,automatic,nc,nc
2023-06-08T04:42:42.900Z,37.9033333,-122.1206667,10.71,1.79,md,68,43,0.02994,0.13,nc,nc73898521,2023-06-08T22:56:13.642Z,"2km N of Lafayette, CA",earthquake,0.15,0.26,0.182,60,reviewed,nc,nc
2023-06-08T04:39:47.410Z,33.6611667,-116.7171667,16.89,0.21,ml,16,83,0.03698,0.11,ci,ci40480360,2023-06-08T14:01:19.764Z,"9km S of Idyllwild, CA",earthquake,0.38,0.52,0.123,10,reviewed,ci,ci
2023-06-08T04:27:52.878Z,64.2657,-147.6085,5.1,0.9,ml,,,,0.86,ak,ak0237b0ztcl,2023-06-15T03:30:11.471Z,"44 km SW of Salcha, Alaska",earthquake,,0.2,,,reviewed,ak,ak
2023-06-08T04:21:44.180Z,33.7208333,-116.8395,15.12,0.83,ml,32,103,0.07794,0.12,ci,ci40480352,2023-06-08T20:20:03.888Z,"6km ESE of Valle Vista, CA",earthquake,0.25,0.37,0.143,24,reviewed,ci,ci
2023-06-08T04:16:22.440Z,55.3906666666667,-161.7835,17.6,0.37,ml,4,159,,0.33,av,av91107113,2023-06-10T17:30:01.810Z,"50 km NE of King Cove, Alaska",earthquake,2.94,2.15,0.0535750958088674,3,reviewed,av,av
2023-06-08T04:15:16.890Z,39.3055,-122.7868333,4.82,1.89,md,40,78,0.1423,0.16,nc,nc73898516,2023-06-08T19:10:14.236Z,"19km SE of Lake Pillsbury, CA",earthquake,0.24,1.07,0.231,41,reviewed,nc,nc
2023-06-08T04:11:48.150Z,58.211,-155.202833333333,4.11,0.36,ml,11,67,,0.11,av,av91916306,2023-06-09T18:29:06.880Z,"84 km NNW of Karluk, Alaska",earthquake,0.27,0.64,0.251064127804804,11,reviewed,av,av
2023-06-08T04:08:23.289Z,62.808,-150.6575,81.6,1.5,ml,,,,0.63,ak,ak0237b0voga,2023-06-15T03:30:11.203Z,"Central Alaska",earthquake,,0.4,,,reviewed,ak,ak
2023-06-08T04:02:32.627Z,-55.4328,-1.8312,10,5.2,mww,55,59,16.308,0.57,us,us7000k71w,2023-06-26T05:20:00.040Z,"Bouvet Island region",earthquake,11.74,1.805,0.098,10,reviewed,us,us
2023-06-08T04:01:41.070Z,35.7773333,-121.3608333,6.24,1.65,md,30,199,0.1433,0.11,nc,nc73898511,2023-06-08T18:06:14.968Z,"21km NW of San Simeon, CA",earthquake,0.36,0.83,0.121,31,reviewed,nc,nc
2023-06-08T03:56:53.210Z,58.2598333333333,-155.110833333333,5,-0.26,ml,7,104,,0.18,av,av91916296,2023-06-09T18:24:49.690Z,"Alaska Peninsula",earthquake,0.55,0.76,0.135719080044181,7,reviewed,av,av
2023-06-08T03:47:23.327Z,36.6558,-116.2744,7.2,0.2,ml,20,184.59,0.053,0.1049,nn,nn00861002,2023-06-08T14:51:34.616Z,"California-Nevada border region",earthquake,,1,0.36,6,reviewed,nn,nn
2023-06-08T03:43:37.983Z,61.9223,-151.3289,83.4,1.4,ml,,,,0.57,ak,ak0237b0hs1y,2023-06-15T03:30:14.159Z,"8 km SSE of Skwentna, Alaska",earthquake,,0.8,,,reviewed,ak,ak
2023-06-08T03:38:42.721Z,37.7829,36.3251,10,4.3,mb,70,44,0.203,0.74,us,us7000k71u,2023-06-26T05:04:05.040Z,"22 km N of Andırın, Turkey",earthquake,4.72,1.891,0.104,26,reviewed,us,us
2023-06-08T03:37:57.132Z,65.6083,-147.9466,10.2,0.8,ml,,,,0.8,ak,ak0237b0gj91,2023-06-15T03:30:10.995Z,"29 km ENE of Livengood, Alaska",earthquake,,0.3,,,reviewed,ak,ak
2023-06-08T03:34:45.400Z,58.1726666666667,-155.324166666667,-2.18,-0.14,ml,7,113,,0.07,av,av91916286,2023-06-09T18:18:47.690Z,"84 km NW of Karluk, Alaska",earthquake,0.2,1.48,0.293559015274703,7,reviewed,av,av
2023-06-08T03:33:17.180Z,37.0893333,-121.8706667,8.81,1.31,md,12,162,0.01315,0.03,nc,nc73898506,2023-06-08T08:29:19.303Z,"6km N of Day Valley, CA",earthquake,0.72,0.68,0.175,12,reviewed,nc,nc
2023-06-08T03:29:39.630Z,35.36366667,-98.08383333,7.12,1.3,ml,79,55,0.07468534419,0.49,ok,ok2023lcyk,2023-06-08T13:19:30.930Z,"13 km WSW of Union City, Oklahoma",earthquake,,0.8,0.24,36,reviewed,ok,ok
2023-06-08T03:28:29.040Z,37.609,-121.6143333,13.76,1.16,md,12,119,0.0946,0.06,nc,nc73898501,2023-06-08T08:02:14.138Z,"16km ESE of Livermore, CA",earthquake,0.59,1.46,0.139,13,reviewed,nc,nc
2023-06-08T03:16:47.900Z,66.277,-157.4715,5,1.1,ml,,,,0.87,ak,ak0237b0c0j3,2023-06-15T03:30:10.805Z,"69 km SSW of Shungnak, Alaska",earthquake,,0.3,,,reviewed,ak,ak
2023-06-08T03:16:35.373Z,-20.8073,-178.2148,580.267,4.2,mb,18,84,2.837,0.66,us,us7000k8fm,2023-06-26T04:56:14.040Z,"Fiji region",earthquake,15.62,7.11,0.176,9,reviewed,us,us
2023-06-08T03:15:44.670Z,19.3351666666667,-155.183166666667,2.96,2.88,ml,51,102,,0.15,hv,hv73445337,2023-06-09T01:12:07.040Z,"13 km SSE of Volcano, Hawaii",earthquake,0.27,0.61,0.188365044765653,39,reviewed,hv,hv
2023-06-08T03:11:25.913Z,62.9117,-149.7612,69.4,1.5,ml,,,,0.78,ak,ak0237b0aw9c,2023-06-15T03:30:10.543Z,"54 km NNE of Chase, Alaska",earthquake,,0.4,,,reviewed,ak,ak
2023-06-08T03:07:41.628Z,62.2741,-149.7487,11.5,1.5,ml,,,,0.79,ak,ak0237b0a2ka,2023-06-15T03:30:10.315Z,"13 km NNE of Susitna North, Alaska",earthquake,,0.2,,,reviewed,ak,ak
2023-06-08T03:03:18.491Z,60.5687,-142.7704,17.5,1.1,ml,,,,0.63,ak,ak0237b0963h,2023-06-15T03:30:10.110Z,"96 km S of McCarthy, Alaska",earthquake,,0.1,,,reviewed,ak,ak
2023-06-08T02:59:37.910Z,58.1791666666667,-155.316333333333,0.94,-0.23,ml,5,163,,0.03,av,av91107108,2023-06-09T18:06:58.050Z,"85 km NW of Karluk, Alaska",earthquake,0.22,0.89,0.274854273838358,5,reviewed,av,av
2023-06-08T02:59:04.660Z,58.1761666666667,-155.3255,1.69,-0.15,ml,6,169,,0.05,av,av91107103,2023-06-09T18:05:16.310Z,"85 km NW of Karluk, Alaska",earthquake,0.23,0.46,0.282386940926805,6,reviewed,av,av
2023-06-08T02:56:46.549Z,-6.783,130.5007,80.141,4.3,mb,13,116,2.323,0.41,us,us7000k8fl,2023-06-26T04:33:30.040Z,"279 km WSW of Tual, Indonesia",earthquake,7.56,10.83,0.216,6,reviewed,us,us
2023-06-08T02:55:02.562Z,51.4934,-178.1119,9.5,1.7,ml,,,,0.75,ak,ak0237azyub4,2023-06-15T03:30:13.938Z,"110 km WSW of Adak, Alaska",earthquake,,0.3,,,reviewed,ak,ak
2023-06-08T02:53:20.980Z,19.1669998168945,-155.488494873047,31.4799995422363,2.25999999,md,39,103,,0.0900000036,hv,hv73445327,2023-06-08T02:56:37.960Z,"4 km SSW of Pāhala, Hawaii",earthquake,0.46,0.899999976,1.16999996,19,automatic,hv,hv
2023-06-08T02:51:36.558Z,39.618,-119.9648,6.5,2,ml,21,68.41,0.011,0.1191,nn,nn00860999,2023-06-08T03:04:52.058Z,"Nevada",earthquake,,0.9,0.41,6,reviewed,nn,nn
2023-06-08T02:51:30.910Z,58.1753333333333,-155.333333333333,1.72,-0.04,ml,8,114,,0.07,av,av91916261,2023-06-09T18:00:42.980Z,"85 km NW of Karluk, Alaska",earthquake,0.2,0.62,0.297429981914734,8,reviewed,av,av
2023-06-08T02:40:06.554Z,61.5807,-146.41,13.2,1.7,ml,,,,0.79,ak,ak0237azvmsw,2023-06-15T03:30:09.828Z,"49 km SSE of Nelchina, Alaska",earthquake,,0.3,,,reviewed,ak,ak
2023-06-08T02:33:16.190Z,58.1671666666667,-155.3865,1.25,-0.22,ml,7,140,,0.05,av,av91107098,2023-06-09T17:58:38.300Z,"86 km NW of Karluk, Alaska",earthquake,0.24,1.2,0.156650763766778,7,reviewed,av,av
2023-06-08T02:32:57.720Z,58.1713333333333,-155.390333333333,3.39,0.58,ml,11,139,,0.08,av,av91916251,2023-06-15T14:56:03.173Z,"87 km NW of Karluk, Alaska",earthquake,0.24,0.59,0.194568746141012,12,reviewed,av,av
2023-06-08T02:30:03.927Z,53.7763,-166.3413,82.13,2.7,ml,21,187,0.23,0.33,us,us7000k8l0,2023-06-21T05:19:36.040Z,"16 km SE of Unalaska, Alaska",earthquake,10.45,12.447,0.148,6,reviewed,us,us
2023-06-08T02:19:37.270Z,58.1796666666667,-155.317166666667,0.54,-0.42,ml,7,106,,0.08,av,av91916216,2023-06-09T17:49:44.490Z,"85 km NW of Karluk, Alaska",earthquake,0.22,1.13,0.283579563459121,7,reviewed,av,av
2023-06-08T02:18:45.580Z,58.175,-155.325833333333,1.08,0.26,ml,7,111,,0.06,av,av91916211,2023-06-09T17:46:26.680Z,"85 km NW of Karluk, Alaska",earthquake,0.2,0.99,0.322731839865916,7,reviewed,av,av
2023-06-08T02:14:29.850Z,38.753,-122.7101667,1.36,0.4,md,9,121,0.0123,0.03,nc,nc73898481,2023-06-08T04:34:15.011Z,"3km SSW of Anderson Springs, CA",earthquake,0.36,0.82,0.24,4,reviewed,nc,nc
2023-06-08T02:13:45.130Z,38.8134995,-122.822998,2.37,1.09,md,26,50,0.006686,0.04,nc,nc73898476,2023-06-08T03:08:13.481Z,"7km NW of The Geysers, CA",earthquake,0.2,0.36,0.13,26,automatic,nc,nc
2023-06-08T02:12:00.540Z,37.5598333,-118.8616667,3.35,1.79,md,21,161,0.03972,0.03,nc,nc73898471,2023-06-08T20:46:14.802Z,"13km SE of Mammoth Lakes, CA",earthquake,0.24,0.49,0.117,20,reviewed,nc,nc
2023-06-08T02:11:49.710Z,36.48283333,-97.17666667,7.32,1.19,ml,69,57,0.1322740433,0.32,ok,ok2023lcvs,2023-06-08T13:27:33.042Z,"2 km N of Red Rock, Oklahoma",earthquake,,0.6,0.22,30,reviewed,ok,ok
2023-06-08T02:07:20.949Z,35.7845,-98.6055,7.45,1.28,ml,55,103,0.1547696289,0.24,ok,ok2023lcvr,2023-06-09T12:41:26.634Z,"13 km ENE of Thomas, Oklahoma",earthquake,,0.6,0.19,22,reviewed,ok,ok
2023-06-08T02:07:05.280Z,58.1771666666667,-155.324666666667,1.23,-0.23,ml,5,142,,0.04,av,av91916201,2023-06-09T17:43:58.220Z,"",earthquake,0.29,0.96,0.217618224754904,5,reviewed,av,av
2023-06-08T02:06:20.400Z,58.1771666666667,-155.322333333333,1.42,-0.24,ml,6,167,,0.08,av,av91916196,2023-06-09T17:41:33.340Z,"",earthquake,0.27,0.97,0.318669982522821,6,reviewed,av,av
2023-06-08T02:05:33.030Z,58.1846666666667,-155.278166666667,1.12,-0.3,ml,7,106,,0.03,av,av91916191,2023-06-09T17:31:47.680Z,"84 km NW of Karluk, Alaska",earthquake,0.18,0.82,0.25566146214933,7,reviewed,av,av
2023-06-08T02:05:14.870Z,58.161,-155.381333333333,0.72,-0.51,ml,5,200,,0.2,av,av91107093,2023-06-09T17:35:09.860Z,"85 km NW of Karluk, Alaska",earthquake,0.71,3.73,0.393743926779794,5,reviewed,av,av
2023-06-08T02:04:35.070Z,33.5906667,-116.8126667,7.69,0.34,ml,14,100,0.04065,0.1,ci,ci40480304,2023-06-08T20:14:45.844Z,"14km WNW of Anza, CA",earthquake,0.3,0.53,0.095,6,reviewed,ci,ci
2023-06-08T02:03:40.236Z,58.1813,-155.3396,2.2,1.8,ml,,,,0.45,ak,ak0237azns05,2023-06-15T14:56:09.753Z,"86 km NW of Karluk, Alaska",earthquake,,0.1,,,reviewed,ak,ak
2023-06-08T01:51:08.780Z,37.5895,-121.8243333,7.76,1.31,md,34,65,0.03536,0.08,nc,nc73898466,2023-06-08T23:24:16.814Z,"6km ESE of Sunol, CA",earthquake,0.17,0.28,0.163,25,reviewed,nc,nc
2023-06-08T01:47:58.422Z,65.4181,-144.6781,4.5,1.1,ml,,,,0.7,ak,ak0237azbwi9,2023-06-15T03:30:08.984Z,"18 km SSE of Central, Alaska",earthquake,,0.2,,,reviewed,ak,ak
2023-06-08T01:45:06.950Z,46.5945,-119.86083333333333,6.83,0.73,ml,10,94,0.03625,0.06,uw,uw61931341,2023-06-08T18:40:54.480Z,"10 km SSE of Desert Aire, Washington",earthquake,0.26,0.21,0.08202099811149999,9,reviewed,uw,uw
2023-06-08T01:42:04.401Z,-21.3059,-67.1641,200.789,4.5,mb,39,47,1.889,0.85,us,us7000k71i,2023-06-21T05:15:10.040Z,"100 km SSW of Uyuni, Bolivia",earthquake,7.75,4.095,0.163,11,reviewed,us,us
2023-06-08T01:40:59.847Z,51.3045,-177.6266,22.8,2,ml,,,,0.42,ak,ak0237azabds,2023-06-15T03:30:13.703Z,"93 km SW of Adak, Alaska",earthquake,,0.3,,,reviewed,ak,ak
2023-06-08T01:33:48.420Z,19.1738338470459,-155.496505737305,31.7800006866455,2.03999996,md,30,92,,0.150000006,hv,hv73445292,2023-06-08T01:37:05.540Z,"3 km SSW of Pāhala, Hawaii",earthquake,0.57,1.12,0.860000014,11,automatic,hv,hv
2023-06-08T01:24:50.728Z,63.2892,-151.1786,8.3,1.1,ml,,,,0.68,ak,ak0237az6v98,2023-06-15T03:30:08.767Z,"39 km SE of Denali National Park, Alaska",earthquake,,0.3,,,reviewed,ak,ak
2023-06-08T01:24:11.928Z,62.8164,-151.208,85.1,1.2,ml,,,,0.46,ak,ak0237az6s88,2023-06-15T03:30:13.511Z,"42 km NNW of Petersville, Alaska",earthquake,,0.2,,,reviewed,ak,ak
2023-06-08T01:14:20.260Z,38.7855,-122.7551667,2.47,0.42,md,11,89,0.01459,0.01,nc,nc73898461,2023-06-08T04:13:13.888Z,"1km N of The Geysers, CA",earthquake,0.35,0.41,0.086,8,reviewed,nc,nc
2023-06-08T01:03:27.878Z,32.4148,-102.1104,1.9,2.6,mb_lg,22,75,0.288,0.27,us,us7000k71f,2023-06-09T00:31:03.040Z,"38 km SSW of Los Ybanez, Texas",earthquake,1.27,5.566,0.076,67,reviewed,us,us
2023-06-08T00:54:28.137Z,17.1278,145.4063,460.985,3.8,mb,28,121,1.912,0.55,us,us7000k8fk,2023-06-16T01:11:28.040Z,"",earthquake,16.43,10.262,0.12,18,reviewed,us,us
2023-06-08T00:51:15.620Z,38.8351667,-122.7928333,1.46,-0.17,md,13,52,0.003776,0.03,nc,nc73898456,2023-06-08T19:13:39.344Z,"6km WNW of Cobb, CA",earthquake,0.29,0.66,0.246,13,reviewed,nc,nc
2023-06-08T00:44:12.908Z,63.1337,-144.3688,0.9,1.2,ml,,,,0.79,ak,ak0237aypm6i,2023-06-15T03:30:08.547Z,"38 km NW of Mentasta Lake, Alaska",earthquake,,0.3,,,reviewed,ak,ak
2023-06-08T00:42:39.650Z,31.67993872,-104.1704555,5.231787109,1.5,ml,15,58,0.0791901679,0.2,tx,tx2023lcsx,2023-06-09T13:21:55.910Z,"54 km NW of Toyah, Texas",earthquake,0.7868574754,2.072329952,0.1,11,reviewed,tx,tx
2023-06-08T00:36:11.718Z,61.9826,-148.8575,8.9,1.4,ml,,,,0.75,ak,ak0237aynx6w,2023-06-15T03:30:08.318Z,"23 km NNW of Sutton-Alpine, Alaska",earthquake,,0.2,,,reviewed,ak,ak
2023-06-08T00:27:16.270Z,58.1848333333333,-155.277833333333,1.39,-0.39,ml,5,148,,0.02,av,av91916136,2023-06-09T17:15:12.520Z,"",earthquake,0.26,0.85,0.208633003657561,5,reviewed,av,av
2023-06-08T00:24:28.120Z,58.1775,-155.329333333333,2.04,-0.1,ml,8,111,,0.05,av,av91916131,2023-06-09T17:13:06.680Z,"85 km NW of Karluk, Alaska",earthquake,0.22,0.52,0.222286725409664,8,reviewed,av,av
2023-06-08T00:23:19.740Z,58.1771666666667,-155.325666666667,1.92,0.11,ml,8,110,,0.08,av,av91916126,2023-06-09T17:10:56.960Z,"85 km NW of Karluk, Alaska",earthquake,0.22,0.45,0.222006221695221,8,reviewed,av,av
2023-06-08T00:21:25.000Z,36.1158333,-120.214,8.87,1.1,md,16,237,0.03508,0.05,nc,nc73898451,2023-06-08T06:29:18.576Z,"13km ESE of Coalinga, CA",earthquake,0.53,0.34,0.241,10,reviewed,nc,nc
2023-06-08T00:15:27.620Z,17.9786666666667,-66.99,14.81,1.81,md,6,169,0.05242,0.07,pr,pr71412638,2023-06-08T00:36:09.850Z,"6 km E of La Parguera, Puerto Rico",earthquake,0.47,0.78,0.110474700237817,4,reviewed,pr,pr
2023-06-08T00:13:15.957Z,51.5029,-176.9003,22,1.5,ml,,,,0.39,ak,ak0237ayj023,2023-06-15T03:30:13.297Z,"45 km SSW of Adak, Alaska",earthquake,,0.5,,,reviewed,ak,ak
2023-06-08T00:10:00.472Z,60.4314,-152.4743,96.8,1.6,ml,,,,0.57,ak,ak0237ayibpr,2023-06-15T03:30:13.082Z,"61 km NW of Ninilchik, Alaska",earthquake,,0.3,,,reviewed,ak,ak
2023-06-08T00:07:14.311Z,37.2802,-117.5939,7.4,1.4,ml,13,95.27,0.063,0.1695,nn,nn00860994,2023-06-08T00:18:22.457Z,"52 km S of Silver Peak, Nevada",earthquake,,2.1,1.05,9,reviewed,nn,nn
2023-06-08T00:05:52.323Z,63.4435,-145.9324,8.2,0.9,ml,,,,0.81,ak,ak0237ayhd54,2023-06-15T03:30:08.110Z,"42 km NNW of Paxson, Alaska",earthquake,,0.2,,,reviewed,ak,ak
2023-06-07T23:54:44.420Z,38.82,-122.8223333,2.43,-0.03,md,14,72,0.01016,0.03,nc,nc73898446,2023-06-08T00:54:40.647Z,"7km NW of The Geysers, CA",earthquake,0.29,0.3,0.36,14,reviewed,nc,nc
2023-06-07T23:47:04.572Z,63.1542,-150.8928,122.2,1.2,ml,,,,0.3,ak,ak02379ovvy1,2023-06-14T00:54:44.581Z,"59 km SE of Denali National Park, Alaska",earthquake,,1.6,,,reviewed,ak,ak
2023-06-07T23:45:14.620Z,58.1848333333333,-155.3095,1.55,-0.2,ml,6,156,,0.09,av,av91916091,2023-06-08T13:50:25.260Z,"85 km NW of Karluk, Alaska",earthquake,0.3,0.76,0.206830573032599,6,reviewed,av,av
2023-06-07T23:23:51.030Z,35.78233333,-98.604,10.66,1.24,ml,45,75,0.1529699821,0.26,ok,ok2023lcqh,2023-06-08T17:19:32.889Z,"Oklahoma",earthquake,,1.9,0.22,22,reviewed,ok,ok
2023-06-07T23:23:24.403Z,-6.2711,104.6388,55.933,4.3,mb,18,180,2.532,0.27,us,us7000k8f2,2023-06-16T00:48:27.040Z,"115 km SW of Bandar Lampung, Indonesia",earthquake,13.77,7.854,0.188,8,reviewed,us,us
2023-06-07T23:19:18.590Z,38.8190002,-122.8228302,2.43,0.79,md,14,84,0.01038,0.02,nc,nc73898441,2023-06-07T23:37:17.283Z,"7km NW of The Geysers, CA",earthquake,0.33,0.59,0.13,14,automatic,nc,nc
2023-06-07T23:18:42.600Z,53.8526666666667,-166.927833333333,3.49,0.37,ml,6,221,,0.06,av,av91916086,2023-06-08T13:47:26.780Z,"25 km W of Dutch Harbor, Alaska",earthquake,0.46,1.05,0.112273275736593,6,reviewed,av,av
2023-06-07T23:18:37.306Z,-8.0929,120.6452,10.365,4.7,mb,31,49,1.665,0.52,us,us7000k8f4,2023-06-16T00:30:50.040Z,"Flores region, Indonesia",earthquake,5.53,4.417,0.138,16,reviewed,us,us
2023-06-07T23:13:46.595Z,-5.7433,154.4502,111.184,4.4,mb,32,120,2.751,0.53,us,us7000k8f3,2023-06-16T00:15:31.040Z,"130 km WNW of Panguna, Papua New Guinea",earthquake,9.14,6.594,0.114,22,reviewed,us,us
2023-06-07T23:13:42.707Z,61.6186,-148.1252,10,0.9,ml,,,,0.64,ak,ak02379oooi0,2023-06-14T00:54:43.414Z,"26 km SE of Chickaloon, Alaska",earthquake,,1,,,reviewed,ak,ak
2023-06-07T23:12:48.840Z,53.8581666666667,-166.930333333333,2.65,-0.18,ml,5,227,,0.05,av,av91916081,2023-06-08T13:44:44.270Z,"25 km W of Dutch Harbor, Alaska",earthquake,0.46,1.32,0.136843810456186,5,reviewed,av,av
2023-06-07T23:08:19.265Z,-16.398,-74.3025,21.815,4.6,mb,37,150,4.26,1.1,us,us7000k70z,2023-06-07T23:21:46.040Z,"",earthquake,10.71,6.862,0.091,36,reviewed,us,us
2023-06-07T23:07:17.085Z,62.393,-151.2197,80.3,1.5,ml,,,,0.37,ak,ak02379onc7k,2023-06-14T00:54:43.192Z,"26 km WSW of Petersville, Alaska",earthquake,,0.6,,,reviewed,ak,ak
2023-06-07T23:02:19.630Z,33.5006667,-116.4946667,15.05,1.02,ml,18,70,0.06192,0.16,ci,ci40480240,2023-06-08T19:41:06.864Z,"18km ESE of Anza, CA",earthquake,0.41,0.76,0.125,18,reviewed,ci,ci
2023-06-07T23:02:19.020Z,33.4975,-116.5001667,15.56,0.67,ml,14,70,0.06737,0.14,ci,ci37526277,2023-06-08T19:45:12.075Z,"17km ESE of Anza, CA",earthquake,0.49,1,0.099,5,reviewed,ci,ci
2023-06-07T22:52:05.594Z,-16.3918,-74.1949,35,4.9,mb,77,133,4.172,1,us,us7000k70x,2023-06-07T23:10:14.040Z,"64 km WSW of Atico, Peru",earthquake,8.29,1.907,0.053,111,reviewed,us,us
2023-06-07T22:50:05.120Z,58.1853333333333,-155.278666666667,1.86,-0.06,ml,6,107,,0.03,av,av91916051,2023-06-08T13:37:01.930Z,"84 km NW of Karluk, Alaska",earthquake,0.25,0.71,0.318952259170364,6,reviewed,av,av
2023-06-07T22:49:43.053Z,-27.8732,-67.1262,190.632,4.5,mb,31,111,2.06,0.93,us,us7000k70w,2023-06-07T23:00:16.040Z,"17 km S of Londres, Argentina",earthquake,9.61,13.112,0.171,10,reviewed,us,us
2023-06-07T22:42:43.930Z,52.7525,-168.712,76.457,2.8,ml,17,210,0.236,0.58,us,us7000k8as,2023-06-16T00:05:42.040Z,"23 km SSE of Nikolski, Alaska",earthquake,9.08,9.86,0.097,14,reviewed,us,us
2023-06-07T22:36:20.010Z,19.4176666666667,-155.616833333333,-0.93,1.96,md,14,102,,0.14,hv,hv73445207,2023-06-08T01:35:34.100Z,"Island of Hawaii, Hawaii",earthquake,0.29,0.35,0.142231742165654,5,reviewed,hv,hv
2023-06-07T22:35:48.328Z,18.6075,122.2648,10,4.2,mb,27,122,4.333,0.67,us,us7000k8f1,2023-06-16T00:02:32.040Z,"16 km NE of San Vicente, Philippines",earthquake,10.59,1.934,0.176,9,reviewed,us,us
2023-06-07T22:30:16.160Z,34.4695,-117.9761667,8.51,1.26,ml,25,36,0.02674,0.13,ci,ci40480208,2023-06-08T19:29:28.891Z,"6km S of Littlerock, CA",earthquake,0.2,0.37,0.156,17,reviewed,ci,ci
2023-06-07T22:27:19.278Z,54.5086,-159.7742,25.6,2,ml,,,,0.43,ak,ak02379o675w,2023-06-15T00:24:36.519Z,"103 km SSE of Sand Point, Alaska",earthquake,,6.7,,,reviewed,ak,ak
2023-06-07T22:21:12.980Z,53.8581666666667,-166.921166666667,1.28,0.63,ml,6,219,,0.08,av,av91916036,2023-06-08T14:01:03.370Z,"25 km W of Dutch Harbor, Alaska",earthquake,0.57,4,0.157383998441944,6,reviewed,av,av
2023-06-07T22:19:56.789Z,63.305,-152.7744,13.1,1.1,ml,,,,0.44,ak,ak02379o4kac,2023-06-14T00:54:42.786Z,"58 km WSW of Denali National Park, Alaska",earthquake,,0.6,,,reviewed,ak,ak
2023-06-07T22:19:28.940Z,53.8511666666667,-166.9195,5,0.06,ml,4,213,,0.1,av,av91916031,2023-06-08T13:58:50.570Z,"Fox Islands, Aleutian Islands, Alaska",earthquake,0.84,1.27,0.139358016285137,4,reviewed,av,av
2023-06-07T22:19:05.820Z,53.8558333333333,-166.922666666667,2.83,-0.03,ml,5,220,,0.08,av,av91106948,2023-06-08T14:05:20.140Z,"25 km W of Dutch Harbor, Alaska",earthquake,0.5,1.45,0.132092930560411,5,reviewed,av,av
2023-06-07T22:18:48.990Z,53.8546666666667,-166.923,2.94,0.46,ml,5,219,,0.09,av,av91916026,2023-06-08T13:53:12.810Z,"",earthquake,0.52,1.45,0.149239894307728,5,reviewed,av,av
2023-06-07T22:18:37.980Z,53.8523333333333,-166.923833333333,4.34,0.56,ml,5,219,,0.11,av,av91106943,2023-06-08T13:56:03.720Z,"Fox Islands, Aleutian Islands, Alaska",earthquake,0.61,1.39,0.104836184599001,5,reviewed,av,av
2023-06-07T22:03:44.830Z,38.8113333,-122.7723333,1.79,0.4,md,24,67,0.006802,0.02,nc,nc73898431,2023-06-08T20:18:15.766Z,"4km NNW of The Geysers, CA",earthquake,0.2,0.27,0.213,20,reviewed,nc,nc
2023-06-07T22:01:12.430Z,38.7758333,-122.9315,6.31,0.81,md,31,119,0.0479,0.06,nc,nc73898426,2023-06-08T18:54:34.499Z,"8km ESE of Cloverdale, CA",earthquake,0.25,0.57,0.23,25,reviewed,nc,nc
2023-06-07T22:00:05.471Z,56.4484,-155.9341,7.2,2,ml,,,,0.52,ak,ak02379o0dr7,2023-06-14T00:54:44.202Z,"121 km WSW of Akhiok, Alaska",earthquake,,1.6,,,reviewed,ak,ak
2023-06-07T21:58:59.930Z,18.0741666666667,-67.0331666666667,23.43,2.24,md,8,105,0.01842,0.15,pr,pr71412633,2023-06-07T22:10:09.990Z,"1 km ESE of San Germán, Puerto Rico",earthquake,0.67,0.99,0.0793192691697462,4,reviewed,pr,pr
2023-06-07T21:51:42.445Z,61.1108,-151.3704,62.9,1.3,ml,,,,0.35,ak,ak02379npydj,2023-06-14T00:54:42.577Z,"Southern Alaska",earthquake,,1.2,,,reviewed,ak,ak
2023-06-07T21:48:17.720Z,38.8204994,-122.8089981,3.02,1.17,md,22,40,0.003011,0.03,nc,nc73898421,2023-06-08T02:04:14.073Z,"7km NW of The Geysers, CA",earthquake,0.23,0.53,0.2,23,automatic,nc,nc
2023-06-07T21:42:18.277Z,39.6143,-119.9636,5.7,2.6,ml,24,67.87,0.007,0.1067,nn,nn00860991,2023-06-15T23:47:38.040Z,"7 km S of Cold Springs, Nevada",earthquake,,0.9,0.19,5,reviewed,nn,nn
2023-06-07T21:36:48.670Z,58.1901666666667,-155.3185,1.77,-0.04,ml,8,100,,0.06,av,av91916001,2023-06-08T14:06:16.560Z,"86 km NW of Karluk, Alaska",earthquake,0.23,0.46,0.31517499528193,8,reviewed,av,av
2023-06-07T21:32:03.120Z,35.7556667,-120.3038333,9.69,1.34,md,36,103,,0.06,nc,nc73898401,2023-06-08T20:25:10.808Z,"4km N of Cholame, CA",earthquake,0.23,0.35,0.154,19,reviewed,nc,nc
2023-06-07T21:29:38.580Z,33.8568333,-117.483,-0.52,1.19,ml,26,48,0.05044,0.26,ci,ci40480176,2023-06-08T18:37:52.175Z,"4km SE of Home Gardens, CA",quarry blast,0.39,31.61,0.202,24,reviewed,ci,ci
2023-06-07T21:26:07.494Z,-24.9202,-177.2043,158.729,4.4,mb,28,121,4.163,0.49,us,us7000k8f0,2023-06-15T03:54:08.040Z,"south of the Fiji Islands",earthquake,11.6,6.395,0.138,15,reviewed,us,us
2023-06-07T21:19:47.987Z,39.6214,-119.9663,7.1,2,ml,17,108.34,0.015,0.1429,nn,nn00860988,2023-06-07T21:40:32.838Z,"6 km S of Cold Springs, Nevada",earthquake,,0.9,0.32,8,reviewed,nn,nn
2023-06-07T21:18:45.903Z,51.9119,-178.543,132.886,3.8,mb,41,108,0.174,0.32,us,us7000k8ar,2023-06-15T03:46:12.040Z,"131 km W of Adak, Alaska",earthquake,9.24,4.951,0.093,30,reviewed,us,us
2023-06-07T21:17:45.490Z,35.5825,-84.1993333333333,21.7,2.02,md,16,60,0.09132,0.18,se,se60528026,2023-06-08T16:51:00.705Z,"3 km ESE of Vonore, Tennessee",earthquake,0.32,0.66,0.143783206430728,12,reviewed,se,se
2023-06-07T21:15:16.864Z,0.5575,122.418,121.768,4.3,mb,25,85,1.627,0.81,us,us7000k70s,2023-06-09T01:33:50.626Z,"71 km W of Gorontalo, Indonesia",earthquake,8.19,10.579,0.129,17,reviewed,us,us
2023-06-07T21:12:33.733Z,64.1329,-154.4187,8.7,1.1,ml,,,,0.62,ak,ak02379nhkxa,2023-06-14T00:54:42.134Z,"84 km SE of Ruby, Alaska",earthquake,,0.2,,,reviewed,ak,ak
2023-06-07T21:10:36.270Z,38.8378334,-122.8300018,0.35,1.03,md,23,76,0.00435,0.03,nc,nc73898391,2023-06-07T21:30:13.305Z,"9km NW of The Geysers, CA",earthquake,0.16,0.41,0.26,24,automatic,nc,nc
2023-06-07T21:06:12.306Z,-7.8928,107.331,64.966,4.3,mb,24,111,0.532,0.59,us,us7000k8ez,2023-06-15T03:34:29.040Z,"Java, Indonesia",earthquake,9.57,6.022,0.143,14,reviewed,us,us
2023-06-07T21:01:02.940Z,32.777,-116.8965,-0.26,1.34,ml,24,90,0.05657,0.25,ci,ci40480152,2023-06-08T18:31:33.144Z,"5km NE of Rancho San Diego, CA",quarry blast,0.5,31.61,0.131,8,reviewed,ci,ci
2023-06-07T20:51:46.856Z,18.782,145.5495,373.508,3.6,mb,17,107,3.529,0.86,us,us7000k8f6,2023-06-15T18:00:12.040Z,"Pagan region, Northern Mariana Islands",earthquake,14.8,10.994,0.223,5,reviewed,us,us
2023-06-07T20:45:17.700Z,58.2803333333333,-154.993333333333,2.75,0.32,ml,12,144,,0.1,av,av91915981,2023-06-14T00:53:56.801Z,"85 km NNW of Karluk, Alaska",earthquake,0.29,0.38,0.218912923038339,12,reviewed,av,av
2023-06-07T20:41:49.420Z,34.382,-96.852,0,1.96,ml,44,78,0.2222563857,0.35,ok,ok2023lcky,2023-06-07T21:07:28.934Z,"3 km SW of Mill Creek, Oklahoma",quarry blast,,0.5,0.29,4,reviewed,ok,ok
2023-06-07T20:41:12.291Z,51.424,-176.0866,21.9,2,ml,,,,0.36,ak,ak02379n2bf0,2023-06-14T00:54:41.942Z,"Andreanof Islands, Aleutian Islands, Alaska",earthquake,,0.7,,,reviewed,ak,ak
2023-06-07T20:32:56.750Z,58.1616666666667,-155.323333333333,1.89,-0.35,ml,7,80,,0.06,av,av91915966,2023-06-08T13:19:43.420Z,"83 km NW of Karluk, Alaska",earthquake,0.29,1.04,0.240870295099839,7,reviewed,av,av
2023-06-07T20:31:34.871Z,51.311,-178.1466,30.6,2.2,ml,,,,0.38,ak,ak02379n07zx,2023-06-14T00:54:41.717Z,"122 km WSW of Adak, Alaska",earthquake,,4,,,reviewed,ak,ak
2023-06-07T20:14:27.530Z,33.8631667,-117.4996667,-0.44,1.3,ml,39,50,0.0526,0.22,ci,ci40480128,2023-06-08T18:24:55.561Z,"3km SE of Home Gardens, CA",quarry blast,0.35,31.61,0.104,17,reviewed,ci,ci
2023-06-07T20:12:16.491Z,68.0173,-148.454,7.6,2.3,ml,,,,0.56,ak,ak02379mw42j,2023-06-15T17:50:46.040Z,"97 km NE of Wiseman, Alaska",earthquake,,0.2,,,reviewed,ak,ak
2023-06-07T20:02:32.489Z,-22.8817,170.4734,10,4.9,mb,57,70,2.807,0.86,us,us7000k6zn,2023-06-15T17:47:48.040Z,"southeast of the Loyalty Islands",earthquake,10.13,1.816,0.072,61,reviewed,us,us
2023-06-07T20:01:01.880Z,37.0276667,-122.1055,-0.37,1.74,md,20,185,0.09472,0.17,nc,nc73898361,2023-06-08T05:08:00.345Z,"4km SW of Felton, CA",quarry blast,0.67,31.61,0.178,15,reviewed,nc,nc
2023-06-07T19:56:24.294Z,37.296,-117.5887,6.1,1.4,ml,9,166.38,0.078,0.2132,nn,nn00860984,2023-06-07T20:29:21.649Z,"51 km S of Silver Peak, Nevada",earthquake,,5.9,0.53,5,reviewed,nn,nn
2023-06-07T19:53:59.489Z,63.2182,-150.722,121.8,1.5,ml,,,,0.31,ak,ak02379mjnef,2023-06-14T00:54:41.256Z,"61 km SE of Denali National Park, Alaska",earthquake,,1,,,reviewed,ak,ak
2023-06-07T19:49:23.700Z,38.8328333,-122.817,1.68,-0.11,md,17,56,0.01087,0.02,nc,nc73898346,2023-06-08T00:19:36.794Z,"8km NW of The Geysers, CA",earthquake,0.24,0.3,0.269,15,reviewed,nc,nc
2023-06-07T19:47:12.659Z,65.0124,-151.0356,16.8,0.8,ml,,,,0.8,ak,ak02379mi64q,2023-06-14T00:54:41.054Z,"18 km W of Manley Hot Springs, Alaska",earthquake,,0.2,,,reviewed,ak,ak
2023-06-07T19:46:33.205Z,-28.7496,-175.6836,10,4.6,mb,31,111,2.023,0.98,us,us7000k6zg,2023-06-15T17:38:02.040Z,"Kermadec Islands region",earthquake,9.5,1.911,0.14,20,reviewed,us,us
2023-06-07T19:46:32.890Z,58.1838333333333,-155.275166666667,2.43,0.21,ml,9,91,,0.07,av,av91915951,2023-06-08T13:15:16.400Z,"Alaska Peninsula",earthquake,0.22,0.56,0.30285731798454,9,reviewed,av,av
2023-06-07T19:46:19.490Z,38.8261681,-122.8085022,1.5,0.63,md,7,98,0.003029,0,nc,nc73898341,2023-06-07T20:26:12.941Z,"7km NW of The Geysers, CA",earthquake,0.36,0.93,0.36,8,automatic,nc,nc
2023-06-07T19:43:20.240Z,38.8185005,-122.7853317,1.15,0.95,md,11,98,0.00637,0.03,nc,nc73898336,2023-06-07T20:15:11.864Z,"5km NNW of The Geysers, CA",earthquake,0.32,0.82,0.12,12,automatic,nc,nc
2023-06-07T19:38:29.866Z,61.6987,-149.6657,33.5,1.5,ml,,,,0.86,ak,ak02379mg9yq,2023-06-14T00:54:40.821Z,"8 km NNW of Meadow Lakes, Alaska",earthquake,,0.6,,,reviewed,ak,ak
2023-06-07T19:37:35.589Z,59.0859,-152.9398,59.9,2.1,ml,,,,0.51,ak,ak02379mg2r0,2023-06-14T00:54:40.551Z,"65 km WSW of Nanwalek, Alaska",earthquake,,0.5,,,reviewed,ak,ak
2023-06-07T19:34:05.440Z,38.8206673,-122.8218307,2.14,1.03,md,13,80,0.009579,0.03,nc,nc73898331,2023-06-07T19:54:11.726Z,"7km NW of The Geysers, CA",earthquake,0.28,0.65,0.18,15,automatic,nc,nc
2023-06-07T19:28:12.880Z,38.8310013,-122.8143311,2.16,0.25,md,10,84,0.008291,0.02,nc,nc73898326,2023-06-07T19:44:12.781Z,"8km NW of The Geysers, CA",earthquake,0.41,0.88,0.15,11,automatic,nc,nc
2023-06-07T19:16:17.775Z,31.35198529,-103.4003706,6.131567383,2,ml,17,73,0.08050143016,0.2,tx,tx2023lcid,2023-06-08T20:40:48.374Z,"11 km SE of Pecos, Texas",earthquake,1.271144374,1.569981016,0,6,reviewed,tx,tx
2023-06-07T19:15:14.617Z,62.9292,-151.0288,102.3,1.8,ml,,,,0.38,ak,ak02379mbbdx,2023-06-14T00:54:43.996Z,"50 km NNW of Petersville, Alaska",earthquake,,1.2,,,reviewed,ak,ak
2023-06-07T19:14:56.924Z,62.9163,-151.3266,109.2,1.8,ml,,,,0.37,ak,ak02379mb752,2023-06-14T00:54:40.307Z,"54 km NNW of Petersville, Alaska",earthquake,,0.6,,,reviewed,ak,ak
2023-06-07T19:06:18.550Z,58.3026666666667,-155.207666666667,39.43,0.38,ml,7,197,,0.29,av,av91915916,2023-06-08T17:33:29.900Z,"93 km NNW of Karluk, Alaska",earthquake,3.16,1.81,0.529531943567312,7,reviewed,av,av
2023-06-07T19:06:03.040Z,32.937,-116.2846667,11.36,0.86,ml,18,53,0.02357,0.14,ci,ci40480080,2023-06-08T18:15:03.017Z,"26km ENE of Pine Valley, CA",earthquake,0.24,0.45,0.112,9,reviewed,ci,ci
2023-06-07T19:05:31.910Z,46.0148333333333,-112.4595,-2,2.05,ml,12,115,0.06602,0.11,mb,mb90017093,2023-06-07T22:25:55.810Z,"5 km ENE of Butte, Montana",quarry blast,0.45,31.61,0.229133158282607,19,reviewed,mb,mb
2023-06-07T19:04:27.249Z,55.3519,-159.2801,13.3,1.8,ml,,,,0.66,ak,ak02379m8zhg,2023-06-14T00:54:43.805Z,"62 km SSE of Ivanof Bay, Alaska",earthquake,,1.6,,,reviewed,ak,ak
2023-06-07T19:02:57.460Z,37.6193333,-118.8575,2.57,0.72,md,12,120,0.004343,0.05,nc,nc73898316,2023-06-08T01:00:15.675Z,"11km E of Mammoth Lakes, CA",earthquake,0.33,0.7,0.111,9,reviewed,nc,nc
2023-06-07T18:57:29.350Z,36.2775,-97.50033333,8.23,1.02,ml,64,39,0.06658693337,0.25,ok,ok2023lchn,2023-06-07T19:06:19.537Z,"4 km W of Lucien, Oklahoma",earthquake,,1.2,0.26,21,reviewed,ok,ok
2023-06-07T18:55:16.547Z,58.7683,-153.4035,1.1,3.4,ml,,,,0.67,ak,ak02379lygkk,2023-06-15T17:00:49.040Z,"84 km NNW of Aleneva, Alaska",earthquake,,0.3,,,reviewed,ak,ak
2023-06-07T18:54:51.410Z,36.7428333,-121.6001667,-0.36,1.16,md,22,73,0.01672,0.14,nc,nc73898311,2023-06-08T01:42:44.360Z,"7km ESE of Prunedale, CA",quarry blast,0.36,31.61,0.223,20,reviewed,nc,nc
2023-06-07T18:54:11.846Z,58.7632,-153.415,11.4,1.9,ml,,,,0.78,ak,ak02379ly8me,2023-06-15T00:24:35.366Z,"83 km NNW of Aleneva, Alaska",earthquake,,0.2,,,reviewed,ak,ak
2023-06-07T18:53:28.198Z,58.7509,-153.4376,2.7,1.9,ml,,,,0.71,ak,ak02379ly225,2023-06-15T00:24:35.136Z,"82 km NNW of Aleneva, Alaska",earthquake,,0.6,,,reviewed,ak,ak
2023-06-07T18:50:46.660Z,38.3065,-122.5903333,6.71,2.03,md,60,26,0.04333,0.09,nc,nc73898301,2023-06-08T03:11:19.498Z,"7km E of Penngrove, CA",earthquake,0.14,0.25,0.16,56,reviewed,nc,nc
2023-06-07T18:36:55.420Z,35.8638333,-117.6925,7.54,1.29,ml,19,118,0.08063,0.15,ci,ci40480056,2023-06-08T18:03:09.940Z,"21km ESE of Little Lake, CA",earthquake,0.29,0.74,0.104,10,reviewed,ci,ci
2023-06-07T18:35:59.588Z,60.2544,-152.0068,80.2,1.7,ml,,,,0.54,ak,ak02379lu9jw,2023-06-14T00:54:39.193Z,"29 km NW of Ninilchik, Alaska",earthquake,,0.8,,,reviewed,ak,ak
2023-06-07T18:24:04.540Z,33.4371667,-116.4361667,9.23,0.96,ml,29,74,0.08645,0.14,ci,ci40480048,2023-06-08T17:58:52.908Z,"21km NNW of Borrego Springs, CA",earthquake,0.19,0.63,0.111,19,reviewed,ci,ci
2023-06-07T18:19:49.380Z,37.4323333,-118.6716667,4.46,1.33,md,16,101,0.117,0.06,nc,nc73898291,2023-06-08T00:36:14.515Z,"7km WNW of Round Valley, CA",earthquake,0.43,2.64,0.086,12,reviewed,nc,nc
2023-06-07T18:12:41.610Z,46.2701666666667,-111.585166666667,-2,1.32,ml,6,135,0.2879,0.26,mb,mb90017423,2023-06-08T21:36:01.800Z,"7 km SW of Townsend, Montana",quarry blast,1.97,31.61,0.328976958888468,6,reviewed,mb,mb
2023-06-07T18:08:52.290Z,35.2775,-118.564,8.63,1.41,ml,29,48,0.1121,0.15,ci,ci40480040,2023-06-08T17:44:08.580Z,"19km NNW of Tehachapi, CA",earthquake,0.18,0.57,0.195,21,reviewed,ci,ci
2023-06-07T18:05:42.090Z,44.314,-115.175,12.53,2.18,ml,16,65,0.8182,0.18,mb,mb90017088,2023-06-08T19:52:14.760Z,"21 km WNW of Stanley, Idaho",earthquake,0.43,0.97,0.238834770912244,19,reviewed,mb,mb
2023-06-07T17:55:21.695Z,62.7521,-148.8305,10.5,1,ml,,,,0.62,ak,ak02379ld1d5,2023-06-14T00:54:43.606Z,"71 km S of Cantwell, Alaska",earthquake,,0.4,,,reviewed,ak,ak
2023-06-07T17:52:35.292Z,36.6633,-116.263,7.4,-0.2,ml,8,179.04,0.064,0.0773,nn,nn00860983,2023-06-07T19:33:47.736Z,"51 km ESE of Beatty, Nevada",earthquake,,1.9,0.11,3,reviewed,nn,nn
2023-06-07T17:50:47.630Z,39.3938333,-123.2668333,5.56,1.5,md,17,78,0.09286,0.05,nc,nc73898261,2023-06-08T00:24:14.442Z,"8km ESE of Willits, CA",earthquake,0.19,0.78,0.155,19,reviewed,nc,nc
2023-06-07T17:49:50.083Z,63.313,-150.9184,2.1,1.5,ml,,,,0.84,ak,ak02379lbt9b,2023-06-14T00:54:38.981Z,"47 km ESE of Denali National Park, Alaska",earthquake,,0.5,,,reviewed,ak,ak
2023-06-07T17:49:03.389Z,39.6156,-119.9766,6.4,1.2,ml,14,83.65,0.014,0.1558,nn,nn00860977,2023-06-07T18:01:05.530Z,"7 km S of Cold Springs, Nevada",earthquake,,1,0.32,7,reviewed,nn,nn
2023-06-07T17:48:10.030Z,38.7806664,-122.7556686,1.31,0.99,md,9,115,0.01268,0.02,nc,nc73898256,2023-06-07T18:36:15.217Z,"0km N of The Geysers, CA",earthquake,0.34,0.79,0.18,9,automatic,nc,nc
2023-06-07T17:46:51.758Z,59.3048,-138.6447,15,1.8,ml,,,,0.81,ak,ak02379lb610,2023-06-14T00:54:38.783Z,"67 km ESE of Yakutat, Alaska",earthquake,,1.8,,,reviewed,ak,ak
2023-06-07T17:46:26.380Z,33.5285,-116.7838333,7.47,0.3,ml,16,87,0.03246,0.09,ci,ci40480016,2023-06-08T17:26:01.243Z,"11km WSW of Anza, CA",earthquake,0.24,0.33,0.088,11,reviewed,ci,ci
2023-06-07T17:39:23.894Z,6.0377,-77.8301,10,5.1,mww,110,39,3.689,0.89,us,us7000k6yf,2023-06-15T15:42:11.040Z,"51 km WSW of Bahía Solano, Colombia",earthquake,6.6,1.762,0.062,25,reviewed,us,us
2023-06-07T17:32:04.580Z,17.9913,-68.937,38,3.71,md,13,243,0.7628,0.59,pr,pr2023158001,2023-06-15T15:23:18.040Z,"48 km S of La Romana, Dominican Republic",earthquake,3.01,11.79,0.07,7,reviewed,pr,pr
2023-06-07T17:31:21.480Z,19.3958333333333,-155.281833333333,0.5,1.13,md,24,62,,0.09,hv,hv73445112,2023-06-07T18:17:30.520Z,"7 km SW of Volcano, Hawaii",earthquake,0.15,0.08,0.217692255339616,5,reviewed,hv,hv
2023-06-07T17:27:16.740Z,38.8381667,-122.8006667,2.28,-0.41,md,7,100,0.008065,0.04,nc,nc73898251,2023-06-07T23:59:04.265Z,"7km WNW of Cobb, CA",earthquake,0.37,0.78,0.055,6,reviewed,nc,nc
2023-06-07T17:26:10.520Z,58.2461666666667,-155.153666666667,3.89,0.12,ml,8,82,,0.1,av,av91915866,2023-06-08T13:02:45.830Z,"86 km NNW of Karluk, Alaska",earthquake,0.34,0.67,0.148809630836047,8,reviewed,av,av
2023-06-07T17:24:53.090Z,44.7923333333333,-112.841166666667,0.9,0.71,ml,5,131,0.03575,0.06,mb,mb90017418,2023-06-08T21:24:33.710Z,"26 km NW of Lima, Montana",earthquake,1.09,1.93,0.299237492712498,6,reviewed,mb,mb
2023-06-07T17:12:37.164Z,59.9449,-153.5502,155.6,3.2,ml,,,,0.65,ak,ak02379l3up6,2023-06-15T15:19:29.040Z,"35 km ENE of Pedro Bay, Alaska",earthquake,,0.3,,,reviewed,ak,ak
2023-06-07T17:09:43.140Z,38.8334999,-122.8115005,2.04,0.79,md,13,74,0.01015,0.02,nc,nc73898246,2023-06-07T18:04:11.998Z,"8km W of Cobb, CA",earthquake,0.29,0.69,0.14,18,automatic,nc,nc
2023-06-07T17:07:52.413Z,43.7813,85.9536,10,4.1,mb,26,83,3.969,0.73,us,us7000k8ex,2023-06-15T15:17:17.040Z,"58 km S of Shihezi, China",earthquake,4.53,1.966,0.198,7,reviewed,us,us
2023-06-07T17:05:58.730Z,40.2291667,-121.1436667,6.49,2.11,md,20,68,0.01856,0.07,nc,nc73898241,2023-06-08T04:21:14.932Z,"3km NNE of Prattville, CA",earthquake,0.25,0.31,0.205,28,reviewed,nc,nc
2023-06-07T17:05:53.410Z,58.1825,-155.324333333333,1.39,-0.16,ml,5,162,,0.05,av,av91915821,2023-06-08T12:57:45.430Z,"85 km NW of Karluk, Alaska",earthquake,0.24,0.76,0.282264285111419,5,reviewed,av,av
2023-06-07T17:05:09.270Z,38.7931667,-122.7561667,1.05,0.37,md,15,85,0.007946,0.04,nc,nc73898236,2023-06-08T02:34:14.257Z,"2km N of The Geysers, CA",earthquake,0.26,0.47,0.163,13,reviewed,nc,nc
2023-06-07T17:04:55.764Z,-9.3013,110.678,35,5.6,mww,9,178,2.25,0.67,us,us7000k6xu,2023-06-14T20:47:09.626Z,"south of Java, Indonesia",earthquake,9.24,2.019,0.089,12,reviewed,us,us
2023-06-07T17:03:30.830Z,38.7881667,-122.7773333,1.82,0.27,md,11,83,0.009668,0.01,nc,nc73898231,2023-06-07T23:22:16.040Z,"2km WNW of The Geysers, CA",earthquake,0.48,0.37,0.23,10,reviewed,nc,nc
2023-06-07T17:01:10.410Z,38.8359985,-122.8075027,2.46,0.22,md,8,107,0.01274,0.01,nc,nc73898226,2023-06-07T17:27:16.773Z,"8km WNW of Cobb, CA",earthquake,0.6,1.91,0.14,8,automatic,nc,nc
2023-06-07T16:52:44.558Z,-18.183,-177.9494,600.468,4.3,mb,34,113,3.83,0.36,us,us7000k8ew,2023-06-15T03:08:55.040Z,"289 km E of Levuka, Fiji",earthquake,12.34,8.877,0.119,20,reviewed,us,us
2023-06-07T16:52:00.920Z,34.4421667,-119.1465,13.48,1.18,ml,25,87,0.009095,0.22,ci,ci40479992,2023-06-08T17:22:55.979Z,"9km E of Ojai, CA",earthquake,0.27,0.66,0.163,11,reviewed,ci,ci
2023-06-07T16:47:14.970Z,19.4248333333333,-155.276166666667,0.95,1.27,md,15,95,,0.12,hv,hv73445077,2023-06-07T18:30:14.240Z,"4 km WSW of Volcano, Hawaii",earthquake,0.24,0.12,0.0221390140676916,3,reviewed,hv,hv
2023-06-07T16:45:06.200Z,58.1666666666667,-155.371166666667,2.11,0.34,ml,9,73,,0.06,av,av91915806,2023-06-14T00:53:44.798Z,"85 km NW of Karluk, Alaska",earthquake,0.2,0.54,0.201582247931085,9,reviewed,av,av
2023-06-07T16:31:34.779Z,-5.5204,132.4481,28.685,4.6,mb,31,74,2.592,0.68,us,us7000k6xl,2023-06-15T02:51:21.040Z,"Kepulauan Kai, Indonesia",earthquake,7.59,5.978,0.114,23,reviewed,us,us
2023-06-07T16:20:59.220Z,17.9126,-68.1575,63,3.93,md,24,222,0.2798,0.17,pr,pr2023158000,2023-06-07T17:00:29.040Z,"70 km SE of Boca de Yuma, Dominican Republic",earthquake,1.85,2.64,0.17,11,reviewed,pr,pr
2023-06-07T16:20:42.670Z,58.1693333333333,-155.385,2.03,-0.5,ml,6,138,,0.05,av,av91915791,2023-06-08T12:51:40.750Z,"86 km NW of Karluk, Alaska",earthquake,0.24,1.01,0.146640288943998,6,reviewed,av,av
2023-06-07T16:17:38.519Z,4.0651,126.6228,49.074,4.4,mb,54,114,3.16,0.47,us,us7000k8eu,2023-06-15T02:09:46.040Z,"196 km SE of Sarangani, Philippines",earthquake,6.62,7.17,0.086,39,reviewed,us,us
2023-06-07T16:14:53.018Z,31.68855056,-104.3969122,6.74855957,2.3,ml,47,68,0.02605460273,0.2,tx,tx2023lccf,2023-06-08T17:48:44.804Z,"54 km S of Whites City, New Mexico",earthquake,0.6404219972000001,0.7064074415,0,7,reviewed,tx,tx
2023-06-07T16:13:18.210Z,58.19,-155.306833333333,4.93,-0.48,ml,4,205,,0.25,av,av91915786,2023-06-08T12:49:00.740Z,"85 km NW of Karluk, Alaska",earthquake,1.34,1.73,0.117012617649276,4,reviewed,av,av
2023-06-07T16:10:43.695Z,31.59811608,-104.005598,5.617407227000001,1.6,ml,45,39,0.02407112436,0.2,tx,tx2023lccc,2023-06-08T20:05:55.393Z,"37 km NNW of Toyah, Texas",earthquake,0.448948782,0.8767087116,0,7,reviewed,tx,tx
2023-06-07T16:05:21.110Z,36.8928333,-121.6178333,-0.12,1.44,md,24,73,0.02236,0.13,nc,nc73898211,2023-06-07T23:49:03.255Z,"2km ENE of Aromas, CA",quarry blast,0.21,31.61,0.295,23,reviewed,nc,nc
2023-06-07T16:00:47.940Z,55.0558333333333,-162.2515,1.89,0.98,ml,6,141,,0.1,av,av91915776,2023-06-08T12:45:48.470Z,"4 km E of King Cove, Alaska",earthquake,0.31,0.86,0.276777519945798,5,reviewed,av,av
2023-06-07T15:56:51.289Z,-0.6847,134.0625,25.719,4.2,mb,11,213,2.802,0.42,us,us7000k8ey,2023-06-15T01:14:05.040Z,"19 km N of Manokwari, Indonesia",earthquake,10.01,8.37,0.264,4,reviewed,us,us
2023-06-07T15:54:39.870Z,37.5,-117.9548333,1.37,1.86,md,8,189,0.3293,0.03,nc,nc73898201,2023-06-08T04:06:15.849Z,"14km N of Deep Springs, CA",earthquake,1.1,3.76,0.186,7,reviewed,nc,nc
2023-06-07T15:54:35.100Z,38.8378334,-122.7948303,2.06,0.74,md,8,123,0.003551,0.01,nc,nc73898196,2023-06-07T16:44:14.527Z,"6km WNW of Cobb, CA",earthquake,0.58,1.51,0.29,9,automatic,nc,nc
2023-06-07T15:52:41.250Z,58.2101666666667,-155.222166666667,4.34,-0.59,ml,6,113,,0.11,av,av91915766,2023-06-08T12:42:51.030Z,"Alaska Peninsula",earthquake,0.32,0.88,0.259433576211105,6,reviewed,av,av
2023-06-07T15:51:24.406Z,-56.0916,-27.3026,35,4.9,mb,30,124,5.565,0.49,us,us7000k6xd,2023-06-07T16:25:56.040Z,"South Sandwich Islands region",earthquake,12.53,1.921,0.125,21,reviewed,us,us
2023-06-07T15:48:45.240Z,44.3698333,-110.7433333,2.05,0.54,md,6,122,0.105,0.29,uu,uu60541806,2023-06-07T19:00:58.890Z,"Wyoming",earthquake,0.62,5.41,0.161,4,reviewed,uu,uu
2023-06-07T15:40:19.420Z,58.1716666666667,-155.312833333333,2.08,0.01,ml,8,115,,0.07,av,av91915756,2023-06-08T12:39:35.030Z,"Alaska Peninsula",earthquake,0.22,0.59,0.336290568529073,8,reviewed,av,av
2023-06-07T15:38:06.630Z,36.1206667,-120.2076667,9.04,1.18,md,19,202,0.03838,0.08,nc,nc73898191,2023-06-08T05:29:19.355Z,"13km SW of Huron, CA",earthquake,0.76,0.55,0.151,8,reviewed,nc,nc
2023-06-07T15:36:02.410Z,19.4205,-155.273166666667,0.33,2.61,ml,32,80,,0.12,hv,hv73445032,2023-06-15T00:57:03.040Z,"",earthquake,0.13,0.14,0.148282975886169,9,reviewed,hv,hv
2023-06-07T15:31:52.066Z,36.7297,-116.3081,8.6,-0.3,ml,8,84.6,0.013,0.0724,nn,nn00860975,2023-06-07T17:48:35.331Z,"44 km ESE of Beatty, Nevada",earthquake,,1.8,0,1,reviewed,nn,nn
2023-06-07T15:28:46.120Z,33.932,-116.8111667,17.42,1.81,ml,70,26,0.02895,0.16,ci,ci40479952,2023-06-08T17:08:55.790Z,"3km NW of Cabazon, CA",earthquake,0.14,0.35,0.138,26,reviewed,ci,ci
2023-06-07T15:27:37.915Z,54.1751,-163.6135,45.5,1.9,ml,,,,0.63,ak,ak02379k07cv,2023-06-13T17:01:50.480Z,"76 km S of False Pass, Alaska",earthquake,,4.6,,,reviewed,ak,ak
2023-06-07T15:26:04.425Z,59.1941,-153.5466,93,1.8,ml,,,,0.45,ak,ak02379jzx10,2023-06-13T17:01:48.241Z,"67 km SE of Pope-Vannoy Landing, Alaska",earthquake,,0.4,,,reviewed,ak,ak
2023-06-07T15:22:59.130Z,38.7843323,-122.7549973,2.34,1.06,md,15,74,0.01432,0.03,nc,nc73898181,2023-06-07T16:21:15.406Z,"1km N of The Geysers, CA",earthquake,0.31,0.59,0.12,15,automatic,nc,nc
2023-06-07T15:17:43.360Z,35.6783333,-117.481,6.62,0.82,ml,16,121,0.04848,0.15,ci,ci40479944,2023-06-08T00:07:50.357Z,"12km SW of Searles Valley, CA",earthquake,0.33,0.73,0.089,7,reviewed,ci,ci
2023-06-07T15:17:34.350Z,36.122,-120.2043333,9.69,1.26,md,18,206,0.04072,0.08,nc,nc73898176,2023-06-08T01:59:18.046Z,"13km SW of Huron, CA",earthquake,0.81,0.51,0.306,11,reviewed,nc,nc
2023-06-07T15:16:28.199Z,64.2218,-148.3844,8.2,0.9,ml,,,,0.76,ak,ak02379jxtpb,2023-06-13T17:01:48.005Z,"39 km E of Clear, Alaska",earthquake,,0.3,,,reviewed,ak,ak
2023-06-07T15:13:51.650Z,19.4006666666667,-155.270666666667,0.84,0.61,md,21,42,,0.12,hv,hv73445027,2023-06-07T15:57:16.250Z,"6 km SW of Volcano, Hawaii",earthquake,0.16,0.24,0.152970842874259,2,reviewed,hv,hv
2023-06-07T15:12:08.430Z,38.9415,-123.1106667,6.96,1.74,md,43,58,0.06379,0.07,nc,nc73898166,2023-06-08T02:56:14.405Z,"17km NNW of Cloverdale, CA",earthquake,0.13,0.39,0.165,47,reviewed,nc,nc
2023-06-07T15:11:56.160Z,38.8078333,-122.7765,-0.33,1.14,md,33,43,0.006328,0.06,nc,nc73898161,2023-06-08T04:47:20.095Z,"4km NNW of The Geysers, CA",earthquake,0.11,0.28,0.233,28,reviewed,nc,nc
2023-06-07T15:11:43.080Z,58.2518333333333,-154.934,3.87,0.22,ml,5,164,,0.15,av,av91915731,2023-06-08T12:34:17.450Z,"81 km NNW of Karluk, Alaska",earthquake,0.82,2.49,0.248285841134574,5,reviewed,av,av
2023-06-07T15:07:28.610Z,19.4253333333333,-155.2755,-0.38,1.05,md,20,96,,0.12,hv,hv73445022,2023-06-07T17:37:33.250Z,"4 km WSW of Volcano, Hawaii",earthquake,0.12,0.08,0.00246933784320347,3,reviewed,hv,hv
2023-06-07T15:04:40.830Z,35.7188333,-117.539,7.38,0.71,ml,14,131,0.1078,0.12,ci,ci40479920,2023-06-07T23:58:47.277Z,"13km WSW of Searles Valley, CA",earthquake,0.35,0.96,0.127,6,reviewed,ci,ci
2023-06-07T15:01:49.700Z,44.3371667,-110.2845,11.49,0.34,md,9,187,0.05466,0.22,uu,uu60541796,2023-06-07T18:53:45.330Z,"74 km ESE of West Yellowstone, Montana",earthquake,0.95,0.72,0.048,3,reviewed,uu,uu
2023-06-07T15:00:43.413Z,64.9865,-147.3825,0,0.8,ml,,,,0.61,ak,ak02379jufgp,2023-06-14T03:04:20.467Z,"11 km ENE of Fox, Alaska",explosion,,0,,,reviewed,ak,ak
2023-06-07T14:59:57.355Z,51.581,-177.0605,35,3.2,ml,17,206,0.211,0.48,us,us7000k74d,2023-06-13T17:01:47.591Z,"43 km SW of Adak, Alaska",earthquake,3.21,1.99,0.085,18,reviewed,us,us
2023-06-07T14:58:37.570Z,19.3771666666667,-155.283,1.09,0.92,md,14,91,,0.1,hv,hv73445012,2023-06-07T17:42:42.690Z,"8 km SW of Volcano, Hawaii",earthquake,0.18,0.15,0.241848549996305,2,reviewed,hv,hv
2023-06-07T14:56:36.540Z,36.8506667,-113.5506667,8.77,1.69,ml,10,223,0.4233,0.21,uu,uu60541791,2023-06-07T18:41:54.960Z,"Arizona",earthquake,1.15,1.87,0.097,3,reviewed,uu,uu
2023-06-07T14:54:06.775Z,-35.8205,-73.6043,10,4.4,mb,34,115,0.984,0.49,us,us7000k6ws,2023-06-09T15:38:57.040Z,"105 km NNW of Tomé, Chile",earthquake,4.6,1.911,0.143,14,reviewed,us,us
2023-06-07T14:51:44.431Z,37.2565,-117.6074,8.6,1,ml,8,156.23,0.039,0.1113,nn,nn00860969,2023-06-07T16:40:42.882Z,"55 km S of Silver Peak, Nevada",earthquake,,2.9,0.46,5,reviewed,nn,nn
2023-06-07T14:48:05.720Z,58.2403333333333,-155.1555,2.49,-0.45,ml,6,143,,0.07,av,av91915721,2023-06-08T17:37:06.090Z,"",earthquake,0.28,0.43,0.200208842415248,6,reviewed,av,av
2023-06-07T14:46:59.639Z,66.2943,-161.3956,13.9,1.6,ml,,,,0.71,ak,ak02379jiw17,2023-06-13T17:01:50.291Z,"37 km NNW of Buckland, Alaska",earthquake,,0.7,,,reviewed,ak,ak
2023-06-07T14:43:46.700Z,51.4658,-177.8766,56.6,2,ml,,,,0.25,ak,ak02379ji7w1,2023-06-14T03:04:20.846Z,"97 km WSW of Adak, Alaska",earthquake,,2.1,,,reviewed,ak,ak
2023-06-07T14:43:27.010Z,19.4158333333333,-155.278333333333,0.13,3.3,ml,50,35,,0.13,hv,hv73444992,2023-06-07T21:03:11.666Z,"5 km WSW of Volcano, Hawaii",earthquake,0.12,0.13,0.188385112755523,31,reviewed,hv,hv
2023-06-07T14:41:41.965Z,60.2269,-152.5612,85.3,1.6,ml,,,,0.4,ak,ak02379jhs4a,2023-06-13T17:01:47.360Z,"53 km WNW of Ninilchik, Alaska",earthquake,,0.5,,,reviewed,ak,ak
2023-06-07T14:40:55.945Z,51.606,-175.7003,29.8,2,ml,,,,0.42,ak,ak02379jhlg1,2023-06-14T03:04:20.278Z,"71 km ESE of Adak, Alaska",earthquake,,2.4,,,reviewed,ak,ak
2023-06-07T14:38:56.680Z,19.4145,-155.277666666667,-0.02,2.82,ml,32,59,,0.11,hv,hv73444982,2023-06-09T09:28:49.040Z,"5 km SW of Volcano, Hawaii",earthquake,0.12,0.14,0.146493694062987,11,reviewed,hv,hv
2023-06-07T14:38:18.010Z,19.421,-155.279166666667,0.36,2.39,ml,29,62,,0.12,hv,hv73444977,2023-06-07T16:09:51.540Z,"5 km WSW of Volcano, Hawaii",earthquake,0.15,0.1,0.141957809511879,13,reviewed,hv,hv
2023-06-07T14:38:09.069Z,62.3459,-149.1119,3,1.8,ml,,,,0.76,ak,ak02379jh2eg,2023-06-14T03:04:20.040Z,"43 km ENE of Susitna North, Alaska",earthquake,,0.3,,,reviewed,ak,ak
2023-06-07T14:34:19.930Z,19.3983333333333,-155.281666666667,0.58,0.86,md,27,34,,0.1,hv,hv73444972,2023-06-07T17:50:15.060Z,"7 km SW of Volcano, Hawaii",earthquake,0.14,0.11,0.0537146945135818,4,reviewed,hv,hv
2023-06-07T14:33:50.277Z,60.1796,-152.6967,115.8,2.4,ml,,,,0.63,ak,ak02379jg2yt,2023-06-13T17:01:46.563Z,"58 km WNW of Ninilchik, Alaska",earthquake,,0.4,,,reviewed,ak,ak
2023-06-07T14:28:48.370Z,19.4041666666667,-155.261,0.54,2.21,ml,29,63,,0.1,hv,hv73444962,2023-06-07T17:57:29.600Z,"5 km SSW of Volcano, Hawaii",earthquake,0.12,0.14,0.118432450628339,11,reviewed,hv,hv
2023-06-07T14:27:50.130Z,19.4048333333333,-155.259333333333,0.61,1.17,md,17,87,,0.12,hv,hv73444957,2023-06-09T20:38:45.890Z,"4 km SSW of Volcano, Hawaii",earthquake,0.16,0.19,0.0263383177045106,2,reviewed,hv,hv
2023-06-07T14:24:16.570Z,19.417,-155.281666666667,-0.19,2.31,ml,39,32,,0.13,hv,hv73444952,2023-06-07T18:06:22.420Z,"5 km WSW of Volcano, Hawaii",earthquake,0.1,0.11,0.150005882801405,18,reviewed,hv,hv
2023-06-07T14:21:00.010Z,19.4168333333333,-155.280833333333,0.41,2.12,ml,22,58,,0.11,hv,hv73444942,2023-06-08T00:52:16.460Z,"5 km WSW of Volcano, Hawaii",earthquake,0.13,0.16,0.244956722617698,9,reviewed,hv,hv
2023-06-07T14:20:28.400Z,19.4038333333333,-155.281666666667,0.68,1.57,ml,20,37,,0.06,hv,hv73444937,2023-06-08T01:01:28.080Z,"6 km SW of Volcano, Hawaii",earthquake,0.13,0.13,0.105316639515875,8,reviewed,hv,hv
2023-06-07T14:20:17.550Z,38.8238335,-122.8538361,3.1,0.82,md,17,85,0.01471,0.02,nc,nc73898151,2023-06-07T16:05:18.317Z,"10km WNW of The Geysers, CA",earthquake,0.32,0.6,0.22,17,automatic,nc,nc
2023-06-07T14:20:08.070Z,58.1791666666667,-155.338333333333,0.9,-0.26,ml,6,169,,0.06,av,av91915696,2023-06-08T12:21:52.760Z,"Alaska Peninsula",earthquake,0.31,1.03,0.190147414171823,6,reviewed,av,av
2023-06-07T14:16:39.160Z,19.3918333333333,-155.276833333333,1.68,2.25,ml,28,49,,0.12,hv,hv73444922,2023-06-08T01:00:06.320Z,"7 km SW of Volcano, Hawaii",earthquake,0.19,0.17,0.240408907912298,15,reviewed,hv,hv
2023-06-07T14:15:08.090Z,19.414,-155.295833333333,1.57,2.1,ml,22,69,,0.1,hv,hv73444917,2023-06-08T01:08:49.870Z,"7 km WSW of Volcano, Hawaii",earthquake,0.18,0.12,0.0833934485231691,7,reviewed,hv,hv
2023-06-07T14:13:22.990Z,19.4183333333333,-155.2765,-0.16,2.21,ml,35,71,,0.12,hv,hv73444912,2023-06-08T01:17:28.970Z,"Island of Hawaii, Hawaii",earthquake,0.11,0.12,0.0959817090645265,9,reviewed,hv,hv
2023-06-07T14:12:04.340Z,19.3953333333333,-155.285166666667,0.23,2.03,ml,20,44,,0.09,hv,hv73444907,2023-06-08T01:16:38.350Z,"",earthquake,0.12,0.16,0.116366582075505,13,reviewed,hv,hv
2023-06-07T14:07:40.580Z,19.4135,-155.275833333333,0.34,2.31,ml,37,55,,0.13,hv,hv73444902,2023-06-07T14:25:53.640Z,"5 km SW of Volcano, Hawaii",earthquake,0.12,0.13,0.109277607136139,14,reviewed,hv,hv
2023-06-07T14:05:41.120Z,19.4163333333333,-155.282,0.6,1.85,ml,28,45,,0.11,hv,hv73444892,2023-06-09T21:03:56.000Z,"5 km WSW of Volcano, Hawaii",earthquake,0.13,0.12,0.150916897982429,8,reviewed,hv,hv
2023-06-07T14:05:06.720Z,58.1855,-155.282,1.68,-0.24,ml,5,148,,0.04,av,av91915686,2023-06-08T12:19:35.880Z,"84 km NW of Karluk, Alaska",earthquake,0.36,0.86,0.220204569700196,5,reviewed,av,av
2023-06-07T14:05:06.680Z,19.4041666666667,-155.277,1.67,0.67,md,15,127,,0.12,hv,hv73444887,2023-06-08T01:24:59.720Z,"6 km SW of Volcano, Hawaii",earthquake,0.37,0.27,0.11215543645653,2,reviewed,hv,hv
2023-06-07T14:04:03.430Z,19.4046666666667,-155.282,0.52,0.64,md,17,55,,0.09,hv,hv73444877,2023-06-07T14:25:03.630Z,"6 km SW of Volcano, Hawaii",earthquake,0.13,0.21,0.0635307106631853,2,reviewed,hv,hv
2023-06-07T13:54:47.660Z,19.4081666666667,-155.262166666667,0.55,1.95,ml,25,68,,0.1,hv,hv73444847,2023-06-08T01:28:08.290Z,"4 km SW of Volcano, Hawaii",earthquake,0.13,0.17,0.125365648517097,11,reviewed,hv,hv
2023-06-07T13:48:45.060Z,51.863,-177.850333333333,4.1,1.24,ml,5,221,,0.02,av,av91915676,2023-06-08T06:19:59.030Z,"",earthquake,0.56,1.19,0.157155100021089,5,reviewed,av,av
2023-06-07T13:48:31.590Z,17.9481666666667,-67.0076666666667,10.28,1.87,md,3,224,0.04072,0.11,pr,pr71412593,2023-06-07T14:09:21.830Z,"5 km SE of La Parguera, Puerto Rico",earthquake,2.61,1.11,0.0495761141247545,2,reviewed,pr,pr
2023-06-07T13:40:19.150Z,19.41,-155.279833333333,0.45,1.94,ml,33,46,,0.1,hv,hv73444812,2023-06-13T22:33:13.340Z,"6 km SW of Volcano, Hawaii",earthquake,0.12,0.13,0.195654119711374,13,reviewed,hv,hv
2023-06-07T13:40:03.720Z,36.5695,-121.0455,7.23,1.14,md,27,119,0.01016,0.18,nc,nc73898146,2023-06-08T03:38:14.674Z,"10km ENE of Pinnacles, CA",earthquake,0.75,0.69,0.159,17,reviewed,nc,nc
2023-06-07T13:36:52.090Z,19.4116666666667,-155.280833333333,0.63,1.81,ml,20,55,,0.07,hv,hv73444807,2023-06-07T13:56:11.310Z,"6 km SW of Volcano, Hawaii",earthquake,0.14,0.18,0.167250620886955,9,reviewed,hv,hv
2023-06-07T13:35:28.230Z,19.4113333333333,-155.283666666667,0.79,1.85,ml,25,45,,0.08,hv,hv73444802,2023-06-13T22:37:19.540Z,"Island of Hawaii, Hawaii",earthquake,0.13,0.13,0.1849211961794,9,reviewed,hv,hv
2023-06-07T13:35:08.818Z,62.3599,-148.2373,44.2,1,ml,,,,0.63,ak,ak02379iuzmp,2023-06-13T17:01:49.863Z,"63 km N of Chickaloon, Alaska",earthquake,,1.1,,,reviewed,ak,ak
2023-06-07T13:30:14.670Z,58.2173333333333,-155.102666666667,5.13,0.2,ml,7,100,,0.23,av,av91915666,2023-06-08T06:17:02.590Z,"81 km NNW of Karluk, Alaska",earthquake,0.51,1.6,0.319610126789575,8,reviewed,av,av
2023-06-07T13:25:26.128Z,61.2873,-150.6992,64.3,1.4,ml,,,,0.28,ak,ak02379isvrb,2023-06-13T17:01:46.341Z,"26 km NE of Beluga, Alaska",earthquake,,0.6,,,reviewed,ak,ak
2023-06-07T13:24:21.801Z,66.9687,-157.5644,3,1.9,ml,,,,0.49,ak,ak02379isnrc,2023-06-14T03:04:20.658Z,"18 km SE of Ambler, Alaska",earthquake,,0.7,,,reviewed,ak,ak
2023-06-07T13:22:18.760Z,19.413,-155.2775,0.94,2,ml,35,55,,0.09,hv,hv73444762,2023-06-08T01:46:23.370Z,"Island of Hawaii, Hawaii",earthquake,0.11,0.09,0.134373888891074,13,reviewed,hv,hv
2023-06-07T13:19:17.970Z,19.4148333333333,-155.277666666667,0.73,2.24,ml,38,60,,0.12,hv,hv73444757,2023-06-07T13:38:52.970Z,"5 km SW of Volcano, Hawaii",earthquake,0.12,0.12,0.152946098872489,15,reviewed,hv,hv
2023-06-07T13:18:12.840Z,58.1836666666667,-155.334,1.5,0.23,ml,7,108,,0.05,av,av91915636,2023-06-08T06:10:42.880Z,"86 km NW of Karluk, Alaska",earthquake,0.23,0.71,0.331220338736041,7,reviewed,av,av
2023-06-07T13:08:38.210Z,38.836,-122.7993333,1.8,-0.34,md,12,64,0.007421,0.01,nc,nc73898141,2023-06-08T00:21:37.116Z,"7km WNW of Cobb, CA",earthquake,0.26,0.64,0.13,11,reviewed,nc,nc
2023-06-07T13:07:03.270Z,19.4106666666667,-155.274666666667,0.86,1.84,ml,26,46,,0.08,hv,hv73444722,2023-06-07T13:30:52.420Z,"5 km SW of Volcano, Hawaii",earthquake,0.14,0.19,0.225377762360352,12,reviewed,hv,hv
2023-06-07T13:04:42.590Z,33.1015,-116.4661667,11.45,1.69,ml,70,22,0.03367,0.16,ci,ci40479872,2023-06-07T23:54:27.300Z,"13km ENE of Julian, CA",earthquake,0.15,0.51,0.106,24,reviewed,ci,ci
2023-06-07T13:02:21.280Z,58.2475,-155.133,1.75,-0.19,ml,6,152,,0.08,av,av91915621,2023-06-08T04:27:22.350Z,"",earthquake,0.36,1.28,0.13782692150176,6,reviewed,av,av
2023-06-07T13:01:54.800Z,19.4086666107178,-155.274993896484,0.300000011920929,1.79999995,md,13,76,,0.140000001,hv,hv73444707,2023-06-07T13:04:54.970Z,"Island of Hawaii, Hawaii",earthquake,0.2,0.340000004,1.27999997,10,automatic,hv,hv
2023-06-07T13:01:30.720Z,19.3565,-155.04,0.59,0.88,md,15,191,,0.15,hv,hv73444702,2023-06-08T01:59:10.340Z,"15 km SE of Fern Forest, Hawaii",earthquake,0.47,0.35,0.196106507885366,4,reviewed,hv,hv
2023-06-07T12:57:19.100Z,19.4145,-155.2695,1.31,2.09,ml,23,49,,0.08,hv,hv73444687,2023-06-13T23:24:50.500Z,"4 km SW of Volcano, Hawaii",earthquake,0.15,0.16,0.0578764905159654,4,reviewed,hv,hv
2023-06-07T12:56:36.710Z,19.4096666666667,-155.2755,0.94,2,ml,23,45,,0.11,hv,hv73444682,2023-06-13T23:08:20.700Z,"5 km SW of Volcano, Hawaii",earthquake,0.14,0.16,0.133567007006944,7,reviewed,hv,hv
2023-06-07T12:53:42.440Z,19.4106666666667,-155.274333333333,0.99,2.29,ml,30,46,,0.09,hv,hv73444677,2023-06-07T13:16:33.680Z,"Island of Hawaii, Hawaii",earthquake,0.13,0.13,0.163534877527455,8,reviewed,hv,hv
2023-06-07T12:53:09.380Z,19.3971666666667,-155.258666666667,-0.16,2.2,ml,19,54,,0.27,hv,hv73444672,2023-06-07T13:22:21.220Z,"5 km SSW of Volcano, Hawaii",earthquake,0.17,0.25,0.121467477932112,2,reviewed,hv,hv
2023-06-07T12:52:09.530Z,19.4061666666667,-155.275333333333,1.24,0.79,md,20,39,,0.13,hv,hv73444662,2023-06-08T02:17:35.630Z,"5 km SW of Volcano, Hawaii",earthquake,0.18,0.24,0.117091755199801,5,reviewed,hv,hv
2023-06-07T12:47:09.730Z,38.8171654,-122.8231659,2.31,1.06,md,19,50,0.009524,0.03,nc,nc73898131,2023-06-07T14:58:15.930Z,"7km NW of The Geysers, CA",earthquake,0.24,0.55,0.17,21,automatic,nc,nc
2023-06-07T12:43:56.086Z,61.6969,-149.8553,28.2,1.2,ml,,,,0.6,ak,ak02379ibcok,2023-06-13T17:01:46.118Z,"7 km NNW of Houston, Alaska",earthquake,,1.4,,,reviewed,ak,ak
2023-06-07T12:42:39.781Z,64.5962,-149.419,17,0.6,ml,,,,0.64,ak,ak02379ib4ey,2023-06-14T03:04:19.844Z,"14 km W of Four Mile Road, Alaska",earthquake,,0.3,,,reviewed,ak,ak
2023-06-07T12:41:30.122Z,36.7201,-115.923,6.6,-0.2,ml,6,220.15,0.051,0.0988,nn,nn00860976,2023-06-07T17:51:43.292Z,"28 km NW of Indian Springs, Nevada",earthquake,,2.7,0.08,3,reviewed,nn,nn
2023-06-07T12:40:52.450Z,19.4106666666667,-155.275,1.22,2.08,ml,27,47,,0.1,hv,hv73444627,2023-06-08T02:35:29.710Z,"5 km SW of Volcano, Hawaii",earthquake,0.14,0.15,0.214721394008636,10,reviewed,hv,hv
2023-06-07T12:40:13.966Z,62.7294,-150.44,6.2,1,ml,,,,0.85,ak,ak02379iamzt,2023-06-13T17:01:45.684Z,"30 km NNE of Petersville, Alaska",earthquake,,0.3,,,reviewed,ak,ak
2023-06-07T12:35:34.610Z,19.4118333333333,-155.2675,1.12,3.44,ml,55,39,,0.11,hv,hv73444617,2023-06-20T05:11:55.040Z,"4 km SW of Volcano, Hawaii",earthquake,0.12,0.12,0.201232872577562,32,reviewed,hv,hv
2023-06-07T12:28:44.676Z,53.4628,-163.3693,37.8,2.3,ml,,,,0.57,ak,ak02379i84s3,2023-06-13T17:01:49.479Z,"154 km S of False Pass, Alaska",earthquake,,1,,,reviewed,ak,ak
2023-06-07T12:26:38.685Z,42.0531,24.836,10,4.6,mb,106,26,1.048,0.77,us,us7000k6vb,2023-06-20T05:11:13.822Z,"4 km NNW of Asenovgrad, Bulgaria",earthquake,5.32,1.87,0.082,45,reviewed,us,us
2023-06-07T12:26:27.200Z,19.4101657867432,-155.287673950195,0.670000016689301,1.78999996,md,16,58,,0.0700000003,hv,hv73444592,2023-06-07T12:40:48.683Z,"6 km WSW of Volcano, Hawaii",earthquake,0.19,0.150000006,1.21000004,12,automatic,hv,hv
2023-06-07T12:25:24.720Z,45.4514,-111.8104,13.32,2.5,ml,71,39,0.193,0.3,us,us7000k6va,2023-06-20T05:07:36.039Z,"Western Montana",earthquake,1.57,7.449,0.049,55,reviewed,us,us
2023-06-07T12:24:05.365Z,53.674,-163.5719,35,2.7,ml,20,220,1.056,0.56,us,us7000k87m,2023-06-20T05:05:39.040Z,"131 km S of False Pass, Alaska",earthquake,2.54,2.009,0.097,14,reviewed,us,us
2023-06-07T12:22:33.760Z,19.42,-155.2855,1.76,0.34,md,12,109,,0.09,hv,hv73444577,2023-06-07T12:39:03.300Z,"Island of Hawaii, Hawaii",earthquake,0.22,0.21,0.00316316556724083,2,reviewed,hv,hv
2023-06-07T12:16:22.149Z,35.13833333,-97.72433333,6.49,1.15,ml,55,40,0.09088216582,0.37,ok,ok2023lbuh,2023-06-08T15:59:53.990Z,"6 km W of Blanchard, Oklahoma",earthquake,,0.7,0.26,22,reviewed,ok,ok
2023-06-07T12:14:12.232Z,61.7584,-147.0696,29.6,1.1,ml,,,,0.7,ak,ak02379i528b,2023-06-13T17:01:45.263Z,"20 km SSE of Eureka Roadhouse, Alaska",earthquake,,0.4,,,reviewed,ak,ak
2023-06-07T12:13:05.439Z,-16.7731,147.0246,10.451,4.5,mb,16,149,1.266,0.36,us,us7000k8eq,2023-06-20T05:03:18.040Z,"122 km ENE of Yarrabah, Australia",earthquake,6.61,4.685,0.18,9,reviewed,us,us
2023-06-07T12:11:45.100Z,58.1738333333333,-155.330833333333,0.81,0.42,ml,9,114,,0.04,av,av91915591,2023-06-08T04:23:23.950Z,"Alaska Peninsula",earthquake,0.17,0.95,0.336885084091022,9,reviewed,av,av
2023-06-07T12:10:53.460Z,19.3976666666667,-155.269666666667,0.9,0.43,md,16,42,,0.07,hv,hv73444532,2023-06-07T12:22:47.820Z,"6 km SW of Volcano, Hawaii",earthquake,0.15,0.26,0.12122377704185,2,reviewed,hv,hv
2023-06-07T12:04:09.692Z,62.4937,-151.0546,76.4,1,ml,,,,0.41,ak,ak02379i2ww9,2023-06-13T17:01:49.285Z,"14 km W of Petersville, Alaska",earthquake,,0.8,,,reviewed,ak,ak
2023-06-07T12:02:58.670Z,19.4101666666667,-155.274666666667,0.98,0.54,md,18,45,,0.07,hv,hv73444512,2023-06-07T12:16:15.370Z,"Island of Hawaii, Hawaii",earthquake,0.15,0.25,0.0705874323233495,2,reviewed,hv,hv
2023-06-07T11:56:26.760Z,19.4161666666667,-155.261666666667,1.45,0.39,md,17,87,,0.07,hv,hv73444487,2023-06-07T12:08:39.890Z,"4 km SW of Volcano, Hawaii",earthquake,0.17,0.27,0.103754439335205,3,reviewed,hv,hv
2023-06-07T11:53:53.420Z,35.34566667,-98.0885,6.46,0.89,ml,19,85,0.09268181267,0.25,ok,ok2023lbtn,2023-06-08T16:31:55.123Z,"Oklahoma",earthquake,,0.8,0.24,6,reviewed,ok,ok
2023-06-07T11:50:32.073Z,38.5534,-119.5387,4.8,0.7,ml,6,166.8,0.036,0.1198,nn,nn00860968,2023-06-07T12:52:26.634Z,"3 km WSW of Coleville, California",earthquake,,2.4,0.12,2,reviewed,nn,nn
2023-06-07T11:47:23.460Z,50.0568333333333,-114.897666666667,5.04,2.98,ml,28,253,0.5782,0.14,mb,mb90017018,2023-06-08T07:54:13.034Z,"Alberta, Canada",earthquake,0.92,0.7,0.200774358578821,20,reviewed,mb,mb
2023-06-07T11:42:01.129Z,35.3495,-98.074,6.43,1.14,ml,51,57,0.082783755,0.37,ok,ok2023lbtd,2023-06-08T15:49:55.300Z,"12 km WNW of Minco, Oklahoma",earthquake,,0.7,0.21,21,reviewed,ok,ok
2023-06-07T11:40:41.080Z,19.4036666666667,-155.286833333333,0.55,0.34,md,19,45,,0.08,hv,hv73444442,2023-06-07T11:56:35.820Z,"7 km SW of Volcano, Hawaii",earthquake,0.14,0.2,0.0721598631889087,2,reviewed,hv,hv
2023-06-07T11:40:14.720Z,19.411,-155.2635,0.92,0.39,md,18,70,,0.08,hv,hv73444437,2023-06-07T12:02:43.110Z,"4 km SW of Volcano, Hawaii",earthquake,0.15,0.28,0.123907374392486,3,reviewed,hv,hv
2023-06-07T11:38:38.346Z,40.2537,-119.6645,14,0.8,ml,5,284.24,0.099,0.2164,nn,nn00860967,2023-06-07T12:49:19.633Z,"34 km N of Sutcliffe, Nevada",earthquake,,2.3,0.08,4,reviewed,nn,nn
2023-06-07T11:36:48.540Z,19.4086666666667,-155.285333333333,0.34,0.26,md,16,42,,0.07,hv,hv73444422,2023-06-07T11:49:09.180Z,"6 km SW of Volcano, Hawaii",earthquake,0.12,0.21,0.0248378922004599,2,reviewed,hv,hv
2023-06-07T11:33:52.540Z,38.8479996,-122.8150024,1.1,0.63,md,11,76,0.009312,0.03,nc,nc73898121,2023-06-07T11:49:15.722Z,"8km WNW of Cobb, CA",earthquake,0.27,0.69,0.45,12,automatic,nc,nc
2023-06-07T11:19:45.850Z,61.6972,-150.8301,54.2,1.5,ml,,,,0.59,ak,ak02379hkrqc,2023-06-13T17:08:53.039Z,"24 km NW of Susitna, Alaska",earthquake,,0.6,,,reviewed,ak,ak
2023-06-07T11:16:05.290Z,19.404167175293,-155.288330078125,0.560000002384186,1.92999995,md,21,46,,0.340000004,hv,hv73444347,2023-06-07T11:19:17.100Z,"Island of Hawaii, Hawaii",earthquake,0.3,0.289999992,0.810000002,12,automatic,hv,hv
2023-06-07T11:14:11.910Z,19.4095,-155.275166666667,1.11,1.93,ml,27,45,,0.08,hv,hv73444342,2023-06-08T02:39:41.900Z,"",earthquake,0.14,0.15,0.227277876496223,12,reviewed,hv,hv
2023-06-07T11:13:48.489Z,63.4414,-151.2078,5.7,1.3,ml,,,,0.93,ak,ak02379hjhq3,2023-06-13T17:01:44.833Z,"27 km ESE of Denali National Park, Alaska",earthquake,,0.3,,,reviewed,ak,ak
2023-06-07T11:10:37.000Z,19.4076666666667,-155.2845,1.09,2.77,ml,26,41,,0.1,hv,hv73444337,2023-06-20T04:56:04.040Z,"Island of Hawaii, Hawaii",earthquake,0.15,0.16,0.137464111102241,18,reviewed,hv,hv
2023-06-07T11:10:21.970Z,19.4091666666667,-155.284166666667,1.01,1.85,ml,25,46,,0.09,hv,hv73444332,2023-06-07T16:48:13.840Z,"6 km SW of Volcano, Hawaii",earthquake,0.14,0.17,0.202762129872007,11,reviewed,hv,hv
2023-06-07T11:09:58.950Z,37.5668333,-118.8046667,4.34,0.63,md,11,288,0.03022,0.02,nc,nc73898116,2023-06-07T17:05:18.640Z,"11km W of Toms Place, CA",earthquake,0.77,0.64,0.065,10,reviewed,nc,nc
2023-06-07T11:06:05.180Z,32.2263333,-115.2896667,1.55,2.16,ml,27,45,0.09118,0.27,ci,ci40479856,2023-06-07T23:33:28.960Z,"11km W of Alberto Oviedo Mota, B.C., MX",earthquake,0.3,0.73,0.275,19,reviewed,ci,ci
2023-06-07T11:05:32.860Z,58.1873333333333,-155.2935,2.37,-0.49,ml,5,194,,0.06,av,av91915551,2023-06-08T04:19:09.260Z,"84 km NW of Karluk, Alaska",earthquake,0.96,0.58,0.168560706295412,5,reviewed,av,av
2023-06-07T11:01:18.100Z,32.2091667,-115.2643333,9.92,2.56,ml,25,59,0.07586,0.29,ci,ci40479848,2023-06-20T04:53:46.040Z,"9km WSW of Alberto Oviedo Mota, B.C., MX",earthquake,0.42,0.91,0.224,26,reviewed,ci,ci
2023-06-07T10:55:48.024Z,31.95073992,-103.3367116,6.902807617,2.7,ml,13,83,0.03978515698,0.1,tx,tx2023lbro,2023-06-20T04:52:14.040Z,"22 km SW of Jal, New Mexico",earthquake,0.9224402647,0.7743648219,0.2,12,reviewed,tx,tx
2023-06-07T10:49:03.480Z,35.35283333,-98.09566667,7.15,0.78,ml,11,107,0.08998234239,0.1,ok,ok2023lbrk,2023-06-08T16:24:19.501Z,"14 km WNW of Minco, Oklahoma",earthquake,,0.5,0.08,6,reviewed,ok,ok
2023-06-07T10:44:08.850Z,58.175,-155.327666666667,0.56,-0.22,ml,4,245,,0.02,av,av91915546,2023-06-08T04:16:52.840Z,"85 km NW of Karluk, Alaska",earthquake,0.54,1.29,0.193291659782495,4,reviewed,av,av
2023-06-07T10:39:47.420Z,19.4143333333333,-155.272333333333,1.35,1.77,ml,27,54,,0.07,hv,hv73444277,2023-06-13T23:33:37.600Z,"",earthquake,0.14,0.14,0.16996163856254,12,reviewed,hv,hv
2023-06-07T10:37:15.649Z,37.2769,-117.6081,7.6,1.1,ml,11,161.04,0.054,0.1951,nn,nn00860961,2023-06-07T12:33:49.585Z,"California-Nevada border region",earthquake,,2.2,0.84,7,reviewed,nn,nn
2023-06-07T10:36:45.369Z,55.0518,-162.2822,3.1,1.9,ml,,,,0.85,ak,ak02379h2zgw,2023-06-13T17:01:44.637Z,"2 km ESE of King Cove, Alaska",earthquake,,0.1,,,reviewed,ak,ak
2023-06-07T10:34:42.880Z,19.4063333333333,-155.2635,1.2,0.67,md,21,62,,0.09,hv,hv73444267,2023-06-07T10:53:49.100Z,"5 km SW of Volcano, Hawaii",earthquake,0.16,0.26,0.203209012879439,4,reviewed,hv,hv
2023-06-07T10:33:30.029Z,64.6151,-148.7259,21.5,0.6,ml,,,,0.72,ak,ak02379h2b0n,2023-06-13T17:01:44.429Z,"Central Alaska",earthquake,,0.1,,,reviewed,ak,ak
2023-06-07T10:32:05.013Z,16.8315,95.6686,14.76,4.4,mb,26,100,2.965,0.45,us,us7000k8en,2023-06-20T04:49:49.040Z,"near the south coast of Myanmar",earthquake,8.52,2.173,0.155,12,reviewed,us,us
2023-06-07T10:28:28.390Z,58.3051666666667,-154.844833333333,17.16,0.88,ml,7,202,,0.19,av,av91915526,2023-06-08T00:47:30.870Z,"85 km NNW of Karluk, Alaska",earthquake,0.92,1.05,0.337425752205115,8,reviewed,av,av
2023-06-07T10:20:19.460Z,36.1208333,-120.2258333,8.96,1.13,md,21,244,0.02431,0.08,nc,nc73898111,2023-06-15T04:05:14.308Z,"12km E of Coalinga, CA",earthquake,0.87,0.51,0.225,11,reviewed,nc,nc
2023-06-07T10:16:59.791Z,13.8062,122.8763,21.012,4.5,mb,42,122,9.124,0.79,us,us7000k8em,2023-06-18T13:04:42.630Z,"Luzon, Philippines",earthquake,12.68,6.608,0.101,29,reviewed,us,us
2023-06-07T10:14:41.930Z,58.1831666666667,-155.311333333333,1.32,-0.04,ml,5,158,,0.04,av,av91106878,2023-06-08T00:41:20.310Z,"85 km NW of Karluk, Alaska",earthquake,0.22,0.76,0.320991744133081,5,reviewed,av,av
2023-06-07T10:14:21.130Z,58.183,-155.2755,0.66,-0.5,ml,6,149,,0.02,av,av91915516,2023-06-08T00:38:54.480Z,"83 km NW of Karluk, Alaska",earthquake,0.27,1.26,0.227739623094739,6,reviewed,av,av
2023-06-07T10:08:24.410Z,62.8464,-148.7872,59.7,1.6,ml,,,,0.71,ak,ak02379gwwcg,2023-06-13T17:01:44.157Z,"61 km S of Cantwell, Alaska",earthquake,,0.3,,,reviewed,ak,ak
2023-06-07T10:01:20.470Z,41.6283333,-112.4315,3.39,1.09,md,16,88,0.04606,0.14,uu,uu60541781,2023-06-07T13:22:35.340Z,"13 km WSW of Thatcher, Utah",earthquake,0.43,2.99,0.09,8,reviewed,uu,uu
2023-06-07T10:01:04.260Z,19.4015,-155.2735,1.03,0.56,md,19,39,,0.1,hv,hv73444182,2023-06-07T10:16:36.900Z,"6 km SW of Volcano, Hawaii",earthquake,0.15,0.24,0.0222875405627397,3,reviewed,hv,hv
2023-06-07T10:00:29.340Z,19.4093333333333,-155.2875,2.54,0.65,md,16,86,,0.1,hv,hv73444177,2023-06-07T10:40:56.030Z,"",earthquake,0.27,0.41,0.0733749272207019,3,reviewed,hv,hv
2023-06-07T09:54:40.899Z,12.9427,144.8532,53.947,4.3,mb,20,163,2.458,0.31,us,us7000k8el,2023-06-18T08:26:02.040Z,"Guam region",earthquake,14.08,9.755,0.133,16,reviewed,us,us
2023-06-07T09:53:50.688Z,16.8608,95.5418,10,4.8,mb,77,100,2.957,0.58,us,us7000k6tu,2023-06-18T08:25:07.587Z,"18 km NW of Maubin, Myanmar",earthquake,7.99,1.827,0.075,54,reviewed,us,us
2023-06-07T09:53:19.659Z,32.36297607,-102.0806736,8.877075195,1.9,ml,25,81,0.07836586069,0.2,tx,tx2023lbpo,2023-06-08T19:29:49.448Z,"37 km NW of Stanton, Texas",earthquake,1.030293527,1.607221725,0.1,19,reviewed,tx,tx
2023-06-07T09:51:15.427Z,55.2533,-159.5091,4.1,1.9,ml,,,,0.51,ak,ak02379gkp6e,2023-06-13T17:01:49.090Z,"Alaska Peninsula",earthquake,,0.5,,,reviewed,ak,ak
2023-06-07T09:50:31.150Z,33.3361667,-116.349,16.21,0.75,ml,14,117,0.08862,0.22,ci,ci40479824,2023-06-07T13:30:20.042Z,"9km NNE of Borrego Springs, CA",earthquake,0.53,1.02,0.162,14,reviewed,ci,ci
2023-06-07T09:49:42.221Z,46.5299,152.6532,52.128,4.4,mb,34,137,6.812,0.44,us,us7000k6tq,2023-06-18T06:57:31.040Z,"Kuril Islands",earthquake,11.66,8.521,0.112,23,reviewed,us,us
2023-06-07T09:49:04.540Z,17.9688333333333,-66.9731666666667,8.32,2.22,md,5,186,0.06764,0.07,pr,pr71412588,2023-06-07T10:07:27.170Z,"6 km WSW of Fuig, Puerto Rico",earthquake,0.61,1.04,0.0218031167018697,3,reviewed,pr,pr
2023-06-07T09:48:47.070Z,38.7845001,-122.7405014,-0.74,0.4,md,7,98,0.00321,0.02,nc,nc73898106,2023-06-07T10:11:18.144Z,"2km ENE of The Geysers, CA",earthquake,0.87,6.01,0.17,7,automatic,nc,nc
2023-06-07T09:48:10.675Z,59.4181,-152.9287,78.3,2.1,ml,,,,0.65,ak,ak02379gk1ne,2023-06-13T17:01:43.865Z,"57 km W of Nanwalek, Alaska",earthquake,,0.3,,,reviewed,ak,ak
2023-06-07T09:47:25.470Z,31.99673398,-103.825606,7.121325684,2,ml,20,58,0.02040287776,0.1,tx,tx2023lbpj,2023-06-07T22:30:37.279Z,"34 km SE of Malaga, New Mexico",earthquake,0.4871839288,0.4632670874,0.2,28,reviewed,tx,tx
2023-06-07T09:46:28.870Z,35.8805,-117.7063333,13.48,0.44,ml,5,165,0.08612,0.12,ci,ci37526117,2023-06-07T22:34:34.058Z,"19km ESE of Little Lake, CA",earthquake,0.64,1.3,0.09,3,reviewed,ci,ci
2023-06-07T09:45:59.660Z,35.874,-117.711,11.98,0.68,ml,10,109,0.07862,0.07,ci,ci40479816,2023-06-07T22:29:33.301Z,"19km ESE of Little Lake, CA",earthquake,0.25,0.56,0.153,3,reviewed,ci,ci
2023-06-07T09:45:35.640Z,19.4186666666667,-155.3255,3.35,0.49,md,20,85,,0.09,hv,hv73444137,2023-06-07T10:10:35.190Z,"9 km WSW of Volcano, Hawaii",earthquake,0.35,0.55,0.0210922390931822,5,reviewed,hv,hv
2023-06-07T09:44:03.520Z,35.12316667,-97.75616667,9.46,0.42,ml,7,199,0.08098410816,0.06,ok,ok2023lbpg,2023-06-08T16:16:29.415Z,"9 km W of Blanchard, Oklahoma",earthquake,,1.2,0.27,4,reviewed,ok,ok
2023-06-07T09:38:40.370Z,37.9886667,-122.2468333,8.25,1.11,md,40,93,0.0266,0.07,nc,nc73898101,2023-06-08T00:48:15.599Z,"4km ENE of El Sobrante, CA",earthquake,0.15,0.24,0.225,32,reviewed,nc,nc
2023-06-07T09:36:00.969Z,62.5213,-151.5971,96.4,1.4,ml,,,,0.42,ak,ak02379ghgb3,2023-06-13T17:01:43.660Z,"42 km W of Petersville, Alaska",earthquake,,0.7,,,reviewed,ak,ak
2023-06-07T09:33:18.050Z,41.516,-112.1728333,5.37,0.72,md,16,65,0.0941,0.14,uu,uu60541776,2023-06-07T14:15:02.770Z,"Utah",earthquake,0.32,1.61,0.152,7,reviewed,uu,uu
2023-06-07T09:30:49.842Z,62.0786,-150.4291,3.3,1.4,ml,,,,0.77,ak,ak02379gg9so,2023-06-13T17:01:43.435Z,"28 km SSW of Trapper Creek, Alaska",earthquake,,0.3,,,reviewed,ak,ak
2023-06-07T09:30:09.360Z,63.5629,-149.2458,100.1,1,ml,,,,0.58,ak,ak02379gg6o8,2023-06-13T17:01:48.891Z,"24 km NW of Cantwell, Alaska",earthquake,,1.3,,,reviewed,ak,ak
2023-06-07T09:22:10.270Z,19.3956661224365,-155.271667480469,1.12000000476837,1.74,ml,17,61,,0.109999999,hv,hv73444062,2023-06-07T09:27:41.360Z,"6 km SW of Volcano, Hawaii",earthquake,0.32,0.200000003,0.24,8,automatic,hv,hv
2023-06-07T09:18:25.050Z,18.0043333333333,-66.8346666666667,17.17,2.33,md,5,163,0.05147,0.08,pr,pr71412573,2023-06-07T09:55:44.070Z,"1 km NW of Indios, Puerto Rico",earthquake,0.67,0.83,0.135604455978245,5,reviewed,pr,pr
2023-06-07T09:09:08.180Z,53.659,-166.991333333333,12.26,0.24,ml,8,204,,0.17,av,av91915476,2023-06-07T21:19:33.970Z,"Fox Islands, Aleutian Islands, Alaska",earthquake,1.97,1.34,0.217298415583237,9,reviewed,av,av
2023-06-07T09:07:39.373Z,62.4816,-152.0805,107.5,1.5,ml,,,,0.44,ak,ak02379gbbgv,2023-06-13T17:01:43.214Z,"65 km NNW of Skwentna, Alaska",earthquake,,0.8,,,reviewed,ak,ak
2023-06-07T09:06:54.991Z,66.4051,-141.9542,8.4,2.1,ml,,,,0.84,ak,ak02379gb50s,2023-06-13T17:01:42.988Z,"83 km ESE of Chalkyitsik, Alaska",earthquake,,0.5,,,reviewed,ak,ak
2023-06-07T09:00:29.905Z,54.4522,-158.017,3,2.8,ml,,,,0.51,ak,ak02379g9sry,2023-06-13T17:01:48.695Z,"177 km SSE of Perryville, Alaska",earthquake,,6.3,,,reviewed,ak,ak
2023-06-07T08:57:48.546Z,64.058,-149.2477,10.6,1,ml,,,,0.81,ak,ak02379g0meo,2023-06-13T17:01:42.777Z,"7 km NW of Ferry, Alaska",earthquake,,0.3,,,reviewed,ak,ak
2023-06-07T08:55:58.362Z,58.35,-154.9254,4,1.5,ml,,,,0.83,ak,ak02379g07q9,2023-06-14T03:04:19.649Z,"Alaska Peninsula",earthquake,,0.3,,,reviewed,ak,ak
2023-06-07T08:54:25.963Z,60.4709,-148.4163,5.5,1.4,ml,,,,0.71,ak,ak02379fzxiu,2023-06-13T17:01:42.354Z,"36 km SSE of Whittier, Alaska",earthquake,,0.4,,,reviewed,ak,ak
2023-06-07T08:50:49.011Z,51.1454,-179.119,32.392,3.8,ml,21,217,0.451,0.48,us,us7000k87l,2023-06-14T08:41:28.040Z,"190 km WSW of Adak, Alaska",earthquake,2.56,11.497,0.081,20,reviewed,us,us
2023-06-07T08:43:05.910Z,17.9546666666667,-67.0808333333333,11.22,2.22,md,5,249,0.03781,0.06,pr,pr71412568,2023-06-07T09:24:45.120Z,"4 km WSW of La Parguera, Puerto Rico",earthquake,0.94,0.45,0.146983052229436,4,reviewed,pr,pr
2023-06-07T08:40:15.780Z,38.8305016,-122.814003,1.66,0.95,md,16,48,0.007731,0.01,nc,nc73898091,2023-06-07T08:58:14.870Z,"8km NW of The Geysers, CA",earthquake,0.24,0.57,0.24,15,automatic,nc,nc
2023-06-07T08:37:53.213Z,59.8119,-152.5025,72.4,1.9,ml,,,,0.51,ak,ak02379fwcgh,2023-06-13T17:01:41.899Z,"37 km W of Anchor Point, Alaska",earthquake,,0.3,,,reviewed,ak,ak
2023-06-07T08:37:24.550Z,19.4106666666667,-155.266833333333,1.66,0.28,md,13,56,,0.11,hv,hv73443937,2023-06-07T08:48:58.210Z,"Island of Hawaii, Hawaii",earthquake,0.23,0.46,0.00230600262272673,2,reviewed,hv,hv
2023-06-07T08:30:20.596Z,61.8214,-149.6742,42.4,1,ml,,,,0.56,ak,ak02379furxn,2023-06-13T17:01:48.483Z,"20 km ENE of Willow, Alaska",earthquake,,1.2,,,reviewed,ak,ak
2023-06-07T08:29:01.770Z,36.108,-89.7548333333333,9.08,1.86,md,22,85,0.04442,0.04,nm,nm60527936,2023-06-08T02:18:11.011Z,"7 km ENE of Steele, Missouri",earthquake,0.3,0.63,0.131520041436337,19,reviewed,nm,nm
2023-06-07T08:23:54.165Z,51.1252,-179.026,34.459,3.7,ml,19,216,0.449,0.65,us,us7000k87k,2023-06-14T08:34:03.040Z,"185 km WSW of Adak, Alaska",earthquake,4.27,10.409,0.081,20,reviewed,us,us
2023-06-07T08:20:39.810Z,19.4093333333333,-155.2855,0.64,0.5,md,13,59,,0.1,hv,hv73443902,2023-06-07T08:53:04.350Z,"6 km SW of Volcano, Hawaii",earthquake,0.17,0.24,0.199382665822583,2,reviewed,hv,hv
2023-06-07T08:20:00.504Z,40.1807,-119.8126,1.1,0.2,ml,3,226.48,0.063,0.0077,nn,nn00860966,2023-06-07T12:46:12.716Z,"27 km E of Herlong, California",earthquake,,33.8,0,1,reviewed,nn,nn
2023-06-07T08:16:42.540Z,45.36533333333333,-121.69783333333334,1.18,0.76,ml,8,80,0.008671,0.08,uw,uw61931151,2023-06-08T18:22:24.630Z,"8 km NNE of Government Camp, Oregon",earthquake,0.29,0.27,0.07495073980963324,3,reviewed,uw,uw
2023-06-07T08:15:00.760Z,33.354,-116.3881667,15.07,0.84,ml,33,116,0.0324,0.18,ci,ci40479808,2023-06-07T22:18:21.147Z,"11km N of Borrego Springs, CA",earthquake,0.32,0.47,0.122,16,reviewed,ci,ci
2023-06-07T08:13:26.510Z,58.1801666666667,-155.286333333333,0.9,-0.26,ml,4,199,,0.04,av,av91915431,2023-06-07T20:46:04.330Z,"84 km NW of Karluk, Alaska",earthquake,0.4,1.57,0.155590716343217,4,reviewed,av,av
2023-06-07T08:07:21.370Z,58.2501666666667,-155.057,4.92,-0.26,ml,6,116,,0.16,av,av91915426,2023-06-07T20:43:37.660Z,"83 km NNW of Karluk, Alaska",earthquake,0.46,0.77,0.193578146891524,6,reviewed,av,av
2023-06-07T08:07:08.852Z,62.4988,-149.2274,8.3,1.2,ml,,,,0.8,ak,ak02379fptjz,2023-06-13T17:01:41.471Z,"45 km E of Chase, Alaska",earthquake,,0.3,,,reviewed,ak,ak
2023-06-07T08:07:04.990Z,33.9686667,-116.9686667,11.47,0.72,ml,22,107,0.1275,0.11,ci,ci40479800,2023-06-07T22:07:23.402Z,"4km N of Beaumont, CA",earthquake,0.25,1.01,0.08,11,reviewed,ci,ci
2023-06-07T08:02:22.750Z,33.3635,-116.3946667,13.31,0.73,ml,24,115,0.04331,0.14,ci,ci40479792,2023-06-07T22:03:49.088Z,"12km N of Borrego Springs, CA",earthquake,0.33,0.66,0.14,15,reviewed,ci,ci
2023-06-07T08:00:20.670Z,60.2504,-145.9788,12.8,3.1,ml,,,,0.86,ak,ak02379focgg,2023-06-14T03:05:42.033Z,"34 km SSW of Cordova, Alaska",earthquake,,0.1,,,reviewed,ak,ak
2023-06-07T07:59:28.990Z,55.0548333333333,-162.249833333333,0.02,0.25,ml,4,142,,0.07,av,av91915416,2023-06-07T20:25:24.620Z,"4 km E of King Cove, Alaska",earthquake,0.32,8.86,0.498990789958161,4,reviewed,av,av
2023-06-07T07:54:08.020Z,44.4166666666667,-114.607166666667,6.74,1.87,ml,16,52,0.409,0.22,mb,mb90017013,2023-06-07T14:23:50.160Z,"24 km NW of Clayton, Idaho",earthquake,0.54,1.22,0.20914022663204,15,reviewed,mb,mb
2023-06-07T07:41:12.342Z,38.5366,-119.5387,5.4,1.1,ml,10,93.76,0.052,0.0786,nn,nn00860960,2023-06-07T12:30:40.653Z,"4 km SW of Coleville, California",earthquake,,1.1,0.28,4,reviewed,nn,nn
2023-06-07T07:37:36.513Z,61.0741,-150.7668,20,1,ml,,,,0.64,ak,ak02379favkj,2023-06-13T02:46:21.708Z,"17 km NNW of Point Possession, Alaska",earthquake,,2.5,,,reviewed,ak,ak
2023-06-07T07:36:24.097Z,61.3192,-141.0812,4.4,1.6,ml,,,,0.65,ak,ak02379famvi,2023-06-13T02:46:18.418Z,"99 km E of McCarthy, Alaska",earthquake,,0.4,,,reviewed,ak,ak
2023-06-07T07:33:52.680Z,37.0688333,-120.8821667,4.98,2.05,md,46,83,0.05865,0.24,nc,nc73898086,2023-06-07T11:29:12.596Z,"3km WNW of Los Banos, CA",earthquake,0.35,0.64,0.175,63,reviewed,nc,nc
2023-06-07T07:33:33.928Z,61.6938,-150.584,49.1,1.1,ml,,,,0.49,ak,ak02379fa0i8,2023-06-13T02:46:21.501Z,"17 km NNW of Susitna, Alaska",earthquake,,1.5,,,reviewed,ak,ak
2023-06-07T07:33:04.800Z,58.2503333333333,-155.1215,1.94,-0.31,ml,6,115,,0.06,av,av91915396,2023-06-07T20:13:39.680Z,"85 km NNW of Karluk, Alaska",earthquake,0.31,1.04,0.0506633574531135,6,reviewed,av,av
2023-06-07T07:30:17.210Z,58.1963333333333,-155.257333333333,2.39,0.02,ml,8,131,,0.07,av,av91915391,2023-06-07T20:10:32.530Z,"84 km NW of Karluk, Alaska",earthquake,0.24,0.54,0.2243152376163,8,reviewed,av,av
2023-06-07T07:29:31.750Z,58.2373333333333,-155.1625,2.52,0.14,ml,8,77,,0.07,av,av91915386,2023-06-07T20:07:46.170Z,"85 km NNW of Karluk, Alaska",earthquake,0.25,0.54,0.198463413366313,8,reviewed,av,av
2023-06-07T07:28:49.010Z,19.4001666666667,-155.274333333333,0.91,1.43,ml,20,38,,0.1,hv,hv73443812,2023-06-07T09:05:44.100Z,"",earthquake,0.14,0.17,0.167545981522509,7,reviewed,hv,hv
2023-06-07T07:26:01.330Z,37.0665,-120.8878333,5.8,2.1,md,44,86,0.05357,0.19,nc,nc73898081,2023-06-07T12:46:14.094Z,"4km WNW of Los Banos, CA",earthquake,0.27,0.48,0.174,60,reviewed,nc,nc
2023-06-07T07:25:08.482Z,54.1616,-164.2189,25.5,1.9,ml,,,,0.5,ak,ak02379f88tc,2023-06-13T02:46:21.288Z,"93 km SW of False Pass, Alaska",earthquake,,2.5,,,reviewed,ak,ak
2023-06-07T07:19:57.584Z,61.6801,-148.0099,23,1.2,ml,,,,0.64,ak,ak02379f728a,2023-06-13T02:46:18.193Z,"23 km SW of Glacier View, Alaska",earthquake,,0.3,,,reviewed,ak,ak
2023-06-07T07:18:46.283Z,61.6634,-147.9929,24.4,1.1,ml,,,,0.75,ak,ak02379f6tmf,2023-06-13T02:46:17.976Z,"24 km SW of Glacier View, Alaska",earthquake,,0.4,,,reviewed,ak,ak
2023-06-07T07:18:24.380Z,33.4633333,-116.5628333,8.88,0.43,ml,15,108,0.0454,0.09,ci,ci40479784,2023-06-07T21:59:21.983Z,"14km SE of Anza, CA",earthquake,0.25,0.38,0.174,10,reviewed,ci,ci
2023-06-07T07:14:50.920Z,45.3555,-121.709,4.67,0.92,ml,7,187,0.003926,0.09,uw,uw61931146,2023-06-08T05:17:34.730Z,"6 km NNE of Government Camp, Oregon",earthquake,0.88,0.86,0.2514518723281075,3,reviewed,uw,uw
2023-06-07T07:11:17.070Z,58.1721666666667,-155.3255,1.85,-0.2,ml,7,113,,0.07,av,av91915381,2023-06-07T20:04:58.450Z,"84 km NW of Karluk, Alaska",earthquake,0.23,0.47,0.222355803254143,7,reviewed,av,av
2023-06-07T07:03:21.362Z,36.7794,-115.9968,6.5,-0.2,ml,7,234.52,0.04,0.0633,nn,nn00860979,2023-06-07T17:51:43.863Z,"37 km NW of Indian Springs, Nevada",earthquake,,2,0.51,3,reviewed,nn,nn
2023-06-07T07:02:25.760Z,37.7125,-122.5576667,8.16,2.16,md,74,107,0.06717,0.06,nc,nc73898076,2023-06-08T00:28:14.465Z,"5km WSW of San Francisco Zoo, CA",earthquake,0.16,0.34,0.153,52,reviewed,nc,nc
2023-06-07T06:56:11.010Z,55.0563333333333,-162.251666666667,2.55,0.76,ml,5,140,,0.1,av,av91915371,2023-06-07T20:01:51.380Z,"Alaska Peninsula",earthquake,0.35,0.84,0.243387577828778,5,reviewed,av,av
2023-06-07T06:46:39.469Z,61.2043,-152.3601,117.1,1.8,ml,,,,0.47,ak,ak02379erdmu,2023-06-13T02:46:17.748Z,"67 km WNW of Tyonek, Alaska",earthquake,,0.6,,,reviewed,ak,ak
2023-06-07T06:46:38.370Z,19.4088333333333,-155.284166666667,1.22,2.21,ml,31,37,,0.09,hv,hv73443732,2023-06-07T09:57:45.014Z,"6 km SW of Volcano, Hawaii",earthquake,0.15,0.14,0.166174639560609,15,reviewed,hv,hv
2023-06-07T06:44:28.330Z,36.2458333333333,-89.4353333333333,4.21,1.41,md,10,90,0.01972,0.33,nm,nm60500818,2023-06-07T15:18:51.810Z,"5 km ESE of Ridgely, Tennessee",earthquake,0.87,2.14,0.0546679381858741,7,reviewed,nm,nm
2023-06-07T06:42:52.899Z,36.80933333,-97.61316667,4.25,0.96,ml,34,71,0.2024602704,0.3,ok,ok2023lbjh,2023-06-08T16:09:31.368Z,"8 km W of Deer Creek, Oklahoma",earthquake,,1.3,0.22,14,reviewed,ok,ok
2023-06-07T06:42:49.337Z,62.3076,-151.243,78.1,1.4,ml,,,,0.64,ak,ak02379eqjhj,2023-06-13T02:46:17.531Z,"32 km SW of Petersville, Alaska",earthquake,,0.7,,,reviewed,ak,ak
2023-06-07T06:22:35.760Z,58.1773333333333,-155.333166666667,2.16,0.59,ml,9,113,,0.07,av,av91915351,2023-06-13T02:45:16.085Z,"85 km NW of Karluk, Alaska",earthquake,0.23,0.41,0.331037286251931,9,reviewed,av,av
2023-06-07T06:18:55.474Z,54.4128,-161.5505,15.8,1.9,ml,,,,0.48,ak,ak02379elihs,2023-06-13T02:46:17.339Z,"87 km SE of King Cove, Alaska",earthquake,,0.7,,,reviewed,ak,ak
2023-06-07T06:18:18.640Z,18.9075,-67.1531666666667,10.91,3.24,md,11,275,0.4395,0.16,pr,pr71412558,2023-06-07T06:32:45.830Z,"",earthquake,0.64,0.73,0.0228551455586814,7,reviewed,pr,pr
2023-06-07T06:14:46.340Z,35.099,-95.54116667,7.74,1.18,ml,38,100,0.118776692,0.27,ok,ok2023lbii,2023-06-08T15:41:39.926Z,"12 km ESE of Crowder, Oklahoma",earthquake,,0.8,0.2,11,reviewed,ok,ok
2023-06-07T06:13:47.690Z,58.2351666666667,-155.169166666667,3.11,-0.54,ml,5,136,,0.07,av,av91915341,2023-06-07T19:52:25.800Z,"Alaska Peninsula",earthquake,0.37,0.8,0.186055597520162,6,reviewed,av,av
2023-06-07T06:13:18.490Z,19.2498340606689,-155.462829589844,31.0300006866455,1.82000005,md,25,96,,0.109999999,hv,hv73443692,2023-06-07T06:16:18.240Z,"5 km NNE of Pāhala, Hawaii",earthquake,0.53,0.769999981,0.779999971,3,automatic,hv,hv
2023-06-07T06:13:15.530Z,38.836,-122.8056667,1.98,0.78,md,27,31,0.01221,0.05,nc,nc73898071,2023-06-07T21:18:13.340Z,"7km WNW of Cobb, CA",earthquake,0.15,0.31,0.181,26,reviewed,nc,nc
2023-06-07T06:12:38.230Z,19.394,-155.277166666667,1.43,2.09,ml,29,48,,0.11,hv,hv73443687,2023-06-07T06:24:03.140Z,"7 km SW of Volcano, Hawaii",earthquake,0.18,0.14,0.202996510491728,14,reviewed,hv,hv
2023-06-07T06:12:04.959Z,39.6183,-119.9711,5.8,1.1,ml,12,109.92,0.013,0.1027,nn,nn00860958,2023-06-07T12:24:26.669Z,"",earthquake,,1.1,0.27,5,reviewed,nn,nn
2023-06-07T06:11:57.400Z,58.2281666666667,-155.151333333333,4.61,-0.12,ml,9,80,,0.09,av,av91915336,2023-06-07T19:50:14.990Z,"84 km NNW of Karluk, Alaska",earthquake,0.33,0.66,0.207039653645534,9,reviewed,av,av
2023-06-07T06:11:04.140Z,35.7165,-117.567,9.92,1.02,ml,13,115,0.1021,0.07,ci,ci40479776,2023-06-07T21:56:59.831Z,"14km NE of Ridgecrest, CA",earthquake,0.2,0.5,0.099,8,reviewed,ci,ci
2023-06-07T06:06:19.390Z,19.4065,-155.266833333333,1.32,0.27,md,14,54,,0.12,hv,hv73443672,2023-06-07T06:31:44.410Z,"Island of Hawaii, Hawaii",earthquake,0.18,0.38,0.052016832524108,2,reviewed,hv,hv
2023-06-07T06:03:58.304Z,39.6204,-119.9702,5.4,1.2,ml,11,120.66,0.015,0.1417,nn,nn00860957,2023-06-07T12:21:17.348Z,"6 km S of Cold Springs, Nevada",earthquake,,1.3,0.32,6,reviewed,nn,nn
2023-06-07T06:03:46.300Z,38.7958333,-122.7365,2.22,0.45,md,13,99,0.01258,0.04,nc,nc73898061,2023-06-07T08:26:18.533Z,"3km NE of The Geysers, CA",earthquake,0.19,0.27,0.113,11,reviewed,nc,nc
2023-06-07T06:03:42.030Z,33.9656667,-116.946,7.24,2.58,ml,104,21,0.0527,0.14,ci,ci40479760,2023-06-08T23:09:38.608Z,"5km NE of Beaumont, CA",earthquake,0.1,0.45,0.261,25,reviewed,ci,ci
2023-06-07T05:58:22.090Z,58.1691666666667,-155.373333333333,2.62,-0.38,ml,7,133,,0.02,av,av91915331,2023-06-07T19:46:52.590Z,"86 km NW of Karluk, Alaska",earthquake,0.24,0.48,0.0934374580788548,7,reviewed,av,av
2023-06-07T05:56:30.486Z,61.6514,-149.9172,30.7,1.4,ml,,,,0.38,ak,ak02379e82fs,2023-06-13T02:46:17.115Z,"5 km WNW of Houston, Alaska",earthquake,,0.6,,,reviewed,ak,ak
2023-06-07T05:47:00.650Z,38.527,-122.657,6.13,1.72,md,72,27,0.06417,0.12,nc,nc73898056,2023-06-07T12:16:13.903Z,"8km E of Larkfield-Wikiup, CA",earthquake,0.16,0.34,0.18,62,reviewed,nc,nc
2023-06-07T05:44:48.020Z,37.7113333,-122.5595,8.32,1.31,md,31,109,0.06788,0.03,nc,nc73898051,2023-06-08T00:12:17.371Z,"5km WSW of San Francisco Zoo, CA",earthquake,0.26,0.49,0.292,23,reviewed,nc,nc
2023-06-07T05:44:46.600Z,38.8248329,-122.8051682,1.4,1.07,md,20,45,0.004092,0.01,nc,nc73898046,2023-06-07T06:44:11.930Z,"7km NW of The Geysers, CA",earthquake,0.21,0.38,0.18,19,automatic,nc,nc
2023-06-07T05:43:29.430Z,58.2558333333333,-155.118833333333,3.78,0.04,ml,9,87,,0.12,av,av91915326,2023-06-07T19:43:54.890Z,"Alaska Peninsula",earthquake,0.33,0.74,0.142018987238701,9,reviewed,av,av
2023-06-07T05:38:00.220Z,19.4135,-155.321666666667,4.13,0.63,md,21,80,,0.06,hv,hv73443627,2023-06-07T06:35:27.430Z,"9 km WSW of Volcano, Hawaii",earthquake,0.24,0.46,0.152639637735133,4,reviewed,hv,hv
2023-06-07T05:37:15.380Z,40.1401667,-123.8291667,22.28,1.73,md,28,85,0.04577,0.13,nc,nc73898041,2023-06-07T19:29:17.563Z,"2km NNW of Redway, CA",earthquake,0.43,0.38,0.196,21,reviewed,nc,nc
2023-06-07T05:35:55.657Z,62.5808,-149.4518,11,0.9,ml,,,,0.69,ak,ak02379e3mda,2023-06-13T02:46:16.915Z,"36 km ENE of Chase, Alaska",earthquake,,0.5,,,reviewed,ak,ak
2023-06-07T05:35:30.120Z,38.8470001,-122.8154984,1.91,0.22,md,8,92,0.009802,0.01,nc,nc73898031,2023-06-07T06:22:11.832Z,"8km WNW of Cobb, CA",earthquake,0.38,1.1,0.11,8,automatic,nc,nc
2023-06-07T05:28:21.950Z,46.6513333333333,-113.491166666667,4.95,0.72,ml,10,105,0.2161,0.04,mb,mb90017053,2023-06-07T15:00:08.760Z,"21 km SE of Clinton, Montana",earthquake,0.31,6.01,0.0672934968895331,5,reviewed,mb,mb
2023-06-07T05:25:42.030Z,19.403,-155.286333333333,0.95,1.19,md,14,67,,0.1,hv,hv73443592,2023-06-07T06:28:15.400Z,"7 km SW of Volcano, Hawaii",earthquake,0.18,0.27,0.139162675738108,2,reviewed,hv,hv
2023-06-07T05:25:26.340Z,19.4125,-155.284666666667,0.88,0.5,md,11,101,,0.06,hv,hv73443587,2023-06-07T05:49:27.790Z,"6 km WSW of Volcano, Hawaii",earthquake,0.2,0.2,0.183780400644651,2,reviewed,hv,hv
2023-06-07T05:21:47.900Z,19.3913333333333,-155.279833333333,1.12,0.21,md,11,65,,0.09,hv,hv73443582,2023-06-07T05:47:02.350Z,"Island of Hawaii, Hawaii",earthquake,0.39,0.24,0.0379688282960222,2,reviewed,hv,hv
2023-06-07T05:15:16.600Z,33.7021667,-116.8048333,15.38,0.84,ml,21,60,0.07611,0.16,ci,ci40479752,2023-06-07T20:43:14.885Z,"9km WSW of Idyllwild, CA",earthquake,0.38,0.6,0.157,18,reviewed,ci,ci
2023-06-07T05:07:39.740Z,38.8219986,-122.7910004,1.32,0.86,md,11,75,0.01188,0.02,nc,nc73898021,2023-06-07T05:58:12.693Z,"6km NNW of The Geysers, CA",earthquake,0.31,0.71,0.25,11,automatic,nc,nc
2023-06-07T05:05:05.110Z,19.4013333333333,-155.2665,0.09,0.3,md,13,90,,0.09,hv,hv73443562,2023-06-07T05:35:58.570Z,"Island of Hawaii, Hawaii",earthquake,0.14,0.23,0.0900467456639317,3,reviewed,hv,hv
2023-06-07T05:03:49.230Z,37.6703333,-122.4908333,10.26,0.69,md,15,157,0.06495,0.08,nc,nc73898016,2023-06-07T07:06:49.078Z,"3km WSW of Colma, CA",earthquake,0.4,0.61,0.289,10,reviewed,nc,nc
2023-06-07T05:01:49.960Z,39.4146667,-123.3115,7.3,1.25,md,14,75,0.03435,0.05,nc,nc73898011,2023-06-07T07:51:13.357Z,"4km E of Willits, CA",earthquake,0.21,0.6,0.36,13,reviewed,nc,nc
2023-06-07T04:58:44.980Z,19.3941666666667,-155.2795,1.03,0.16,md,10,118,,0.09,hv,hv73443542,2023-06-07T05:41:00.800Z,"7 km SW of Volcano, Hawaii",earthquake,0.31,0.22,0.00311896562739068,2,reviewed,hv,hv
2023-06-07T04:58:23.530Z,58.2531666666667,-155.068666666667,4.02,0.12,ml,8,111,,0.2,av,av91915316,2023-06-07T19:25:07.010Z,"84 km NNW of Karluk, Alaska",earthquake,0.52,0.97,0.343961793743874,8,reviewed,av,av
2023-06-07T04:57:02.490Z,33.9938333,-117.1693333,15.7,0.95,ml,32,108,0.04642,0.13,ci,ci40479744,2023-06-07T20:49:40.038Z,"7km S of Redlands, CA",earthquake,0.27,0.47,0.155,15,reviewed,ci,ci
2023-06-07T04:51:45.870Z,19.4145,-155.275666666667,1.19,0.32,md,13,83,,0.09,hv,hv73443522,2023-06-07T05:54:15.060Z,"5 km SW of Volcano, Hawaii",earthquake,0.2,0.24,0.0139782232415919,3,reviewed,hv,hv
2023-06-07T04:49:35.157Z,67.1893,-143.697,7.9,1.2,ml,,,,0.44,ak,ak02379dl58r,2023-06-13T02:46:21.103Z,"59 km N of Chalkyitsik, Alaska",earthquake,,1.3,,,reviewed,ak,ak
2023-06-07T04:47:48.150Z,19.4011666666667,-155.274166666667,1.06,0.49,md,12,87,,0.07,hv,hv73443507,2023-06-07T05:57:31.770Z,"6 km SW of Volcano, Hawaii",earthquake,0.18,0.32,0.19425755574787,2,reviewed,hv,hv
2023-06-07T04:46:53.820Z,38.8396683,-122.810997,1.9,1.03,md,14,55,0.01618,0.01,nc,nc73898001,2023-06-07T05:46:13.623Z,"8km WNW of Cobb, CA",earthquake,0.27,0.76,0.24,15,automatic,nc,nc
2023-06-07T04:42:39.690Z,38.8286667,-122.8141632,1.68,1.09,md,22,58,0.006157,0.02,nc,nc73897996,2023-06-07T05:22:14.499Z,"8km NW of The Geysers, CA",earthquake,0.19,0.44,0.18,22,automatic,nc,nc
2023-06-07T04:37:47.270Z,-6.5446,131.1456,35,4,mb,10,133,2.358,0.62,us,us7000k8ek,2023-06-21T05:11:00.040Z,"204 km WSW of Tual, Indonesia",earthquake,10.64,1.987,0.367,2,reviewed,us,us
2023-06-07T04:36:15.890Z,19.3915,-155.2795,1.08,0.7,md,11,61,,0.1,hv,hv73443477,2023-06-07T06:00:47.750Z,"Island of Hawaii, Hawaii",earthquake,0.3,0.22,0.0454282028640211,3,reviewed,hv,hv
2023-06-07T04:33:57.940Z,19.4173333333333,-155.2855,0.79,0.78,md,10,126,,0.14,hv,hv73443467,2023-06-07T06:06:41.150Z,"6 km WSW of Volcano, Hawaii",earthquake,0.32,0.24,0.211943171617872,4,reviewed,hv,hv
2023-06-07T04:30:23.250Z,38.7565,-122.7045,1.3,1.45,md,43,37,0.01235,0.05,nc,nc73897991,2023-06-07T23:18:14.018Z,"2km SSW of Anderson Springs, CA",earthquake,0.17,0.11,0.239,39,reviewed,nc,nc
2023-06-07T04:25:35.340Z,58.2518333333333,-155.116,2.53,-0.29,ml,5,106,,0.04,av,av91915311,2023-06-07T19:21:45.800Z,"85 km NNW of Karluk, Alaska",earthquake,0.28,0.4,0.133544688557494,5,reviewed,av,av
2023-06-07T04:24:42.540Z,58.2373333333333,-155.1535,3.65,0.04,ml,5,135,,0.12,av,av91915306,2023-06-07T19:19:24.030Z,"85 km NNW of Karluk, Alaska",earthquake,0.65,2,0.264099295711337,5,reviewed,av,av
2023-06-07T04:19:40.659Z,59.882,-153.3353,123,2.7,ml,,,,0.49,ak,ak02379deq4j,2023-06-21T05:00:55.040Z,"44 km ENE of Pedro Bay, Alaska",earthquake,,0.3,,,reviewed,ak,ak
2023-06-07T04:17:47.766Z,62.2964,-149.7494,8.4,1.3,ml,,,,0.77,ak,ak02379deba0,2023-06-13T02:46:16.319Z,"15 km NNE of Susitna North, Alaska",earthquake,,0.5,,,reviewed,ak,ak
2023-06-07T04:15:05.270Z,60.1507,-153.062,136,2.1,ml,,,,0.55,ak,ak02379ddslb,2023-06-13T02:46:20.860Z,"69 km E of Port Alsworth, Alaska",earthquake,,0.7,,,reviewed,ak,ak
2023-06-07T04:13:21.090Z,18.4131666666667,-67.3508333333333,10.84,2.88,md,9,180,0.1251,0.27,pr,pr71412553,2023-06-07T06:40:32.380Z,"13 km NW of Rincón, Puerto Rico",earthquake,1.33,1.42,0.130951472463032,8,reviewed,pr,pr
2023-06-07T04:08:44.447Z,56.4769,-149.7564,10,2.9,ml,31,244,2.022,0.72,us,us7000k83j,2023-06-21T04:52:55.040Z,"198 km SE of Chiniak, Alaska",earthquake,6.83,2.02,0.069,28,reviewed,us,us
2023-06-07T04:07:09.590Z,19.3865,-155.279,1.43,1.66,ml,26,62,,0.09,hv,hv73443402,2023-06-13T23:37:51.500Z,"Island of Hawaii, Hawaii",earthquake,0.17,0.15,0.193099353517578,9,reviewed,hv,hv
2023-06-07T03:54:38.979Z,61.5236,-149.931,39,1.3,ml,,,,0.54,ak,ak02379d0sgz,2023-06-13T02:46:16.081Z,"1 km E of Big Lake, Alaska",earthquake,,0.7,,,reviewed,ak,ak
2023-06-07T03:54:05.970Z,36.1205,-120.2128333,9.16,1.15,md,17,275,0.03438,0.07,nc,nc73897986,2023-06-15T03:38:12.278Z,"13km E of Coalinga, CA",earthquake,1.36,0.73,0.143,8,reviewed,nc,nc
2023-06-07T03:51:51.996Z,0.5064,98.9201,67.992,4.3,mb,14,120,1.56,0.69,us,us7000k8ef,2023-06-21T03:55:56.040Z,"104 km SSW of Padangsidempuan, Indonesia",earthquake,7.72,10.44,0.2,7,reviewed,us,us
2023-06-07T03:50:38.600Z,37.4898333,-121.5378333,8.98,0.92,md,17,106,0.0484,0.08,nc,nc73897981,2023-06-07T07:00:48.250Z,"29km ENE of Alum Rock, CA",earthquake,0.24,0.45,0.099,15,reviewed,nc,nc
2023-06-07T03:50:37.014Z,39.6392,-119.3984,7.7,1.2,ml,10,184.45,0.072,0.1677,nn,nn00860956,2023-06-07T12:18:08.080Z,"9 km W of Wadsworth, Nevada",earthquake,,2.4,0.23,7,reviewed,nn,nn
2023-06-07T03:50:12.690Z,19.1748332977295,-155.498672485352,33.0999984741211,2.32,ml,48,91,,0.189999998,hv,hv73443382,2023-06-08T23:11:29.040Z,"3 km SW of Pāhala, Hawaii",earthquake,0.53,0.899999976,3.04,23,automatic,hv,hv
2023-06-07T03:50:09.030Z,19.2299995422363,-155.442337036133,31.6800003051758,2.23,ml,32,131,,0.319999993,hv,hv73443377,2023-06-07T03:55:42.940Z,"",earthquake,1.44,1.46000004,3.05,22,automatic,hv,hv
2023-06-07T03:46:24.488Z,54.4345,-161.5222,16.8,1.8,ml,,,,0.22,ak,ak02379cz1o0,2023-06-13T02:46:20.449Z,"Alaska Peninsula",earthquake,,1.9,,,reviewed,ak,ak
2023-06-07T03:42:51.350Z,37.8526667,-113.054,8.35,1.17,md,8,176,0.2562,0.21,uu,uu60541771,2023-06-07T14:34:06.770Z,"Utah",earthquake,0.98,5.25,0.119,6,reviewed,uu,uu
2023-06-07T03:40:28.715Z,39.4048,-120.1785,10.8,0.7,ml,7,174.9,0.157,0.1474,nn,nn00860965,2023-06-07T12:46:12.085Z,"Northern California",earthquake,,3.8,0.49,3,reviewed,nn,nn
2023-06-07T03:40:16.910Z,58.1796666666667,-155.315333333333,1.01,-0.13,ml,5,163,,0.05,av,av91915256,2023-06-07T19:02:04.110Z,"85 km NW of Karluk, Alaska",earthquake,0.23,0.93,0.243242696428495,5,reviewed,av,av
2023-06-07T03:29:49.362Z,61.2261,-150.1057,50,1.5,ml,,,,0.21,ak,ak02379cvgda,2023-06-13T02:46:15.865Z,"11 km W of Anchorage, Alaska",earthquake,,0.8,,,reviewed,ak,ak
2023-06-07T03:21:55.276Z,63.631,-149.7045,119,2.4,ml,,,,0.46,ak,ak02379ctqva,2023-06-13T02:46:15.553Z,"40 km WSW of Denali Park, Alaska",earthquake,,0.5,,,reviewed,ak,ak
2023-06-07T03:12:06.056Z,62.2421,-150.1396,18.8,0.9,ml,,,,0.43,ak,ak02379crpwd,2023-06-13T02:46:19.862Z,"9 km S of Talkeetna, Alaska",earthquake,,1.1,,,reviewed,ak,ak
2023-06-07T03:11:12.586Z,62.2574,-152.3184,4.4,1,ml,,,,0.8,ak,ak02379crioq,2023-06-13T02:46:20.243Z,"56 km WNW of Skwentna, Alaska",earthquake,,1.1,,,reviewed,ak,ak
2023-06-07T03:10:22.540Z,45.3715,-121.70466666666667,2.3,0.25,ml,6,96,0.01294,0.07,uw,uw61931121,2023-06-07T06:31:25.610Z,"8 km NNE of Government Camp, Oregon",earthquake,0.34,0.67,0.10476643959403623,3,reviewed,uw,uw
2023-06-07T03:08:27.160Z,41.5095,-112.1746667,5.3,0.89,md,13,65,0.09864,0.08,uu,uu60541766,2023-06-07T13:30:50.380Z,"7 km SW of Corinne, Utah",earthquake,0.26,1.35,0.103,7,reviewed,uu,uu
2023-06-07T03:08:08.151Z,52.4636,-168.6062,11.1,2,ml,,,,0.32,ak,ak02379cqv73,2023-06-13T02:46:20.055Z,"Fox Islands, Aleutian Islands, Alaska",earthquake,,3.1,,,reviewed,ak,ak
2023-06-07T03:05:25.550Z,45.36933333333333,-121.70016666666666,2.34,0.85,ml,9,86,0.01141,0.1,uw,uw61931116,2023-06-07T06:28:34.760Z,"8 km NNE of Government Camp, Oregon",earthquake,0.29,0.53,0.09218103054965021,6,reviewed,uw,uw
2023-06-07T03:02:01.900Z,45.3685,-121.7025,1.33,0.52,ml,6,93,0.03084,0.05,uw,uw61931111,2023-06-07T06:25:28.820Z,"8 km NNE of Government Camp, Oregon",earthquake,0.43,0.34,0.07015264600740079,3,reviewed,uw,uw
2023-06-07T02:55:13.080Z,58.1658333333333,-155.331833333333,1.31,-0.26,ml,5,182,,0.07,av,av91915226,2023-06-07T18:55:23.720Z,"84 km NW of Karluk, Alaska",earthquake,0.28,1.49,0.178757821193302,5,reviewed,av,av
2023-06-07T02:53:42.262Z,2.4716,128.6123,213.375,4.2,mb,14,132,2.098,0.46,us,us7000k8ee,2023-06-21T03:25:29.040Z,"106 km NE of Tobelo, Indonesia",earthquake,14.93,11.569,0.199,7,reviewed,us,us
2023-06-07T02:53:27.060Z,19.2438335418701,-155.399002075195,29.7700004577637,1.73,ml,36,135,,0.100000001,hv,hv73443297,2023-06-07T02:58:57.900Z,"9 km ENE of Pāhala, Hawaii",earthquake,0.62,0.75,1.41,3,automatic,hv,hv
2023-06-07T02:51:21.110Z,37.5425,-118.8793333,6.58,0.84,md,17,174,0.062,0.04,nc,nc73897976,2023-06-07T06:56:48.679Z,"14km SE of Mammoth Lakes, CA",earthquake,0.56,0.98,0.214,17,reviewed,nc,nc
2023-06-07T02:45:14.700Z,58.1991666666667,-155.248,2.3,0,ml,7,125,,0.04,av,av91915216,2023-06-07T18:52:40.470Z,"84 km NW of Karluk, Alaska",earthquake,0.26,1.51,0.259140005315305,7,reviewed,av,av
2023-06-07T02:39:26.810Z,34.7261667,-119.8766667,0.99,1.53,ml,21,40,0.09175,0.22,ci,ci40479728,2023-06-07T20:41:50.746Z,"22km NE of Santa Ynez, CA",earthquake,0.27,0.54,0.185,22,reviewed,ci,ci
2023-06-07T02:38:53.210Z,35.12866667,-97.72883333,7.39,1.06,ml,21,57,0.09358163609,0.24,ok,ok2023lbbf,2023-06-08T15:19:20.065Z,"",earthquake,,0.9,0.24,10,reviewed,ok,ok
2023-06-07T02:32:56.406Z,57.0453,-155.8954,10.5,2.1,ml,,,,0.26,ak,ak02379canzn,2023-06-13T02:46:15.334Z,"104 km ESE of Ugashik, Alaska",earthquake,,0.5,,,reviewed,ak,ak
2023-06-07T02:32:52.317Z,-22.5644,-179.0602,590.007,4.4,mb,28,101,3.842,0.54,us,us7000k6s7,2023-06-20T22:06:06.040Z,"south of the Fiji Islands",earthquake,16.99,12.897,0.112,23,reviewed,us,us
2023-06-07T02:25:40.112Z,57.0383,-155.9438,8.6,3.5,ml,,,,0.64,ak,ak02379c959m,2023-06-15T19:04:18.164Z,"102 km ESE of Ugashik, Alaska",earthquake,,0.4,,,reviewed,ak,ak
2023-06-07T02:25:26.646Z,-38.7643,46.6157,10,4.5,mb,18,78,20.411,0.38,us,us7000k8eg,2023-06-20T21:40:25.040Z,"Southwest Indian Ridge",earthquake,15.65,1.899,0.171,10,reviewed,us,us
2023-06-07T02:24:55.400Z,38.8043327,-122.8126678,1.16,1.08,md,16,63,0.01367,0.02,nc,nc73897966,2023-06-07T02:56:13.678Z,"6km WNW of The Geysers, CA",earthquake,0.24,0.54,0.15,18,automatic,nc,nc
2023-06-07T02:24:29.792Z,51.2439,-175.0475,23.804,2.7,ml,12,254,0.923,0.59,us,us7000k83h,2023-06-20T03:38:25.040Z,"121 km SSW of Atka, Alaska",earthquake,6.94,17.223,0.128,8,reviewed,us,us
2023-06-07T02:24:11.440Z,38.8046684,-122.8123322,1.19,1.04,md,12,61,0.01371,0.02,nc,nc73897961,2023-06-07T02:44:12.612Z,"6km WNW of The Geysers, CA",earthquake,0.27,0.6,0.12,13,automatic,nc,nc
2023-06-07T02:23:22.360Z,33.6971667,-116.8056667,14.04,1.26,ml,47,27,0.07565,0.2,ci,ci40479720,2023-06-07T13:41:33.080Z,"9km WSW of Idyllwild, CA",earthquake,0.23,0.41,0.171,26,reviewed,ci,ci
2023-06-07T02:17:22.315Z,-20.9767,-178.6296,573.167,4.5,mb,39,85,3.205,0.58,us,us7000k6s4,2023-06-20T05:08:39.040Z,"Fiji region",earthquake,14.86,7.486,0.139,15,reviewed,us,us
2023-06-07T02:16:55.285Z,-19.7832,-177.2741,539.736,4.3,mb,23,136,2.381,0.41,us,us7000k8fb,2023-06-20T04:46:33.040Z,"256 km NW of Houma, Tonga",earthquake,19.19,11.873,0.142,14,reviewed,us,us
2023-06-07T02:14:01.896Z,58.7272,-156.9223,19.6,1.6,ml,,,,0.51,ak,ak02379c6pel,2023-06-13T02:46:19.438Z,"4 km ENE of South Naknek, Alaska",earthquake,,1.7,,,reviewed,ak,ak
2023-06-07T02:13:04.152Z,37.2807,-117.6032,12.719,2.4,ml,58,63,0.059,0.51,us,us7000k6s3,2023-06-08T21:52:41.040Z,"52 km S of Silver Peak, Nevada",earthquake,1.67,5.535,0.04,82,reviewed,us,us
2023-06-07T02:11:58.428Z,-5.6387,146.7623,130,4.3,mb,13,134,3.762,0.37,us,us7000k8ed,2023-06-20T04:29:17.040Z,"117 km ESE of Madang, Papua New Guinea",earthquake,7.79,2.006,0.161,11,reviewed,us,us
2023-06-07T02:11:31.390Z,58.1653333333333,-155.324,2.42,1.03,ml,12,64,,0.07,av,av91915181,2023-06-13T02:45:07.079Z,"84 km NW of Karluk, Alaska",earthquake,0.17,0.33,0.224551039361784,7,reviewed,av,av
2023-06-07T02:10:38.890Z,45.36233333333333,-121.713,3.39,0.84,ml,6,91,0.02668,0.1,uw,uw61931106,2023-06-07T06:21:52.740Z,"",earthquake,0.49,0.66,0.1829176597469777,4,reviewed,uw,uw
2023-06-07T02:09:18.460Z,59.3606666666667,-153.431,-1.2,0.45,ml,4,176,,0.05,av,av91915176,2023-06-13T20:50:00.180Z,"60 km SE of Pedro Bay, Alaska",earthquake,0.18,0.6,0.0784386543289073,4,reviewed,av,av
2023-06-07T02:07:38.130Z,19.1718330383301,-155.484329223633,35.2299995422363,2.03999996,md,36,90,,0.0900000036,hv,hv73443242,2023-06-07T02:13:10.540Z,"3 km S of Pāhala, Hawaii",earthquake,0.69,0.660000026,1.05999994,15,automatic,hv,hv
2023-06-07T02:03:36.776Z,60.7012,-150.2933,45,1.4,ml,,,,0.4,ak,ak02379c4f7x,2023-06-13T02:46:19.223Z,"31 km NE of Sterling, Alaska",earthquake,,1.3,,,reviewed,ak,ak
2023-06-07T02:03:16.800Z,38.8118324,-122.8148346,2.5,0.97,md,21,52,0.01159,0.03,nc,nc73897946,2023-06-07T02:32:12.539Z,"6km NW of The Geysers, CA",earthquake,0.23,0.52,0.25,22,automatic,nc,nc
2023-06-07T02:00:27.676Z,39.6217,-119.9757,6.3,1.8,ml,19,82.4,0.018,0.1525,nn,nn00860949,2023-06-07T02:19:51.197Z,"6 km S of Cold Springs, Nevada",earthquake,,0.9,0.16,7,reviewed,nn,nn
2023-06-07T01:58:35.761Z,57.0232,-155.8641,6.5,2.2,ml,,,,0.32,ak,ak02379but5a,2023-06-15T19:04:17.955Z,"103 km W of Akhiok, Alaska",earthquake,,0.2,,,reviewed,ak,ak
2023-06-07T01:56:56.169Z,62.1796,-151.1221,80.6,1.8,ml,,,,0.37,ak,ak02379bue0q,2023-06-13T02:46:14.610Z,"25 km NE of Skwentna, Alaska",earthquake,,0.5,,,reviewed,ak,ak
2023-06-07T01:53:57.040Z,38.8110008,-122.8300018,1.72,0.88,md,7,97,0.002225,0.02,nc,nc73897936,2023-06-07T02:20:12.475Z,"7km WNW of The Geysers, CA",earthquake,0.43,1.1,0.19,9,automatic,nc,nc
2023-06-07T01:47:30.130Z,38.8253326,-122.795166,2.58,1.02,md,23,35,0.0118,0.03,nc,nc73897931,2023-06-07T02:08:13.409Z,"6km W of Cobb, CA",earthquake,0.22,0.48,0.14,25,automatic,nc,nc
2023-06-07T01:47:29.099Z,-32.4889,-71.7949,35,4,mwr,39,115,0.825,0.51,us,usd000ju19,2023-06-19T04:52:25.555Z,"53 km W of La Ligua, Chile",earthquake,3.33,1.88,0.049,40,reviewed,us,us
2023-06-07T01:47:28.913Z,-32.5051,-71.8421,35,4,mwr,38,177,0.867,0.49,us,us7000k6rz,2023-06-08T21:10:22.040Z,"57 km W of La Ligua, Chile",earthquake,4.56,1.51,0.053,34,reviewed,us,us
2023-06-07T01:44:03.946Z,63.2283,-142.8527,0,1.6,ml,,,,0.5,ak,ak02379brphi,2023-06-15T19:04:18.440Z,"13 km SSE of Tok, Alaska",earthquake,,0.3,,,reviewed,ak,ak
2023-06-07T01:43:50.980Z,-5.7015,145.6358,73.142,4.5,mb,15,87,3.977,0.49,us,us7000k8ec,2023-06-19T03:33:18.040Z,"50 km NNE of Goroka, Papua New Guinea",earthquake,12.3,5.359,0.222,6,reviewed,us,us
2023-06-07T01:36:53.497Z,-17.224,-71.1016,95.748,4.2,mb,20,169,1.351,0.91,us,us7000k6rx,2023-06-19T03:02:30.040Z,"Near the coast of southern Peru",earthquake,6.62,9.749,0.215,6,reviewed,us,us
2023-06-07T01:36:23.490Z,58.1751666666667,-155.294166666667,2.7,-0.03,ml,4,213,,0.09,av,av91915146,2023-06-07T18:31:29.490Z,"83 km NW of Karluk, Alaska",earthquake,0.72,1.06,0.166345419666529,4,reviewed,av,av
2023-06-07T01:35:25.970Z,51.931,179.5695,6.75,0.37,ml,4,173,,0.07,av,av91915141,2023-06-07T18:29:27.730Z,"261 km W of Adak, Alaska",earthquake,0.65,0.74,0.207825296148573,4,reviewed,av,av
2023-06-07T01:34:04.410Z,35.67733333,-97.39483333,6.36,0.9,ml,44,79,0.03149381984,0.19,ok,ok2023lazc,2023-06-08T15:12:58.370Z,"6 km W of Arcadia, Oklahoma",earthquake,,0.4,0.2,15,reviewed,ok,ok
2023-06-07T01:30:54.480Z,58.1831666666667,-155.255833333333,1.71,0.12,ml,8,87,,0.08,av,av91915131,2023-06-07T18:26:44.680Z,"83 km NW of Karluk, Alaska",earthquake,0.26,0.99,0.46071200962735,9,reviewed,av,av
2023-06-07T01:30:12.750Z,38.8226667,-122.8518333,2.95,1.66,md,46,31,0.006263,0.04,nc,nc73897926,2023-06-07T21:45:12.389Z,"10km WNW of The Geysers, CA",earthquake,0.15,0.25,0.168,42,reviewed,nc,nc
2023-06-07T01:24:42.720Z,17.8318333333333,-66.157,15.16,2.53,md,6,283,0.1412,0.04,pr,pr71412543,2023-06-07T01:38:54.530Z,"",earthquake,0.68,1.04,0.241422181361335,7,reviewed,pr,pr
2023-06-07T01:10:45.682Z,57.0211,-155.871,10,2.2,ml,,,,0.37,ak,ak02379bki6q,2023-06-15T19:04:17.753Z,"Alaska Peninsula",earthquake,,0.7,,,reviewed,ak,ak
2023-06-07T01:10:42.439Z,18.834,145.4589,249.378,4.2,mb,16,140,3.587,0.45,us,us7000k8ea,2023-06-19T02:59:53.040Z,"Pagan region, Northern Mariana Islands",earthquake,16.69,10.607,0.158,11,reviewed,us,us
2023-06-07T01:08:29.660Z,38.7926667,-122.7703333,1.67,1.57,md,44,75,0.01149,0.06,nc,nc73897921,2023-06-07T20:53:14.092Z,"2km NW of The Geysers, CA",earthquake,0.15,0.24,0.13,37,reviewed,nc,nc
2023-06-07T01:05:50.893Z,-15.7983,-179.9316,550.868,4.4,mb,16,170,2.734,0.47,us,us7000k8eb,2023-06-19T01:57:05.040Z,"102 km NE of Labasa, Fiji",earthquake,14.68,9.231,0.154,14,reviewed,us,us
2023-06-07T01:00:55.670Z,45.36366666666667,-121.70233333333333,2.54,0.85,ml,9,78,0.005571,0.1,uw,uw61931096,2023-06-07T06:19:21.970Z,"7 km NNE of Government Camp, Oregon",earthquake,0.4,0.5,0.1843233687542406,7,reviewed,uw,uw
2023-06-07T01:00:26.270Z,51.9121666666667,179.610833333333,7.92,0.26,ml,5,151,,0.11,av,av91915101,2023-06-07T23:08:44.060Z,"258 km W of Adak, Alaska",earthquake,0.54,0.74,0.378506598243613,5,reviewed,av,av
2023-06-07T00:59:30.950Z,35.7781667,-117.5795,7.9,1.14,ml,17,137,0.04025,0.16,ci,ci40479704,2023-06-07T20:35:01.647Z,"16km W of Searles Valley, CA",earthquake,0.38,0.67,0.127,7,reviewed,ci,ci
2023-06-07T00:56:36.622Z,57.0081,-155.9271,1.7,4.5,mwr,,,,0.53,ak,ak02379b8wum,2023-06-15T19:04:17.389Z,"105 km ESE of Ugashik, Alaska",earthquake,,0.4,,,reviewed,ak,ak
2023-06-07T00:55:17.530Z,38.1373333,-112.3833333,8.47,1.11,md,9,296,0.4652,0.15,uu,uu60541761,2023-06-07T14:29:26.950Z,"10 km WSW of Circleville, Utah",earthquake,0.77,2.17,0.219,4,reviewed,uu,uu
2023-06-07T00:55:10.310Z,58.2451666666667,-155.068833333333,4.9,-0.26,ml,5,160,,0.17,av,av91915091,2023-06-07T18:10:31.870Z,"83 km NNW of Karluk, Alaska",earthquake,0.64,1.25,0.220011640389814,5,reviewed,av,av
2023-06-07T00:48:57.400Z,47.3836666666667,-115.913333333333,0.32,1.05,ml,9,202,0.6128,0.17,mb,mb90017048,2023-06-07T14:46:17.370Z,"10 km S of Wallace, Idaho",earthquake,1.1,10.73,0.0898304407790005,4,reviewed,mb,mb
2023-06-07T00:46:45.270Z,33.1405,-116.5245,9.2,1.94,ml,72,33,0.09602,0.17,ci,ci40479696,2023-06-07T20:32:32.460Z,"10km NE of Julian, CA",earthquake,0.16,0.47,0.149,27,reviewed,ci,ci
2023-06-07T00:45:42.050Z,58.2658333333333,-155.113,5.39,0.02,ml,7,119,,0.16,av,av91915081,2023-06-07T18:05:54.250Z,"86 km NNW of Karluk, Alaska",earthquake,0.56,0.84,0.138056021565025,7,reviewed,av,av
2023-06-07T00:38:58.840Z,19.393,-155.277333333333,1.21,1.76,ml,18,54,,0.09,hv,hv73443157,2023-06-13T23:40:39.660Z,"7 km SW of Volcano, Hawaii",earthquake,0.15,0.19,0.108609652841165,9,reviewed,hv,hv
2023-06-07T00:38:40.820Z,45.360166666666665,-121.715,2.92,1.05,ml,7,96,0.00686,0.09,uw,uw61931091,2023-06-07T06:16:16.030Z,"6 km NNE of Government Camp, Oregon",earthquake,0.59,0.55,0.1110769710078211,3,reviewed,uw,uw
2023-06-07T00:32:46.630Z,38.831501,-122.8174973,1.79,0.27,md,11,81,0.009957,0.02,nc,nc73897911,2023-06-07T01:26:14.170Z,"8km NW of The Geysers, CA",earthquake,0.33,0.78,0.15,12,automatic,nc,nc
2023-06-07T00:31:31.060Z,45.363166666666665,-121.71533333333333,2.67,0.41,mh,6,111,0.008295,0.08,uw,uw61502633,2023-06-07T02:28:12.980Z,"7 km NNE of Government Camp, Oregon",earthquake,0.37,0.43,,0,reviewed,uw,uw
2023-06-07T00:31:13.210Z,38.8321667,-122.8186667,2.07,-0.39,md,10,68,0.01103,0.03,nc,nc73897906,2023-06-07T08:24:55.395Z,"8km NW of The Geysers, CA",earthquake,0.39,0.45,0.039,4,reviewed,nc,nc
2023-06-07T00:30:46.250Z,45.36533333333333,-121.71983333333333,2.34,0.73,ml,6,109,0.01214,0.07,uw,uw61931081,2023-06-07T02:04:27.780Z,"7 km NNE of Government Camp, Oregon",earthquake,0.5,0.4,0.2399567744379748,4,reviewed,uw,uw
2023-06-07T00:30:15.548Z,66.0349,-143.4446,22.4,1.1,ml,,,,0.67,ak,ak02379b3ape,2023-06-13T02:46:18.836Z,"36 km NE of Circle, Alaska",earthquake,,2,,,reviewed,ak,ak
2023-06-07T00:26:38.920Z,45.35966666666667,-121.70366666666666,2.57,1.55,ml,11,78,0.001712,0.1,uw,uw61931071,2023-06-07T01:59:55.490Z,"7 km NNE of Government Camp, Oregon",earthquake,0.28,0.46,0.2189627422000573,10,reviewed,uw,uw
2023-06-07T00:23:06.440Z,45.36233333333333,-121.713,2.6,0.37,ml,7,90,0.006467,0.1,uw,uw61931066,2023-06-07T01:45:47.020Z,"7 km NNE of Government Camp, Oregon",earthquake,0.33,0.49,0.051090935502366264,3,reviewed,uw,uw
2023-06-07T00:19:24.029Z,63.5186,-147.3114,2.9,1.5,ml,,,,0.74,ak,ak02379b0ygw,2023-06-13T02:46:13.860Z,"Central Alaska",earthquake,,0.3,,,reviewed,ak,ak
2023-06-07T00:17:26.830Z,62.1328,-150.9533,62.6,1.3,ml,,,,0.32,ak,ak02379b0j2b,2023-06-13T02:46:13.642Z,"Central Alaska",earthquake,,0.8,,,reviewed,ak,ak
2023-06-07T00:15:13.060Z,45.362833333333334,-121.70616666666666,2.93,0.6900000000000001,ml,9,82,0.004283,0.15,uw,uw61931056,2023-06-07T01:05:53.740Z,"7 km NNE of Government Camp, Oregon",earthquake,0.36,0.5,0.25914876085864047,5,reviewed,uw,uw
2023-06-07T00:12:11.300Z,45.36066666666667,-121.71166666666667,1.65,1.22,ml,7,91,0.02911,0.03,uw,uw61502628,2023-06-07T00:59:57.100Z,"",earthquake,0.23,0.22,0.21796400546671213,3,reviewed,uw,uw
2023-06-07T00:11:56.740Z,45.374833333333335,-121.752,3.04,0.82,mh,3,190,0.007378,0.07,uw,uw61502623,2023-06-07T00:56:16.050Z,"Washington-Oregon border region",earthquake,7.24,0.49,,0,reviewed,uw,uw
2023-06-07T00:11:40.460Z,45.361333333333334,-121.71866666666666,2.56,0.82,mh,8,100,0.00966,0.09,uw,uw61502618,2023-06-07T00:50:04.340Z,"Washington-Oregon border region",earthquake,0.36,0.48,,0,reviewed,uw,uw
2023-06-07T00:11:30.560Z,45.362,-121.71483333333333,2.68,1.02,ml,9,94,0.007396,0.08,uw,uw61931051,2023-06-07T00:46:02.210Z,"Washington-Oregon border region",earthquake,0.25,0.39,0.1980717422681511,7,reviewed,uw,uw
2023-06-07T00:09:15.280Z,45.36266666666667,-121.71066666666667,2.79,0.89,ml,8,87,0.005462,0.1,uw,uw61931046,2023-06-07T00:42:51.250Z,"Washington-Oregon border region",earthquake,0.36,0.47,0.12126058478436708,5,reviewed,uw,uw
2023-06-07T00:08:04.620Z,36.9573333,-121.4391667,8.14,1.59,md,47,39,0.07701,0.09,nc,nc73897901,2023-06-07T20:12:15.850Z,"13km ESE of Gilroy, CA",earthquake,0.18,0.47,0.205,43,reviewed,nc,nc
2023-06-07T00:06:21.819Z,19.4846,-69.4866,10,2.9,ml,16,194,1.289,0.6,us,us7000k6rk,2023-06-07T14:02:58.697Z,"20 km NNE of Las Terrenas, Dominican Republic",earthquake,4.23,1.864,0.066,30,reviewed,us,us
2023-06-07T00:05:27.835Z,64.024,-148.7465,4.6,1.3,ml,,,,0.58,ak,ak02379axyra,2023-06-13T02:46:13.384Z,"18 km E of Ferry, Alaska",earthquake,,0.4,,,reviewed,ak,ak
2023-06-07T00:04:16.093Z,62.2514,-151.0346,73.6,1.2,ml,,,,0.17,ak,ak02379axq4p,2023-06-13T02:46:18.636Z,"30 km SSW of Petersville, Alaska",earthquake,,1.1,,,reviewed,ak,ak
2023-06-07T00:03:37.590Z,19.1671657562256,-155.476837158203,33.1100006103516,1.8,ml,39,91,,0.180000007,hv,hv73443127,2023-06-07T00:09:09.810Z,"3 km S of Pāhala, Hawaii",earthquake,0.66,0.910000026,4.38,7,automatic,hv,hv
2023-06-07T00:02:57.450Z,19.1590003967285,-155.45783996582,30.5300006866455,1.8,ml,9,247,,0.0500000007,hv,hv73443122,2023-06-07T00:08:28.350Z,"",earthquake,1.09,1.52999997,4.63,6,automatic,hv,hv
2023-06-07T00:00:52.726Z,-60.3214,-26.6702,17.163,4.9,mb,42,57,14.795,0.67,us,us7000k8fa,2023-06-15T00:05:33.040Z,"South Sandwich Islands region",earthquake,13.17,1.66,0.101,31,reviewed,us,us
2023-06-07T00:00:25.610Z,-60.4502,-26.996,35,5.1,mb,28,83,14.765,0.54,us,us7000k6rl,2023-06-07T00:13:14.040Z,"South Sandwich Islands region",earthquake,13.94,1.953,0.088,42,reviewed,us,us
2023-06-06T23:58:37.256Z,61.8683,-149.9047,11.8,1.1,ml,,,,0.59,ak,ak023781eyay,2023-06-14T03:29:40.819Z,"15 km NNE of Willow, Alaska",earthquake,,0.6,,,reviewed,ak,ak
2023-06-06T23:52:14.670Z,58.173,-155.322,0.72,0.22,ml,7,111,,0.05,av,av91915066,2023-06-09T04:57:06.970Z,"84 km NW of Karluk, Alaska",earthquake,0.21,1.24,0.184387150603647,7,reviewed,av,av
2023-06-06T23:50:36.285Z,-23.0705,170.4394,10,4,mb,12,186,2.798,1,us,us7000k87e,2023-06-14T23:56:08.040Z,"southeast of the Loyalty Islands",earthquake,6.79,1.959,0.259,4,reviewed,us,us
2023-06-06T23:49:16.120Z,33.447,-116.5405,11.37,0.5,ml,21,86,0.07016,0.26,ci,ci40479680,2023-06-07T22:54:32.172Z,"17km SE of Anza, CA",earthquake,0.48,1.12,0.205,13,reviewed,ci,ci
2023-06-06T23:48:08.900Z,35.13166667,-97.73316667,7.79,1.24,ml,64,42,0.08908251897,0.44,ok,ok2023lavp,2023-06-09T15:49:25.574Z,"6 km W of Blanchard, Oklahoma",earthquake,,0.8,0.21,27,reviewed,ok,ok
2023-06-06T23:38:13.572Z,-23.116,170.3839,33.065,5.2,mb,32,85,2.755,0.82,us,us7000k6rg,2023-06-06T23:52:57.040Z,"southeast of the Loyalty Islands",earthquake,7.74,6.289,0.108,28,reviewed,us,us
2023-06-06T23:36:51.590Z,45.389833333333335,-121.69233333333334,-0.4,0.24,ml,3,239,0.03262,0.04,uw,uw61931036,2023-06-07T06:10:09.350Z,"10 km NNE of Government Camp, Oregon",earthquake,0.85,6.61,0.07441389551522389,3,reviewed,uw,uw
2023-06-06T23:32:13.434Z,61.8753,-149.6058,34.5,1,ml,,,,0.73,ak,ak0237819ce7,2023-06-14T03:29:43.398Z,"24 km NW of Fishhook, Alaska",earthquake,,0.5,,,reviewed,ak,ak
2023-06-06T23:28:37.310Z,45.37,-121.7075,2.98,-0.01,ml,4,173,0.01151,0.04,uw,uw61931031,2023-06-07T06:05:53.180Z,"8 km NNE of Government Camp, Oregon",earthquake,0.66,0.72,0.11464263128199792,2,reviewed,uw,uw
2023-06-06T23:26:46.495Z,61.6705,-150.864,75.1,1.3,ml,,,,0.25,ak,ak02378184nd,2023-06-14T03:29:43.195Z,"23 km NW of Susitna, Alaska",earthquake,,0.2,,,reviewed,ak,ak
2023-06-06T23:25:37.050Z,38.088,-122.262,6.92,1.71,md,66,39,0.01228,0.17,nc,nc73897891,2023-06-07T08:00:16.394Z,"4km SW of Vallejo, CA",earthquake,0.16,0.35,0.179,50,reviewed,nc,nc
2023-06-06T23:20:44.290Z,45.3735,-121.71183333333333,1.93,0.26,ml,5,93,0.01557,0.08,uw,uw61931021,2023-06-07T00:11:32.340Z,"8 km NNE of Government Camp, Oregon",earthquake,0.3,0.44,0.1400944981863531,3,reviewed,uw,uw
2023-06-06T23:20:12.910Z,31.5678333,-116.0745,10.95,2.7,ml,12,87,0.267,0.21,ci,ci40479672,2023-06-14T23:41:55.040Z,"49km ESE of Maneadero, B.C., MX",earthquake,1.33,4.24,0.122,66,reviewed,ci,ci
2023-06-06T23:18:44.924Z,62.7339,-150.3957,2.7,2.4,ml,,,,0.53,ak,ak0237816es4,2023-06-14T03:49:55.040Z,"32 km NE of Petersville, Alaska",earthquake,,0.2,,,reviewed,ak,ak
2023-06-06T23:18:00.090Z,45.35916666666667,-121.70166666666667,3.09,0.63,ml,9,88,0.002792,0.08,uw,uw61931016,2023-06-07T00:06:29.930Z,"7 km NE of Government Camp, Oregon",earthquake,0.32,0.44,0.17384951321052228,5,reviewed,uw,uw
2023-06-06T23:16:12.690Z,46.8525,-121.75766666666667,1.47,0.23,ml,14,82,0.02391,0.06,uw,uw61931011,2023-06-06T23:37:36.550Z,"23 km ENE of Ashford, Washington",earthquake,0.37,0.55,0.1393378040180375,5,reviewed,uw,uw
2023-06-06T23:16:11.554Z,63.4392,-154.9604,7.2,1.3,ml,,,,0.65,ak,ak0237815ws1,2023-06-14T03:29:40.348Z,"55 km NNW of Nikolai, Alaska",earthquake,,0.4,,,reviewed,ak,ak
2023-06-06T23:15:54.520Z,35.0453333,-117.6623333,-0.84,1.77,ml,22,73,0.1141,0.15,ci,ci40479664,2023-06-13T22:35:55.856Z,"5km NNW of Boron, CA",quarry blast,0.42,31.61,0.18,45,reviewed,ci,ci
2023-06-06T23:15:12.780Z,58.2195,-155.101666666667,3.48,-0.28,ml,6,103,,0.13,av,av91107083,2023-06-09T04:45:15.640Z,"81 km NNW of Karluk, Alaska",earthquake,0.32,1.25,0.16167656507046,6,reviewed,av,av
2023-06-06T23:15:04.460Z,58.182,-155.3285,1.03,-0.36,ml,5,163,,0.07,av,av91915046,2023-06-09T04:41:27.890Z,"85 km NW of Karluk, Alaska",earthquake,0.27,0.91,0.364474533243603,5,reviewed,av,av
2023-06-06T23:12:19.230Z,58.1803333333333,-155.3135,1.16,-0.15,ml,6,104,,0.03,av,av91915041,2023-06-09T04:39:52.320Z,"85 km NW of Karluk, Alaska",earthquake,0.18,0.79,0.244945114289489,6,reviewed,av,av
2023-06-06T23:07:26.470Z,36.5515,-120.9883333,8.36,1.18,md,17,205,0.04926,0.22,nc,nc73897886,2023-06-14T22:18:10.303Z,"14km E of Pinnacles, CA",earthquake,0.88,0.62,0.32,12,reviewed,nc,nc
2023-06-06T23:04:01.130Z,58.183,-155.326166666667,1.3,0.21,ml,7,107,,0.05,av,av91915036,2023-06-09T04:34:04.760Z,"",earthquake,0.19,0.7,0.322515272925341,7,reviewed,av,av
2023-06-06T22:57:56.760Z,45.38933333333333,-121.6895,-0.53,0.15,md,3,238,0.03277,0.06,uw,uw61931006,2023-06-06T23:31:55.000Z,"10 km NNE of Government Camp, Oregon",earthquake,0.71,8.11,0.027409437372894807,2,reviewed,uw,uw
2023-06-06T22:52:50.903Z,61.7193,-146.7468,28.8,1.2,ml,,,,0.71,ak,ak023780sa02,2023-06-14T03:29:43.004Z,"30 km S of Nelchina, Alaska",earthquake,,0.5,,,reviewed,ak,ak
2023-06-06T22:52:39.704Z,59.9071,-140.7722,0.6,1.6,ml,,,,0.56,ak,ak023780s92y,2023-06-14T03:29:40.141Z,"71 km NW of Yakutat, Alaska",earthquake,,0.3,,,reviewed,ak,ak
2023-06-06T22:48:51.050Z,19.2001667022705,-155.387329101562,30.8400001525879,2.09,ml,45,174,,0.129999995,hv,hv73443007,2023-06-06T22:54:22.070Z,"9 km E of Pāhala, Hawaii",earthquake,0.53,0.680000007,3.35,7,automatic,hv,hv
2023-06-06T22:47:13.830Z,33.6656667,-116.7531667,13.39,1.05,ml,38,59,0.05583,0.19,ci,ci40479640,2023-06-07T13:42:01.020Z,"9km SSW of Idyllwild, CA",earthquake,0.27,0.39,0.227,29,reviewed,ci,ci
2023-06-06T22:44:18.600Z,36.2313333333333,-89.4108333333333,6.9,1.55,md,19,64,0.007819,0.04,nm,nm60527926,2023-06-07T17:06:44.070Z,"7 km ESE of Ridgely, Tennessee",earthquake,0.4,0.36,0.0944403692973126,14,reviewed,nm,nm
2023-06-06T22:32:41.570Z,58.1818333333333,-155.308666666667,2.2,0.12,ml,9,102,,0.06,av,av91915016,2023-06-09T04:29:39.140Z,"85 km NW of Karluk, Alaska",earthquake,0.21,0.37,0.350471177499607,9,reviewed,av,av
2023-06-06T22:20:21.820Z,58.1913333333333,-155.3225,0.95,-0.16,ml,7,151,,0.04,av,av91915011,2023-06-09T04:27:11.380Z,"86 km NW of Karluk, Alaska",earthquake,0.19,0.54,0.1891887872619,7,reviewed,av,av
2023-06-06T22:13:48.904Z,64.8367,-151.9928,10.2,2,ml,,,,0.53,ak,ak023780jwwm,2023-06-14T03:29:39.931Z,"37 km S of Tanana, Alaska",earthquake,,0.1,,,reviewed,ak,ak
2023-06-06T22:03:00.780Z,58.2691666666667,-155.129166666667,5.44,-0.28,ml,5,134,,0.18,av,av91914996,2023-06-09T04:16:22.560Z,"87 km NNW of Karluk, Alaska",earthquake,1,0.79,0.171897168162309,5,reviewed,av,av
2023-06-06T22:00:29.010Z,38.8294983,-122.8554993,2.33,1.1,md,26,63,0.002226,0.03,nc,nc73897866,2023-06-07T01:01:13.008Z,"10km NW of The Geysers, CA",earthquake,0.22,0.38,0.18,26,automatic,nc,nc
2023-06-06T21:58:18.690Z,45.3685,-121.70266666666667,2.46,1.06,ml,10,72,0.01013,0.09,uw,uw61930986,2023-06-06T23:28:13.930Z,"Washington-Oregon border region",earthquake,0.3,0.42,0.2980415618066416,8,reviewed,uw,uw
2023-06-06T21:54:18.883Z,38.0228,73.2367,23.282,4.5,mb,75,49,1.837,0.73,us,us7000k6qr,2023-06-14T23:28:52.040Z,"66 km WSW of Murghob, Tajikistan",earthquake,6.85,2.86,0.069,62,reviewed,us,us
2023-06-06T21:53:53.387Z,-23.1251,170.1138,10,4.6,mb,30,84,2.512,0.53,us,us7000k879,2023-06-14T23:09:18.040Z,"273 km E of Vao, New Caledonia",earthquake,7.66,1.858,0.129,18,reviewed,us,us
2023-06-06T21:53:32.170Z,45.3665,-121.70133333333334,2.66,0.6900000000000001,ml,10,74,0.008462,0.12,uw,uw61930981,2023-06-06T23:25:28.030Z,"8 km NNE of Government Camp, Oregon",earthquake,0.34,0.53,0.08115050099011123,6,reviewed,uw,uw
2023-06-06T21:50:32.320Z,38.8341675,-122.7841644,2.01,0.98,md,15,68,0.006421,0.02,nc,nc73897856,2023-06-06T22:16:12.352Z,"6km WNW of Cobb, CA",earthquake,0.29,0.55,0.11,17,automatic,nc,nc
2023-06-06T21:50:12.338Z,-18.254,-177.4181,369.2,4.4,mb,32,134,3.268,0.56,us,us7000k6qt,2023-06-07T04:01:35.040Z,"Fiji region",earthquake,14.76,10.154,0.105,26,reviewed,us,us
2023-06-06T21:49:12.610Z,38.8046667,-122.8203333,3.21,0.44,md,15,70,0.008084,0.04,nc,nc73897851,2023-06-07T08:36:14.592Z,"6km WNW of The Geysers, CA",earthquake,0.28,0.46,0.481,14,reviewed,nc,nc
2023-06-06T21:48:03.261Z,-23.0477,170.1999,10,5.2,mb,52,76,2.577,0.96,us,us7000k6qq,2023-06-06T22:01:56.040Z,"280 km E of Vao, New Caledonia",earthquake,6.64,1.856,0.092,39,reviewed,us,us
2023-06-06T21:44:55.310Z,45.3675,-121.70916666666666,2.8,0.76,ml,7,145,0.009286,0.08,uw,uw61930976,2023-06-07T05:57:35.930Z,"7 km NNE of Government Camp, Oregon",earthquake,0.62,0.48,0.18184644775379621,5,reviewed,uw,uw
2023-06-06T21:43:48.662Z,-23.1012,170.1804,10,4.9,mb,29,107,2.568,0.86,us,usd000jtzp,2023-06-06T23:02:11.040Z,"southeast of the Loyalty Islands",earthquake,10.89,1.922,0.112,25,reviewed,us,us
2023-06-06T21:42:23.770Z,45.36516666666667,-121.70166666666667,2.2,0.65,ml,8,144,0.007135,0.08,uw,uw61930971,2023-06-06T23:21:41.000Z,"Washington-Oregon border region",earthquake,0.41,0.58,0.16273750249883556,4,reviewed,uw,uw
2023-06-06T21:40:14.830Z,48.089333333333336,-121.94166666666666,-0.41,1.68,ml,11,73,0.0138,0.1,uw,uw61930966,2023-06-06T22:03:24.830Z,"2 km ENE of Granite Falls, Washington",explosion,0.35,31.61,0.15791523975448596,18,reviewed,uw,uw
2023-06-06T21:39:15.400Z,58.1883333333333,-155.285,2.15,0.59,ml,13,55,,0.07,av,av91914976,2023-06-14T03:28:41.755Z,"",earthquake,0.16,0.34,0.341727824110605,13,reviewed,av,av
2023-06-06T21:36:06.750Z,45.358666666666664,-121.71266666666666,3.09,2.56,mh,5,185,0.005028,0.09,uw,uw61502613,2023-06-07T19:31:13.328Z,"Washington-Oregon border region",earthquake,1.14,0.59,,0,reviewed,uw,uw
2023-06-06T21:36:03.470Z,45.36833333333333,-121.7005,2,2.2,mh,9,95,0.01039,0.1,uw,uw61502608,2023-06-07T19:40:16.107Z,"8 km NNE of Government Camp, Oregon",earthquake,0.32,0.75,,0,reviewed,uw,uw
2023-06-06T21:35:15.240Z,45.367,-121.70383333333334,1.35,3.0300000000000002,ml,28,33,0.008512,0.13,uw,uw61930961,2023-06-12T09:11:42.991Z,"8 km NNE of Government Camp, Oregon",earthquake,0.17,0.12,0.2844661982406693,20,reviewed,uw,uw
2023-06-06T21:32:43.710Z,58.177,-155.311166666667,1.94,0.23,ml,9,105,,0.07,av,av91914966,2023-06-09T04:10:28.390Z,"84 km NW of Karluk, Alaska",earthquake,0.21,0.48,0.327913744128153,9,reviewed,av,av
2023-06-06T21:32:17.910Z,17.8931666666667,-66.879,12.27,2.64,md,17,226,0.08144,0.19,pr,pr71412518,2023-06-06T21:57:15.090Z,"9 km SSE of Guánica, Puerto Rico",earthquake,0.68,0.48,0.0395361873316484,5,reviewed,pr,pr
2023-06-06T21:30:57.500Z,58.229,-155.087666666667,9.34,-0.2,ml,7,89,,0.19,av,av91914961,2023-06-09T04:07:10.350Z,"Alaska Peninsula",earthquake,0.59,1,0.165175140943398,7,reviewed,av,av
2023-06-06T21:30:41.814Z,60.0788,-152.876,107.8,1.8,ml,,,,0.44,ak,ak02378023xx,2023-06-14T03:29:42.793Z,"65 km WNW of Happy Valley, Alaska",earthquake,,0.5,,,reviewed,ak,ak
2023-06-06T21:29:31.760Z,19.4069995880127,-155.317001342773,3.97000002861023,1.78,ml,23,73,,0.129999995,hv,hv73442907,2023-06-06T21:35:01.350Z,"9 km WSW of Volcano, Hawaii",earthquake,0.42,0.550000012,0.24,6,automatic,hv,hv
2023-06-06T21:25:37.184Z,14.8907,147.3189,10,4.4,mb,16,142,1.518,0.75,us,us7000k87c,2023-06-14T22:21:07.040Z,"171 km ESE of Saipan, Northern Mariana Islands",earthquake,9.46,1.951,0.189,8,reviewed,us,us
2023-06-06T21:22:10.919Z,58.191,-155.2967,3.6,1.1,ml,,,,0.42,ak,ak0237800btc,2023-06-14T03:29:39.737Z,"85 km NW of Karluk, Alaska",earthquake,,0.2,,,reviewed,ak,ak
2023-06-06T21:20:13.930Z,58.2616666666667,-155.113333333333,5.14,-0.23,ml,6,111,,0.19,av,av91914946,2023-06-09T03:40:39.450Z,"Alaska Peninsula",earthquake,0.88,0.91,0.16783827098735,6,reviewed,av,av
2023-06-06T21:19:08.686Z,66.0326,-143.4461,13.9,1.5,ml,,,,0.33,ak,ak02377zzoix,2023-06-14T03:29:39.545Z,"36 km NE of Circle, Alaska",earthquake,,0.5,,,reviewed,ak,ak
2023-06-06T21:17:39.200Z,66.9469,-157.8768,14.5,2.1,ml,,,,0.57,ak,ak02377zzbfk,2023-06-14T03:29:42.571Z,"15 km S of Ambler, Alaska",earthquake,,0.2,,,reviewed,ak,ak
2023-06-06T21:16:56.765Z,65.6583,-147.8855,1.8,1.1,ml,,,,0.54,ak,ak02377zz52m,2023-06-14T03:29:39.331Z,"33 km ENE of Livengood, Alaska",earthquake,,0.2,,,reviewed,ak,ak
2023-06-06T21:11:19.960Z,58.1728333333333,-155.373,1.14,-0.21,ml,5,129,,0.06,av,av91914936,2023-06-09T03:37:46.680Z,"86 km NW of Karluk, Alaska",earthquake,0.31,1.35,0.0858089096351151,5,reviewed,av,av
2023-06-06T21:10:09.967Z,58.2561,-155.1085,3.3,1,ml,,,,0.65,ak,ak02377zxqqa,2023-06-14T03:29:39.123Z,"85 km NNW of Karluk, Alaska",earthquake,,0.1,,,reviewed,ak,ak
2023-06-06T21:06:16.700Z,58.2905,-154.966666666667,3.67,0.08,ml,11,139,,0.13,av,av91914926,2023-06-09T03:31:39.520Z,"Alaska Peninsula",earthquake,0.44,0.7,0.271915892633094,10,reviewed,av,av
2023-06-06T21:01:28.071Z,59.3561,-153.5991,102.9,2.1,ml,,,,0.51,ak,ak02377zvv1q,2023-06-14T03:29:38.872Z,"55 km ESE of Pope-Vannoy Landing, Alaska",earthquake,,0.3,,,reviewed,ak,ak
2023-06-06T21:00:26.820Z,36.3169,-114.8001,1.3,1.8,ml,11,327.69,0.343,0.2507,nn,nn00860936,2023-06-22T17:19:08.998Z,"24 km ENE of Nellis Air Force Base, Nevada",earthquake,,6,0.29,6,reviewed,nn,nn
2023-06-06T20:55:31.131Z,65.9792,-143.3828,16.2,1,ml,,,,0.41,ak,ak02377zm0ex,2023-06-14T03:29:42.384Z,"35 km ENE of Circle, Alaska",earthquake,,0.8,,,reviewed,ak,ak
2023-06-06T20:53:59.520Z,58.2516666666667,-155.1335,-2.2,-0.37,ml,5,117,,0.09,av,av91914911,2023-06-09T03:27:53.060Z,"86 km NNW of Karluk, Alaska",earthquake,0.69,2.85,0.240798729201182,5,reviewed,av,av
2023-06-06T20:49:12.000Z,58.216,-155.103166666667,3.94,-0.03,ml,6,99,,0.15,av,av91914906,2023-06-09T03:24:36.050Z,"",earthquake,0.39,1.33,0.306450941938207,6,reviewed,av,av
2023-06-06T20:48:53.370Z,19.4988327026367,-155.29817199707,3.9300000667572,1.75,md,32,87,,0.180000007,hv,hv73442867,2023-06-06T20:52:00.060Z,"9 km NW of Volcano, Hawaii",earthquake,0.35,1.33000004,1.24000001,13,automatic,hv,hv
2023-06-06T20:48:38.800Z,19.5014991760254,-155.296829223633,5.3899998664856,1.74000001,md,12,144,,0.170000002,hv,hv73442862,2023-06-06T20:51:41.930Z,"9 km NW of Volcano, Hawaii",earthquake,0.56,1.49000001,0.569999993,3,automatic,hv,hv
2023-06-06T20:46:56.190Z,58.1901666666667,-155.273833333333,1.84,-0.37,ml,5,142,,0.08,av,av91914901,2023-06-09T03:21:47.880Z,"Alaska Peninsula",earthquake,0.25,0.89,0.18416673835092,5,reviewed,av,av
2023-06-06T20:46:41.660Z,19.4860000610352,-155.716171264648,-0.409999996423721,1.72000003,md,20,117,,0.340000004,hv,hv73442857,2023-06-06T20:52:11.750Z,"15 km ENE of Honaunau-Napoopoo, Hawaii",earthquake,0.74,0.629999995,1.44000006,6,automatic,hv,hv
2023-06-06T20:43:21.370Z,51.8563333333333,-178.066333333333,-1.79,1.08,ml,4,187,,0.29,av,av91107073,2023-06-09T03:59:54.250Z,"98 km W of Adak, Alaska",earthquake,0.81,1.89,0.114865697425875,3,reviewed,av,av
2023-06-06T20:35:34.831Z,61.0544,-151.8541,83.8,1.6,ml,,,,0.47,ak,ak02377zhqed,2023-06-14T03:29:38.656Z,"38 km W of Tyonek, Alaska",earthquake,,0.2,,,reviewed,ak,ak
2023-06-06T20:35:05.018Z,36.6592,-116.2726,7.1,2.2,ml,30,82.6,0.055,0.1376,nn,nn00860934,2023-06-07T02:04:08.292Z,"51 km ESE of Beatty, Nevada",earthquake,,0.7,0.36,14,reviewed,nn,nn
2023-06-06T20:31:24.304Z,51.2864,-177.0631,23.2,2,ml,,,,0.42,ak,ak02377zgupa,2023-06-14T03:29:42.182Z,"71 km SSW of Adak, Alaska",earthquake,,0.3,,,reviewed,ak,ak
2023-06-06T20:27:18.175Z,36.6587,-116.2696,6.3,1.3,ml,32,83.29,0.057,0.1501,nn,nn00860931,2023-06-07T02:04:06.780Z,"51 km ESE of Beatty, Nevada",earthquake,,0.7,0.32,14,reviewed,nn,nn
2023-06-06T20:24:38.369Z,-23.2551,-68.5661,120.887,4.3,mb,26,79,0.467,1.07,us,us7000k6q0,2023-06-21T17:51:43.040Z,"53 km SW of San Pedro de Atacama, Chile",earthquake,7.47,5.758,0.177,12,reviewed,us,us
2023-06-06T20:23:39.063Z,62.1179,-149.3255,39.8,1.8,ml,,,,0.41,ak,ak02377zf62g,2023-06-14T03:29:38.393Z,"Central Alaska",earthquake,,0.4,,,reviewed,ak,ak
2023-06-06T20:19:38.420Z,33.8675,-117.5,-0.44,1.06,ml,28,48,0.05146,0.23,ci,ci40479592,2023-06-07T14:02:17.739Z,"2km ESE of Home Gardens, CA",quarry blast,0.48,31.61,0.095,15,reviewed,ci,ci
2023-06-06T20:12:58.460Z,44.7455,-110.7815,8.2,2.2,ml,17,89,0.06519,0.19,uu,uu60541751,2023-06-07T03:28:00.854Z,"26 km SSW of Mammoth, Wyoming",earthquake,0.51,1.15,0.327,5,reviewed,uu,uu
2023-06-06T20:10:59.290Z,62.2205,-151.1379,80.2,1.7,ml,,,,0.55,ak,ak02377zcfbe,2023-06-14T03:29:38.142Z,"29 km NNE of Skwentna, Alaska",earthquake,,0.3,,,reviewed,ak,ak
2023-06-06T20:09:32.240Z,33.6678333,-116.7735,15.68,0.72,ml,23,71,0.06569,0.09,ci,ci40479584,2023-06-07T20:21:07.209Z,"10km SSW of Idyllwild, CA",earthquake,0.19,0.33,0.133,14,reviewed,ci,ci
2023-06-06T20:05:13.320Z,58.1843333333333,-155.298666666667,0.56,-0.56,ml,4,154,,0.06,av,av91914831,2023-06-09T03:09:54.480Z,"",earthquake,0.3,1.26,0.201202691736042,4,reviewed,av,av
2023-06-06T20:02:18.670Z,58.1675,-155.322333333333,2,-0.13,ml,6,146,,0.06,av,av91914821,2023-06-09T02:39:43.570Z,"84 km NW of Karluk, Alaska",earthquake,0.26,0.9,0.229604926240879,6,reviewed,av,av
2023-06-06T19:57:51.835Z,62.3644,-150.9071,72.4,1.3,ml,,,,0.28,ak,ak02377z11u7,2023-06-14T03:29:41.989Z,"16 km SSW of Petersville, Alaska",earthquake,,0.4,,,reviewed,ak,ak
2023-06-06T19:56:31.350Z,58.1866666666667,-155.304666666667,2.14,0.23,ml,8,98,,0.07,av,av91914811,2023-06-09T03:00:15.110Z,"85 km NW of Karluk, Alaska",earthquake,0.25,0.47,0.243044543112239,8,reviewed,av,av
2023-06-06T19:51:48.649Z,35.13916667,-97.77066667,11.88,0.79,ml,19,90,0.06118799283,0.18,ok,ok2023lanu,2023-06-09T15:20:41.734Z,"10 km ESE of Amber, Oklahoma",earthquake,,0.9,0.1,3,reviewed,ok,ok
2023-06-06T19:48:47.850Z,38.8170013,-122.7953339,2.21,0.84,md,12,52,0.00902,0.03,nc,nc73897836,2023-06-06T19:50:20.732Z,"6km NW of The Geysers, CA",earthquake,0.33,0.99,0.26,12,automatic,nc,nc
2023-06-06T19:43:23.740Z,19.3341674804688,-155.121505737305,1.72000002861023,1.83000004,md,37,131,,0.170000002,hv,hv73442817,2023-06-06T19:46:37.840Z,"Island of Hawaii, Hawaii",earthquake,0.36,0.430000007,0.949999988,22,automatic,hv,hv
2023-06-06T19:36:23.530Z,38.8061676,-122.7523346,0.56,0.75,md,7,116,0.007991,0.03,nc,nc73897831,2023-06-06T19:38:00.519Z,"3km SW of Cobb, CA",earthquake,0.32,0.85,0.04,8,automatic,nc,nc
2023-06-06T19:28:56.320Z,38.8206673,-122.8033371,2.58,0.77,md,13,84,0.005926,0.01,nc,nc73897826,2023-06-06T19:30:30.528Z,"6km NW of The Geysers, CA",earthquake,0.31,0.91,0.27,15,automatic,nc,nc
2023-06-06T19:28:29.563Z,66.0371,-143.3956,16.1,1.4,ml,,,,0.47,ak,ak02377yusg2,2023-06-14T03:29:37.941Z,"38 km NE of Circle, Alaska",earthquake,,0.2,,,reviewed,ak,ak
2023-06-06T19:25:06.380Z,38.8323326,-122.7985001,5.35,0.26,md,7,115,0.008797,0.03,nc,nc73897821,2023-06-06T19:26:40.618Z,"7km W of Cobb, CA",earthquake,0.98,6.07,0.16,8,automatic,nc,nc
2023-06-06T19:19:32.600Z,58.1776666666667,-155.3145,0.72,-0.25,ml,6,106,,0.03,av,av91107058,2023-06-09T02:57:49.290Z,"Alaska Peninsula",earthquake,0.19,1.08,0.332251383488464,6,reviewed,av,av
2023-06-06T19:19:05.160Z,58.1786666666667,-155.315,1.17,-0.33,ml,6,164,,0.06,av,av91914776,2023-06-09T02:57:27.040Z,"Alaska Peninsula",earthquake,0.23,0.79,0.197181126276383,6,reviewed,av,av
2023-06-06T19:16:18.052Z,61.6753,-149.4704,36.2,1.3,ml,,,,0.35,ak,ak02377ys6sf,2023-06-14T03:29:37.738Z,"5 km NNW of Tanaina, Alaska",earthquake,,0.1,,,reviewed,ak,ak
2023-06-06T19:00:54.350Z,36.0415,-120.6183333,4.87,0.91,md,13,222,0.03263,0.08,nc,nc73897816,2023-06-06T20:59:18.588Z,"23km NW of Parkfield, CA",earthquake,0.49,1.04,0.201,7,reviewed,nc,nc
2023-06-06T19:00:36.400Z,35.0573333,-118.3515,-0.93,1.3,ml,21,50,0.06708,0.19,ci,ci40479536,2023-06-07T20:17:04.389Z,"12km SE of Tehachapi, CA",quarry blast,0.34,31.61,0.118,23,reviewed,ci,ci
2023-06-06T18:55:22.075Z,66.02,-143.4511,13.7,3,ml,,,,0.66,ak,ak02377yf4j8,2023-06-21T17:47:52.040Z,"35 km NE of Circle, Alaska",earthquake,,0.2,,,reviewed,ak,ak
2023-06-06T18:50:42.180Z,58.2575,-155.1045,3.31,-0.04,ml,7,115,,0.27,av,av91914751,2023-06-09T02:24:42.950Z,"85 km NNW of Karluk, Alaska",earthquake,0.76,2.81,0.179378695010393,7,reviewed,av,av
2023-06-06T18:48:22.198Z,66.0141,-143.4489,12.5,1.6,ml,,,,0.56,ak,ak02377ydmi6,2023-06-14T03:29:37.270Z,"34 km NE of Circle, Alaska",earthquake,,0.2,,,reviewed,ak,ak
2023-06-06T18:48:10.561Z,-18.0538,179.0318,542.042,4.3,mb,14,80,6.255,0.48,us,us7000k875,2023-06-21T17:45:30.040Z,"30 km W of Levuka, Fiji",earthquake,11.69,12.748,0.143,14,reviewed,us,us
2023-06-06T18:47:35.522Z,58.1747,-155.3589,3.8,1,ml,,,,0.24,ak,ak02377ydfu9,2023-06-14T03:29:37.068Z,"86 km NW of Karluk, Alaska",earthquake,,0.1,,,reviewed,ak,ak
2023-06-06T18:44:14.299Z,38.3065,-119.1046,8.7,1.5,ml,8,177.9,0.267,0.1142,nn,nn00860948,2023-06-07T02:04:23.137Z,"12 km ENE of Bridgeport, California",earthquake,,1.6,0.13,5,reviewed,nn,nn
2023-06-06T18:38:23.832Z,37.2705,-117.5993,7.9,1.5,ml,11,94.3,0.053,0.1185,nn,nn00860925,2023-06-07T02:04:05.347Z,"53 km S of Silver Peak, Nevada",earthquake,,2.1,0.55,5,reviewed,nn,nn
2023-06-06T18:37:11.809Z,51.4951,-177.4769,43.5,1.8,ml,,,,0.34,ak,ak02377yb8to,2023-06-14T03:29:41.798Z,"71 km SW of Adak, Alaska",earthquake,,0.7,,,reviewed,ak,ak
2023-06-06T18:37:02.790Z,58.1841666666667,-155.309166666667,0.72,-0.35,ml,6,101,,0.06,av,av91914736,2023-06-09T02:17:19.390Z,"85 km NW of Karluk, Alaska",earthquake,0.23,0.98,0.168767666530462,6,reviewed,av,av
2023-06-06T18:36:28.738Z,-5.6137,149.804,123.282,4.3,mb,17,117,2.743,0.54,us,us7000k878,2023-06-21T17:34:38.040Z,"37 km W of Kimbe, Papua New Guinea",earthquake,9.62,8.81,0.168,10,reviewed,us,us
2023-06-06T18:31:31.300Z,58.1835,-155.303,1.21,-0.46,ml,4,156,,0.03,av,av91914726,2023-06-09T02:13:15.520Z,"84 km NW of Karluk, Alaska",earthquake,0.27,0.88,0.331319694162851,4,reviewed,av,av
2023-06-06T18:29:23.600Z,58.2536666666667,-155.126,-2.15,-0.57,ml,5,211,,0.09,av,av91914716,2023-06-09T02:10:39.510Z,"86 km NNW of Karluk, Alaska",earthquake,0.47,2.03,0.184128789582964,5,reviewed,av,av
2023-06-06T18:28:18.889Z,58.259,-155.1143,1.4,1.5,ml,,,,0.47,ak,ak02377y9bxb,2023-06-14T03:29:36.868Z,"Alaska Peninsula",earthquake,,0.2,,,reviewed,ak,ak
2023-06-06T18:27:20.454Z,62.0817,-151.5058,80.6,1.4,ml,,,,0.52,ak,ak02377y94bx,2023-06-14T03:29:41.604Z,"11 km NNW of Skwentna, Alaska",earthquake,,0.6,,,reviewed,ak,ak
2023-06-06T18:24:44.790Z,58.2565,-155.103666666667,4.4,0.29,ml,11,93,,0.24,av,av91914706,2023-06-09T02:03:57.190Z,"85 km NNW of Karluk, Alaska",earthquake,0.59,0.8,0.160270977829155,11,reviewed,av,av
2023-06-06T18:23:41.630Z,44.6678333333333,-114.356833333333,5.66,2.32,ml,21,42,0.3645,0.23,mb,mb90016883,2023-06-06T23:16:59.340Z,"20 km NNW of Challis, Idaho",earthquake,0.49,0.96,0.277904842552615,24,reviewed,mb,mb
2023-06-06T18:23:15.566Z,15.2092,-60.8676,123.848,4.3,mb,26,157,0.501,0.4,us,us7000k6pa,2023-06-21T17:22:39.040Z,"42 km ESE of La Plaine, Dominica",earthquake,6.4,6.001,0.133,18,reviewed,us,us
2023-06-06T18:21:56.189Z,51.4016,-178.4177,23.1,1.9,ml,,,,0.41,ak,ak02377y7wsi,2023-06-14T03:29:41.407Z,"134 km WSW of Adak, Alaska",earthquake,,0.4,,,reviewed,ak,ak
2023-06-06T18:15:02.414Z,-19.2266,-177.4844,567.881,4.3,mb,15,201,2.885,0.55,us,us7000k877,2023-06-21T17:19:49.040Z,"Fiji region",earthquake,35.12,32.454,0.153,12,reviewed,us,us
2023-06-06T18:14:11.470Z,36.1386667,-117.9281667,4.03,2.33,ml,35,121,0.06297,0.17,ci,ci40479504,2023-06-07T20:10:05.850Z,"11km N of Coso Junction, CA",earthquake,0.24,0.47,0.126,25,reviewed,ci,ci
2023-06-06T18:07:18.433Z,53.4887,-163.2499,10,3.2,ml,42,228,1.268,0.28,us,us7000k8bn,2023-06-21T17:01:24.040Z,"152 km S of False Pass, Alaska",earthquake,3.24,2.007,0.115,10,reviewed,us,us
2023-06-06T18:06:55.828Z,28.0367,66.4,10,4.2,mb,36,132,6.867,0.95,us,us7000k6p6,2023-06-21T16:53:30.040Z,"Pakistan",earthquake,10.57,1.911,0.105,27,reviewed,us,us
2023-06-06T18:04:40.390Z,58.2456666666667,-155.122333333333,2.39,-0.43,ml,5,221,,0.13,av,av91914671,2023-06-09T01:54:14.960Z,"85 km NNW of Karluk, Alaska",earthquake,0.43,0.59,0.156560331589044,5,reviewed,av,av
2023-06-06T18:02:29.230Z,58.1783333333333,-155.324166666667,1.17,-0.24,ml,7,166,,0.04,av,av91914661,2023-06-09T01:51:42.850Z,"85 km NW of Karluk, Alaska",earthquake,0.2,0.75,0.317606196055713,7,reviewed,av,av
2023-06-06T18:01:39.388Z,53.4175,-163.1064,16.145,2.6,ml,30,242,1.358,0.57,us,us7000k8bp,2023-06-21T16:50:23.040Z,"161 km S of False Pass, Alaska",earthquake,5.15,13.343,0.115,10,reviewed,us,us
2023-06-06T17:57:28.989Z,58.1836,-155.3076,0.4,1.1,ml,,,,0.35,ak,ak02377xu4pv,2023-06-14T03:29:36.429Z,"85 km NW of Karluk, Alaska",earthquake,,0.3,,,reviewed,ak,ak
2023-06-06T17:53:22.243Z,-15.8615,-72.2697,10,4.5,mb,37,92,3.102,0.68,us,us7000k6p0,2023-06-21T16:47:20.040Z,"19 km S of Ayo, Peru",earthquake,7.95,1.799,0.115,24,reviewed,us,us
2023-06-06T17:51:43.540Z,33.0636667,-115.0036667,-0.2,1.46,ml,13,67,0.09369,0.26,ci,ci40479488,2023-06-13T22:20:28.433Z,"45km NE of Holtville, CA",quarry blast,0.65,31.61,0.128,8,reviewed,ci,ci
2023-06-06T17:43:24.983Z,58.2476,-155.1184,1.1,1.8,ml,,,,0.23,ak,ak02377xr4ip,2023-06-14T03:29:36.214Z,"85 km NNW of Karluk, Alaska",earthquake,,0.2,,,reviewed,ak,ak
2023-06-06T17:41:52.679Z,-21.3184,-69.8923,54.307,4.5,mb,26,73,0.004,0.79,us,us7000k6nz,2023-06-21T16:42:16.601Z,"91 km NNE of Tocopilla, Chile",earthquake,2.63,4.697,0.17,10,reviewed,us,us
2023-06-06T17:40:02.110Z,38.8185,-122.823,2.31,0.36,md,20,77,0.01047,0.03,nc,nc73897796,2023-06-06T17:54:13.648Z,"7km NW of The Geysers, CA",earthquake,0.21,0.28,0.256,19,reviewed,nc,nc
2023-06-06T17:39:21.850Z,58.245,-155.140166666667,2.46,-0.16,ml,6,149,,0.07,av,av91914631,2023-06-09T01:27:32.810Z,"85 km NNW of Karluk, Alaska",earthquake,0.31,0.44,0.219303611527367,6,reviewed,av,av
2023-06-06T17:37:35.048Z,58.2615,-155.1223,1.9,1.8,ml,,,,0.36,ak,ak02377xpuzv,2023-06-14T03:29:35.764Z,"86 km NNW of Karluk, Alaska",earthquake,,0.1,,,reviewed,ak,ak
2023-06-06T17:37:33.098Z,53.6625,-165.816,58.5,1.8,ml,,,,0.32,ak,ak02377xpuu8,2023-06-14T03:29:35.991Z,"52 km S of Akutan, Alaska",earthquake,,0.9,,,reviewed,ak,ak
2023-06-06T17:36:27.780Z,36.24416667,-95.81516667,0,1.29,ml,63,120,0.3338344903,0.43,ok,ok2023laji,2023-06-06T17:46:36.635Z,"4 km SE of Owasso, Oklahoma",quarry blast,,0.4,0.22,27,reviewed,ok,ok
2023-06-06T17:26:52.007Z,46.0772,21.4012,6.102,4.7,mwr,99,22,0.488,0.72,us,us7000k6nx,2023-06-21T16:37:02.426Z,"5 km SSE of Fântânele, Romania",earthquake,4.1,3.986,0.078,16,reviewed,us,us
2023-06-06T17:25:22.020Z,58.1765,-155.347666666667,2.07,-0.26,ml,7,118,,0.06,av,av91914616,2023-06-09T01:15:38.400Z,"85 km NW of Karluk, Alaska",earthquake,0.21,0.45,0.136035674231078,7,reviewed,av,av
2023-06-06T17:21:02.890Z,38.8390007,-122.8393326,1.2,0.23,md,8,168,0.003031,0.01,nc,nc73897781,2023-06-06T17:22:39.435Z,"10km NW of The Geysers, CA",earthquake,0.5,0.92,0.11,8,automatic,nc,nc
2023-06-06T17:20:55.040Z,45.921,-111.475,-2,1.08,ml,5,161,0.2935,0.05,mb,mb90016943,2023-06-06T23:14:40.730Z,"5 km NW of Logan, Montana",quarry blast,0.72,31.61,0.0907387872415704,7,reviewed,mb,mb
2023-06-06T17:19:55.121Z,62.0372,-150.9637,66.7,1.1,ml,,,,0.31,ak,ak02377xm1o8,2023-06-14T03:29:41.010Z,"23 km ENE of Skwentna, Alaska",earthquake,,1.3,,,reviewed,ak,ak
2023-06-06T17:15:39.970Z,35.701,-121.043,9.22,1.06,md,19,74,0.092,0.09,nc,nc73897776,2023-06-06T19:29:56.652Z,"15km ENE of San Simeon, CA",earthquake,0.22,0.66,0.281,11,reviewed,nc,nc
2023-06-06T17:11:36.980Z,38.8310013,-122.8170013,1.21,0.76,md,9,64,0.009325,0.02,nc,nc73897771,2023-06-06T18:17:20.655Z,"8km NW of The Geysers, CA",earthquake,0.3,1.12,0.48,11,automatic,nc,nc
2023-06-06T17:10:44.599Z,-4.8096,133.75,10,4.5,mb,19,70,2.402,1.1,us,us7000k87a,2023-06-21T16:16:28.040Z,"142 km NE of Tual, Indonesia",earthquake,4.16,1.92,0.163,13,reviewed,us,us
2023-06-06T17:08:03.355Z,36.2959,141.8062,28.185,4.5,mb,73,115,2.912,0.58,us,us7000k6nv,2023-06-21T15:49:47.040Z,"107 km NE of Hasaki, Japan",earthquake,6.94,2.479,0.075,56,reviewed,us,us
2023-06-06T17:07:16.294Z,39.6227,-119.9713,8.4,1.4,ml,10,92.61,0.117,0.0928,nn,nn00860913,2023-06-07T02:04:00.096Z,"6 km S of Cold Springs, Nevada",earthquake,,2.7,0.21,2,reviewed,nn,nn
2023-06-06T16:57:51.810Z,51.8888333333333,179.591,5.86,0.79,ml,4,228,,0.24,av,av91914591,2023-06-09T00:41:39.710Z,"259 km W of Adak, Alaska",earthquake,0.93,1.48,0.393974118600726,4,reviewed,av,av
2023-06-06T16:56:45.290Z,58.2361666666667,-155.122,3.84,-0.14,ml,9,99,,0.08,av,av91914586,2023-06-09T00:47:32.590Z,"84 km NNW of Karluk, Alaska",earthquake,0.21,0.75,0.164532275972689,9,reviewed,av,av
2023-06-06T16:54:47.600Z,19.1825008392334,-155.496337890625,33.7200012207031,2.01,ml,48,80,,0.189999998,hv,hv73442662,2023-06-06T17:00:19.070Z,"2 km SW of Pāhala, Hawaii",earthquake,0.53,0.970000029,3.63,15,automatic,hv,hv
2023-06-06T16:52:59.817Z,31.61161548,-104.1101605,6.093005371,2.3,ml,54,78,0.03603070502,0.2,tx,tx2023lahx,2023-06-07T20:12:32.048Z,"44 km NW of Toyah, Texas",earthquake,0.4829902556,0.4143015899,0,6,reviewed,tx,tx
2023-06-06T16:49:17.260Z,58.1806666666667,-155.318333333333,1.21,-0.5,ml,5,163,,0.05,av,av91107048,2023-06-09T00:51:45.800Z,"85 km NW of Karluk, Alaska",earthquake,0.23,0.86,0.210649930499231,5,reviewed,av,av
2023-06-06T16:48:59.430Z,58.1828333333333,-155.320833333333,2.24,-0.16,ml,7,104,,0.07,av,av91914571,2023-06-09T00:49:50.810Z,"Alaska Peninsula",earthquake,0.25,0.56,0.254682465708929,7,reviewed,av,av
2023-06-06T16:47:50.870Z,58.2208333333333,-155.087666666667,3.59,-0.51,ml,6,115,,0.05,av,av91914566,2023-06-09T01:07:53.260Z,"",earthquake,0.24,0.76,0.242996146963809,6,reviewed,av,av
2023-06-06T16:47:07.620Z,58.1711666666667,-155.2905,0.56,-0.12,ml,7,101,,0.04,av,av91914561,2023-06-09T01:03:43.440Z,"83 km NW of Karluk, Alaska",earthquake,0.18,1.42,0.291459991286918,8,reviewed,av,av
2023-06-06T16:46:05.310Z,58.1903333333333,-155.295,2.22,0.09,ml,6,146,,0.06,av,av91914556,2023-06-09T00:59:14.080Z,"85 km NW of Karluk, Alaska",earthquake,0.29,0.5,0.27436754125822,6,reviewed,av,av
2023-06-06T16:36:36.420Z,38.0303333,-118.8168333,13.02,1.47,md,23,122,0.2554,0.07,nc,nc73897766,2023-06-06T20:38:13.475Z,"26km SE of Bodie, CA",earthquake,0.39,1.25,0.164,15,reviewed,nc,nc
2023-06-06T16:36:19.190Z,35.80116667,-94.7515,0,1.52,ml,39,89,0.4292157732,0.45,ok,ok2023lahj,2023-06-06T16:47:57.810Z,"1 km ESE of Rocky Mountain, Oklahoma",quarry blast,,0.5,0.21,10,reviewed,ok,ok
2023-06-06T16:25:56.907Z,49.681,155.6305,85.508,4.4,mb,56,135,3.668,0.6,us,us7000k6nk,2023-06-13T20:24:16.040Z,"116 km SSW of Severo-Kuril’sk, Russia",earthquake,10.74,7.579,0.089,36,reviewed,us,us
2023-06-06T16:23:44.455Z,-23.2685,-66.7825,215.1,4.4,mb,27,61,1.324,0.62,us,us7000k6ni,2023-06-13T20:21:15.040Z,"112 km W of El Aguilar, Argentina",earthquake,10.01,8.605,0.179,9,reviewed,us,us
2023-06-06T16:19:25.470Z,38.8375015,-122.7916641,2.78,0.7,md,10,80,0.01296,0.01,nc,nc73897761,2023-06-06T16:41:19.067Z,"6km WNW of Cobb, CA",earthquake,0.44,1.85,0.13,11,automatic,nc,nc
2023-06-06T16:10:35.131Z,36.242,142.0913,10,4.5,mb,28,135,3.147,0.64,us,us7000k6nh,2023-06-13T20:14:16.040Z,"126 km ENE of Hasaki, Japan",earthquake,4.83,1.922,0.181,9,reviewed,us,us
2023-06-06T16:06:50.959Z,53.5032,-163.1656,17.032,4.7,mb,106,64,1.266,0.78,us,us7000k6n9,2023-06-14T14:13:51.040Z,"Unimak Island region, Alaska",earthquake,4.7,1.737,0.041,180,reviewed,us,us
2023-06-06T16:04:21.070Z,38.7915001,-122.770668,3.11,0.76,md,11,94,0.0125,0.01,nc,nc73897751,2023-06-06T18:23:19.694Z,"2km NW of The Geysers, CA",earthquake,0.38,1.01,0.09,12,automatic,nc,nc
2023-06-06T15:58:34.444Z,66.5697,-147.3191,13,1,ml,,,,0.45,ak,ak02377wnhsk,2023-06-11T08:18:06.611Z,"23 km N of Beaver, Alaska",earthquake,,0.6,,,reviewed,ak,ak
2023-06-06T15:58:02.780Z,58.1776666666667,-155.3095,1.11,-0.46,ml,6,105,,0.03,av,av91914526,2023-06-09T00:31:46.210Z,"Alaska Peninsula",earthquake,0.23,0.92,0.247476784256343,6,reviewed,av,av
2023-06-06T15:55:40.080Z,58.1861666666667,-155.3085,0.95,-0.09,ml,6,100,,0.05,av,av91914521,2023-06-09T00:29:06.230Z,"85 km NW of Karluk, Alaska",earthquake,0.21,0.8,0.315150847226641,6,reviewed,av,av
2023-06-06T15:54:34.690Z,58.1741666666667,-155.3,2.31,-0.61,ml,5,165,,0.06,av,av91107028,2023-06-09T00:26:28.910Z,"Alaska Peninsula",earthquake,0.27,0.82,0.186588565700194,5,reviewed,av,av
2023-06-06T15:54:13.340Z,58.1795,-155.291,1.81,0.04,ml,8,157,,0.07,av,av91914516,2023-06-09T00:22:56.360Z,"84 km NW of Karluk, Alaska",earthquake,0.26,0.62,0.271413765864932,8,reviewed,av,av
2023-06-06T15:49:34.660Z,58.1946666666667,-155.290833333333,2.48,-0.12,ml,6,142,,0.05,av,av91914501,2023-06-09T00:19:08.630Z,"85 km NW of Karluk, Alaska",earthquake,0.3,0.42,0.397157236781104,6,reviewed,av,av
2023-06-06T15:49:29.799Z,31.60952085,-104.1163346,6.272961426,2.2,ml,49,58,0.03239455914,0.2,tx,tx2023lafv,2023-06-07T20:51:48.436Z,"44 km NW of Toyah, Texas",earthquake,0.4902924307,0.4650788881,0,6,reviewed,tx,tx
2023-06-06T15:49:21.950Z,46.864666666666665,-121.75866666666667,-1.67,0.12,ml,9,85,0.01911,0.07,uw,uw61930921,2023-06-06T18:21:04.060Z,"23 km ENE of Ashford, Washington",earthquake,0.22,0.45,0.07869687381877966,6,reviewed,uw,uw
2023-06-06T15:48:01.881Z,65.5257,-144.1028,11.2,1.1,ml,,,,0.3,ak,ak02377wla27,2023-06-11T08:18:04.065Z,"32 km E of Central, Alaska",earthquake,,1.3,,,reviewed,ak,ak
2023-06-06T15:46:07.260Z,58.1741666666667,-155.326333333333,1.15,-0.38,ml,5,171,,0.07,av,av91914496,2023-06-09T00:17:30.740Z,"Alaska Peninsula",earthquake,0.25,1.07,0.198688274716487,5,reviewed,av,av
2023-06-06T15:37:58.060Z,58.1873333333333,-155.272833333333,1.76,-0.41,ml,6,144,,0.06,av,av91914486,2023-06-09T00:11:57.950Z,"84 km NW of Karluk, Alaska",earthquake,0.3,0.67,0.191767208849789,6,reviewed,av,av
2023-06-06T15:15:27.254Z,52.8751,-167.8204,46.6,2,ml,,,,0.44,ak,ak02377we9dg,2023-06-11T08:18:03.871Z,"70 km E of Nikolski, Alaska",earthquake,,5.9,,,reviewed,ak,ak
2023-06-06T15:12:14.190Z,38.8305016,-122.8178329,1.82,0.83,md,13,57,0.009332,0.02,nc,nc73897746,2023-06-06T15:32:14.639Z,"8km NW of The Geysers, CA",earthquake,0.31,0.71,0.25,15,automatic,nc,nc
2023-06-06T15:11:56.798Z,62.2906,-151.4324,81.2,1.2,ml,,,,0.22,ak,ak02377wdgv3,2023-06-11T08:18:06.429Z,"33 km N of Skwentna, Alaska",earthquake,,1.3,,,reviewed,ak,ak
2023-06-06T15:05:30.200Z,38.8321648,-122.8178329,1.65,0.67,md,10,69,0.01065,0.01,nc,nc73897741,2023-06-06T15:20:14.569Z,"8km NW of The Geysers, CA",earthquake,0.36,0.76,0.28,10,automatic,nc,nc
2023-06-06T15:03:03.560Z,33.3331667,-116.3683333,12.49,1.55,ml,61,24,0.006497,0.18,ci,ci40479416,2023-06-07T19:57:52.690Z,"9km N of Borrego Springs, CA",earthquake,0.17,0.42,0.144,32,reviewed,ci,ci
2023-06-06T15:00:53.256Z,64.9869,-147.3733,0,1,ml,,,,0.42,ak,ak02377wb3jn,2023-06-15T00:29:27.615Z,"12 km ENE of Fox, Alaska",explosion,,0,,,reviewed,ak,ak
2023-06-06T15:00:44.060Z,58.1881666666667,-155.294166666667,1.4,-0.68,ml,5,148,,0.03,av,av91914471,2023-06-09T00:09:41.140Z,"85 km NW of Karluk, Alaska",earthquake,0.22,0.7,0.320933638201359,5,reviewed,av,av
2023-06-06T14:56:34.620Z,58.1953333333333,-155.290666666667,2.86,0.38,ml,11,73,,0.09,av,av91914466,2023-06-09T00:07:01.210Z,"85 km NW of Karluk, Alaska",earthquake,0.25,0.47,0.2688307262652,10,reviewed,av,av
2023-06-06T14:54:20.350Z,38.8076668,-122.8153305,3.41,0.75,md,13,75,0.01089,0.02,nc,nc73897736,2023-06-06T17:36:15.384Z,"6km WNW of The Geysers, CA",earthquake,0.46,0.75,0.04,15,automatic,nc,nc
2023-06-06T14:50:47.086Z,58.2563,-155.1284,1.7,1.1,ml,,,,0.34,ak,ak02377w0dg8,2023-06-15T00:29:27.416Z,"86 km NNW of Karluk, Alaska",earthquake,,0.3,,,reviewed,ak,ak
2023-06-06T14:45:55.660Z,53.6317,-162.2706,10,2.7,ml,23,241,1.343,0.38,us,us7000k7sl,2023-06-15T00:29:28.180Z,"155 km SSE of False Pass, Alaska",earthquake,6.72,2.015,0.105,12,reviewed,us,us
2023-06-06T14:44:28.710Z,33.8758333,-116.901,12.69,0.74,ml,27,90,0.09598,0.1,ci,ci40479408,2023-06-07T19:38:39.123Z,"6km SSW of Banning, CA",earthquake,0.18,0.59,0.141,18,reviewed,ci,ci
2023-06-06T14:43:57.850Z,38.8201667,-122.8226667,2.22,1.85,md,63,35,0.0101,0.03,nc,nc73897731,2023-06-06T22:16:12.042Z,"8km NW of The Geysers, CA",earthquake,0.11,0.17,0.194,58,reviewed,nc,nc
2023-06-06T14:40:03.650Z,58.2366666666667,-155.115,1.41,-0.36,ml,7,104,,0.14,av,av91914441,2023-06-08T23:57:28.750Z,"Alaska Peninsula",earthquake,0.3,1.94,0.250370747726296,7,reviewed,av,av
2023-06-06T14:39:04.499Z,63.2625,-151.5878,2.4,1.6,ml,,,,0.63,ak,ak02377vxx9c,2023-06-11T08:18:03.242Z,"31 km SSE of Denali National Park, Alaska",earthquake,,0.3,,,reviewed,ak,ak
2023-06-06T14:26:47.140Z,58.24,-155.131166666667,3.12,-0.03,ml,8,204,,0.1,av,av91914426,2023-06-08T23:42:30.870Z,"84 km NNW of Karluk, Alaska",earthquake,0.38,0.77,0.309428811907931,9,reviewed,av,av
2023-06-06T14:26:11.293Z,19.7968,120.1386,13.471,4.3,mb,30,123,3.131,0.85,us,us7000k872,2023-06-13T20:03:10.040Z,"152 km NNW of Pagudpud, Philippines",earthquake,10.44,4.65,0.119,20,reviewed,us,us
2023-06-06T14:25:48.278Z,-14.7013,167.3068,125.227,4.3,mb,17,186,6.491,0.85,us,us7000k871,2023-06-13T19:57:27.040Z,"45 km NNE of Port-Olry, Vanuatu",earthquake,12.64,9.352,0.161,11,reviewed,us,us
2023-06-06T14:22:50.300Z,58.2461666666667,-155.136,1.36,-0.24,ml,6,122,,0.07,av,av91914421,2023-06-08T23:39:38.850Z,"Alaska Peninsula",earthquake,0.35,1.42,0.240465665333365,6,reviewed,av,av
2023-06-06T14:20:52.490Z,58.2435,-155.140166666667,2.45,-0.28,ml,5,215,,0.05,av,av91914416,2023-06-08T23:37:22.200Z,"85 km NNW of Karluk, Alaska",earthquake,0.37,0.46,0.283652365098737,5,reviewed,av,av
2023-06-06T14:19:26.801Z,58.2617,-155.1151,1.1,1.1,ml,,,,0.57,ak,ak02377vtoml,2023-06-15T00:29:27.207Z,"86 km NNW of Karluk, Alaska",earthquake,,0.6,,,reviewed,ak,ak
2023-06-06T14:17:39.019Z,0.7602,126.3698,34.244,4.7,mb,78,55,0.997,0.74,us,us7000k6m9,2023-06-13T19:35:19.040Z,"112 km W of Ternate, Indonesia",earthquake,6.57,2.58,0.067,68,reviewed,us,us
2023-06-06T14:11:01.070Z,35.6998333,-121.0438333,8.61,1,md,15,76,0.09111,0.03,nc,nc73897726,2023-06-06T19:21:55.401Z,"15km ENE of San Simeon, CA",earthquake,0.2,0.66,0.258,10,reviewed,nc,nc
2023-06-06T14:04:11.480Z,58.2778333333333,-155.137833333333,-2.13,-0.32,ml,5,122,,0.25,av,av91914386,2023-06-09T00:00:41.950Z,"88 km NNW of Karluk, Alaska",earthquake,0.55,2.98,0.254549531702394,5,reviewed,av,av
2023-06-06T13:56:27.879Z,62.1533,-152.1059,104.9,2,ml,,,,0.55,ak,ak02377vg6l4,2023-06-11T08:18:02.759Z,"41 km WNW of Skwentna, Alaska",earthquake,,0.7,,,reviewed,ak,ak
2023-06-06T13:55:35.689Z,36.5557,-116.2515,6.9,0,ml,6,162.29,0.106,0.0897,nn,nn00860919,2023-06-07T02:04:03.156Z,"45 km NNW of Pahrump, Nevada",earthquake,,4.8,0.05,2,reviewed,nn,nn
2023-06-06T13:52:43.754Z,-23.3252,170.9308,10,4.4,mb,12,204,3.288,0.88,us,us7000k870,2023-06-13T19:18:50.040Z,"southeast of the Loyalty Islands",earthquake,7.17,1.978,0.219,6,reviewed,us,us
2023-06-06T13:49:42.508Z,37.0046,-116.2268,6.6,0.4,ml,22,65.23,0.042,0.1247,nn,nn00860910,2023-06-22T18:14:44.251Z,"48 km ENE of Beatty, Nevada",earthquake,,1.1,0.31,12,reviewed,nn,nn
2023-06-06T13:48:05.400Z,46.88166666666667,-121.982,11.72,0.35000000000000003,ml,17,210,0.02469,0.1,uw,uw61930901,2023-06-07T05:53:49.700Z,"",earthquake,0.69,0.41,0.1767482119184089,9,reviewed,uw,uw
2023-06-06T13:46:52.450Z,63.5194,-147.4165,12.2,1.1,ml,,,,0.93,ak,ak02377ve3cn,2023-06-11T08:18:02.556Z,"Central Alaska",earthquake,,0.5,,,reviewed,ak,ak
2023-06-06T13:45:55.257Z,53.0656,-167.0751,40.348,3,ml,16,204,0.61,0.46,us,us7000k7sg,2023-06-11T15:03:48.040Z,"96 km SSW of Unalaska, Alaska",earthquake,5.19,19.649,0.105,12,reviewed,us,us
2023-06-06T13:45:05.200Z,58.1906666666667,-155.273333333333,2.48,-0.25,ml,6,141,,0.04,av,av91914356,2023-06-08T23:21:01.210Z,"84 km NW of Karluk, Alaska",earthquake,0.28,0.49,0.294542401436478,6,reviewed,av,av
2023-06-06T13:42:45.690Z,38.8101654,-122.760498,-0.63,0.77,md,8,105,0.009546,0.02,nc,nc73897721,2023-06-06T16:14:14.901Z,"4km WSW of Cobb, CA",earthquake,0.34,1.2,0.23,10,automatic,nc,nc
2023-06-06T13:41:12.120Z,35.199,-118.6051667,8.17,1.37,ml,27,47,0.07557,0.14,ci,ci40479360,2023-06-07T19:12:45.552Z,"16km WNW of Tehachapi, CA",earthquake,0.2,0.76,0.188,18,reviewed,ci,ci
2023-06-06T13:40:48.050Z,42.7176667,-110.749,4.91,2.27,ml,18,144,0.2632,0.21,uu,uu60541716,2023-06-06T14:27:38.540Z,"15 km E of Afton, Wyoming",earthquake,0.6,2.06,0.259,6,reviewed,uu,uu
2023-06-06T13:40:01.510Z,35.13333333,-97.763,12.43,1.16,ml,25,52,0.06928640364,0.31,ok,ok2023labn,2023-06-09T14:44:31.971Z,"9 km W of Blanchard, Oklahoma",earthquake,,1.3,0.32,3,reviewed,ok,ok
2023-06-06T13:37:48.340Z,58.1885,-155.291666666667,2.09,-0.27,ml,6,148,,0.06,av,av91914351,2023-06-08T23:16:02.980Z,"85 km NW of Karluk, Alaska",earthquake,0.22,0.41,0.295004247535174,6,reviewed,av,av
2023-06-06T13:36:17.250Z,58.1771666666667,-155.323,2.66,0.77,ml,10,109,,0.08,av,av91914346,2023-06-11T08:16:41.649Z,"85 km NW of Karluk, Alaska",earthquake,0.22,0.39,0.277103894834388,10,reviewed,av,av
2023-06-06T13:35:09.190Z,58.2473333333333,-155.1385,3.97,0.2,ml,10,77,,0.13,av,av91914341,2023-06-08T23:04:22.670Z,"85 km NNW of Karluk, Alaska",earthquake,0.31,0.66,0.221027624068429,10,reviewed,av,av
2023-06-06T13:30:18.400Z,46.878166666666665,-121.994,11.66,0.31,ml,17,210,0.03019,0.13,uw,uw61930896,2023-06-06T18:11:56.640Z,"13 km NNE of Ashford, Washington",earthquake,0.77,0.54,0.09517448713470025,7,reviewed,uw,uw
2023-06-06T13:28:48.356Z,62.2043,-149.771,57.3,1,ml,,,,0.43,ak,ak02377va86b,2023-06-11T08:18:06.039Z,"6 km NE of Susitna North, Alaska",earthquake,,2.1,,,reviewed,ak,ak
2023-06-06T13:28:03.960Z,58.2565,-155.143833333333,4.53,0.37,ml,12,78,,0.11,av,av91914331,2023-06-11T08:16:37.250Z,"86 km NNW of Karluk, Alaska",earthquake,0.27,0.53,0.352039659625999,12,reviewed,av,av
2023-06-06T13:26:42.270Z,58.1838333333333,-155.310666666667,0.84,-0.21,ml,4,248,,0.04,av,av91914326,2023-06-08T22:56:57.180Z,"85 km NW of Karluk, Alaska",earthquake,0.77,1.17,0.346740641864519,4,reviewed,av,av
2023-06-06T13:24:56.990Z,58.1971666666667,-155.253166666667,1.9,-0.28,ml,6,129,,0.09,av,av91914321,2023-06-08T22:55:15.600Z,"",earthquake,0.34,0.76,0.212970901509368,6,reviewed,av,av
2023-06-06T13:24:34.648Z,32.6386,47.6964,10,4.1,mb,21,203,3.512,1.09,us,us7000k86z,2023-06-13T19:05:18.040Z,"40 km E of Dehlorān, Iran",earthquake,14.25,2.006,0.158,11,reviewed,us,us
2023-06-06T13:21:31.870Z,58.25,-155.1555,3.72,-0.13,ml,10,80,,0.14,av,av91914316,2023-06-08T22:52:40.600Z,"86 km NNW of Karluk, Alaska",earthquake,0.35,0.68,0.216078852472668,10,reviewed,av,av
2023-06-06T13:20:08.950Z,58.1773333333333,-155.3405,1.7,-0.18,ml,5,114,,0.04,av,av91914311,2023-06-08T22:49:33.490Z,"85 km NW of Karluk, Alaska",earthquake,0.24,0.84,0.217171345101984,5,reviewed,av,av
2023-06-06T13:17:33.660Z,58.2501666666667,-155.146333333333,3.4,-0.12,ml,9,85,,0.08,av,av91914301,2023-06-08T22:37:07.290Z,"86 km NNW of Karluk, Alaska",earthquake,0.26,0.58,0.260449658026703,10,reviewed,av,av
2023-06-06T13:16:22.500Z,-17.9904,-174.493,123.476,4.6,mb,34,80,1.83,0.98,us,us7000k6m2,2023-06-13T18:49:02.040Z,"90 km NW of Neiafu, Tonga",earthquake,6.68,6.941,0.109,25,reviewed,us,us
2023-06-06T13:13:21.250Z,46.878166666666665,-121.98583333333333,11.88,0.43,ml,18,174,0.02508,0.12,uw,uw61930891,2023-06-06T15:02:08.310Z,"13 km NNE of Ashford, Washington",earthquake,0.42,0.42,0.1264490598665652,8,reviewed,uw,uw
2023-06-06T13:11:25.293Z,58.2492,-155.1395,1.8,2.9,ml,,,,0.61,ak,ak02377v6j75,2023-06-15T00:30:28.428Z,"85 km NNW of Karluk, Alaska",earthquake,,0.2,,,reviewed,ak,ak
2023-06-06T13:09:22.000Z,38.840168,-122.7863312,1.5,0.5,md,8,135,0.003592,0.01,nc,nc73897706,2023-06-06T13:41:18.864Z,"6km WNW of Cobb, CA",earthquake,0.47,1.04,0.3,9,automatic,nc,nc
2023-06-06T13:08:37.360Z,38.7804985,-122.7583313,0.69,1.01,md,14,62,0.01135,0.05,nc,nc73897701,2023-06-06T13:30:14.802Z,"0km NNW of The Geysers, CA",earthquake,0.25,0.6,0.14,14,automatic,nc,nc
2023-06-06T13:07:56.545Z,54.5489,-159.7218,35,3,ml,18,252,0.913,0.66,us,us7000k7sf,2023-06-11T15:19:46.040Z,"100 km SSE of Sand Point, Alaska",earthquake,3.13,2.022,0.128,8,reviewed,us,us
2023-06-06T13:07:27.937Z,60.8907,-150.424,6.9,1.6,ml,,,,0.78,ak,ak02377v5ok9,2023-06-11T08:18:05.816Z,"14 km ESE of Point Possession, Alaska",earthquake,,0.6,,,reviewed,ak,ak
2023-06-06T13:06:45.403Z,61.5665,-149.621,27,1.2,ml,,,,0.45,ak,ak02377v5i45,2023-06-11T08:18:01.645Z,"6 km N of Knik-Fairview, Alaska",earthquake,,1.6,,,reviewed,ak,ak
2023-06-06T13:02:15.059Z,56.6687,-154.5982,19,2.8,ml,,,,0.7,ak,ak02377v4ley,2023-06-11T15:23:42.040Z,"40 km SW of Akhiok, Alaska",earthquake,,1.9,,,reviewed,ak,ak
2023-06-06T13:00:02.783Z,63.0643,-150.6676,106.8,1.3,ml,,,,0.32,ak,ak02377v44ly,2023-06-11T08:18:05.616Z,"63 km N of Petersville, Alaska",earthquake,,1.1,,,reviewed,ak,ak
2023-06-06T12:59:12.280Z,38.8263321,-122.8649979,2.01,0.62,md,9,176,0.006461,0.02,nc,nc73897696,2023-06-06T13:20:13.744Z,"11km WNW of The Geysers, CA",earthquake,0.56,1.19,0.23,9,automatic,nc,nc
2023-06-06T12:52:34.560Z,38.8204994,-122.8218307,2.08,0.54,md,13,55,0.009628,0.01,nc,nc73897691,2023-06-06T15:20:13.569Z,"7km NW of The Geysers, CA",earthquake,0.28,0.68,0.29,13,automatic,nc,nc
2023-06-06T12:49:19.134Z,53.6276,-163.4917,25.5,2.1,ml,,,,0.64,ak,ak02377ut8e9,2023-06-15T00:29:27.989Z,"136 km S of False Pass, Alaska",earthquake,,1.8,,,reviewed,ak,ak
2023-06-06T12:48:07.987Z,65.3476,-144.6347,8.9,0.9,ml,,,,0.78,ak,ak02377uszrb,2023-06-11T08:18:01.224Z,"26 km SSE of Central, Alaska",earthquake,,0.6,,,reviewed,ak,ak
2023-06-06T12:45:57.040Z,58.1813333333333,-155.312666666667,2.09,-0.06,ml,8,104,,0.08,av,av91914261,2023-06-08T22:07:52.700Z,"85 km NW of Karluk, Alaska",earthquake,0.23,0.41,0.340732556563956,8,reviewed,av,av
2023-06-06T12:31:23.716Z,61.806,-150.7218,50.8,1.4,ml,,,,0.39,ak,ak02377updso,2023-06-11T08:18:00.997Z,"31 km NNW of Susitna, Alaska",earthquake,,0.9,,,reviewed,ak,ak
2023-06-06T12:24:29.817Z,57.1123,-135.678,3.7,1.7,ml,,,,0.4,ak,ak02377unw9y,2023-06-15T00:29:26.757Z,"Southeastern Alaska",earthquake,,0.4,,,reviewed,ak,ak
2023-06-06T12:05:46.410Z,58.1906666666667,-155.286666666667,2.04,-0.1,ml,7,144,,0.04,av,av91914236,2023-06-08T21:50:48.780Z,"85 km NW of Karluk, Alaska",earthquake,0.21,0.52,0.257118093768256,7,reviewed,av,av
2023-06-06T11:58:56.450Z,56.2506666666667,-159.351,7.2,0.53,ml,4,287,,0.22,av,av91914231,2023-06-08T21:41:22.970Z,"36 km W of Chignik Lake, Alaska",earthquake,1.27,1.89,0.099437743294444,4,reviewed,av,av
2023-06-06T11:57:20.400Z,44.6253333333333,-114.19,9.66,2.05,ml,19,66,0.2653,0.15,mb,mb90016863,2023-06-06T19:57:37.980Z,"",earthquake,0.37,0.8,0.261341336100643,22,reviewed,mb,mb
2023-06-06T11:51:39.388Z,36.8891,-115.9612,8.5,0.4,ml,10,229.79,0.027,0.1532,nn,nn00860918,2023-06-07T02:04:02.393Z,"43 km NW of Indian Springs, Nevada",earthquake,,3.2,0.28,3,reviewed,nn,nn
2023-06-06T11:51:26.229Z,63.5479,-147.9221,5.7,1.4,ml,,,,0.68,ak,ak02377u88pd,2023-06-11T08:18:00.568Z,"53 km ESE of Denali Park, Alaska",earthquake,,0.3,,,reviewed,ak,ak
2023-06-06T11:49:47.400Z,58.1855,-155.308833333333,1.86,-0.51,ml,6,155,,0.06,av,av91914221,2023-06-08T21:43:08.610Z,"Alaska Peninsula",earthquake,0.28,0.44,0.22419622287565,6,reviewed,av,av
2023-06-06T11:48:57.660Z,38.8083344,-122.7613297,0.03,1.07,md,16,100,0.007801,0.04,nc,nc73897676,2023-06-06T14:25:14.165Z,"4km N of The Geysers, CA",earthquake,0.28,0.44,0.08,15,automatic,nc,nc
2023-06-06T11:45:18.020Z,38.8068352,-122.777832,-0.02,0.79,md,8,99,0.006791,0.02,nc,nc73897671,2023-06-06T12:01:15.257Z,"4km NNW of The Geysers, CA",earthquake,0.29,0.87,0.23,9,automatic,nc,nc
2023-06-06T11:42:49.400Z,53.9241666666667,-166.642,3.73,0.38,ml,5,236,,0.16,av,av91914216,2023-06-08T21:38:50.640Z,"7 km WNW of Dutch Harbor, Alaska",earthquake,0.93,0.59,0.192458518215072,5,reviewed,av,av
2023-06-06T11:41:35.690Z,38.2653333,-112.632,12.57,0.84,md,8,220,0.2643,0.13,uu,uu60541711,2023-06-06T14:46:45.620Z,"1 km SSE of Beaver, Utah",earthquake,0.69,3.38,0.147,5,reviewed,uu,uu
2023-06-06T11:39:58.166Z,61.6994,-149.8795,32.1,1,ml,,,,0.47,ak,ak02377u5qlk,2023-06-11T08:18:05.236Z,"8 km NNW of Houston, Alaska",earthquake,,1.4,,,reviewed,ak,ak
2023-06-06T11:34:27.430Z,58.1893333333333,-155.314833333333,1.31,-0.39,ml,7,152,,0.06,av,av91914211,2023-06-08T21:36:28.860Z,"Alaska Peninsula",earthquake,0.3,0.63,0.317314110374354,7,reviewed,av,av
2023-06-06T11:33:27.100Z,58.1891666666667,-155.313833333333,1.23,-0.21,ml,5,152,,0.06,av,av91106998,2023-06-08T21:34:29.130Z,"85 km NW of Karluk, Alaska",earthquake,0.23,0.68,0.357911987665729,5,reviewed,av,av
2023-06-06T11:33:18.260Z,58.1901666666667,-155.3145,2.04,-0.19,ml,8,99,,0.08,av,av91914206,2023-06-08T21:29:54.380Z,"85 km NW of Karluk, Alaska",earthquake,0.22,0.48,0.269867739309193,8,reviewed,av,av
2023-06-06T11:33:09.100Z,58.1885,-155.313,1.25,0.05,ml,7,100,,0.04,av,av91106993,2023-06-08T21:32:17.130Z,"85 km NW of Karluk, Alaska",earthquake,0.19,0.62,0.394797018708508,7,reviewed,av,av
2023-06-06T11:18:37.761Z,52.2358,-168.1516,15.8,2.1,ml,,,,0.46,ak,ak02377u16zk,2023-06-11T08:18:05.040Z,"91 km SSE of Nikolski, Alaska",earthquake,,2.7,,,reviewed,ak,ak
2023-06-06T11:13:57.103Z,39.6305,-116.9749,11.7,2.1,ml,6,142.02,0.813,0.2369,nn,nn00860947,2023-06-07T02:04:22.123Z,"17 km NNE of Austin, Nevada",earthquake,,2.6,0.38,3,reviewed,nn,nn
2023-06-06T11:07:57.060Z,61.662,-152.172,3.45,0.52,ml,5,274,,0.06,av,av91914191,2023-06-08T21:21:40.390Z,"54 km SW of Skwentna, Alaska",earthquake,1.08,3.17,0.1425484070401,5,reviewed,av,av
2023-06-06T11:04:54.710Z,62.6304,-149.8029,66.1,1.3,ml,,,,0.51,ak,ak02377ty8b6,2023-06-11T08:18:00.352Z,"25 km NE of Chase, Alaska",earthquake,,0.7,,,reviewed,ak,ak
2023-06-06T11:00:53.490Z,63.2146,-150.7377,123.8,2.3,ml,,,,0.46,ak,ak02377txdcj,2023-06-11T08:18:00.087Z,"61 km SE of Denali National Park, Alaska",earthquake,,0.6,,,reviewed,ak,ak
2023-06-06T10:59:38.035Z,61.7076,-146.6276,19.6,2.7,ml,,,,0.71,ak,ak02377tojoo,2023-06-11T08:17:59.755Z,"32 km SSE of Nelchina, Alaska",earthquake,,0.5,,,reviewed,ak,ak
2023-06-06T10:59:36.080Z,36.2896667,-121.5768333,12.67,0.79,md,17,65,0.01781,0.08,nc,nc73897666,2023-06-06T20:15:15.350Z,"27km SSW of Gonzales, CA",earthquake,0.31,0.47,0.343,15,reviewed,nc,nc
2023-06-06T10:58:29.640Z,18.0343333333333,-66.8176666666667,11.05,2.23,md,5,146,0.08314,0.11,pr,pr71412503,2023-06-06T11:27:46.440Z,"3 km WNW of Guayanilla, Puerto Rico",earthquake,0.51,1.23,0.0773967580975901,4,reviewed,pr,pr
2023-06-06T10:56:08.910Z,38.8423347,-122.8759995,2.31,1.03,md,15,141,0.006217,0.03,nc,nc73897661,2023-06-06T11:17:14.959Z,"13km NW of The Geysers, CA",earthquake,0.34,0.5,0.27,15,automatic,nc,nc
2023-06-06T10:51:53.937Z,36.7575,-116.109,8.4,-0.1,ml,7,124.31,0.005,0.0447,nn,nn00860917,2023-06-13T19:03:17.296Z,"44 km WNW of Indian Springs, Nevada",earthquake,,2.3,0.35,3,reviewed,nn,nn
2023-06-06T10:50:57.150Z,37.479,-118.8376667,2.98,1.42,md,21,190,0.111,0.04,nc,nc73897656,2023-06-06T21:50:14.879Z,"17km WSW of Toms Place, CA",earthquake,0.36,1.1,0.153,18,reviewed,nc,nc
2023-06-06T10:42:08.122Z,65.4291,-152.5489,7.9,0.9,ml,,,,0.76,ak,ak02377tkuc8,2023-06-11T08:17:59.562Z,"36 km NW of Tanana, Alaska",earthquake,,0.9,,,reviewed,ak,ak
2023-06-06T10:34:50.910Z,40.435,-124.361,21.82,2.07,md,21,209,0.04432,0.07,nc,nc73897651,2023-06-06T20:03:15.287Z,"14km NNW of Petrolia, CA",earthquake,0.56,0.27,0.357,24,reviewed,nc,nc
2023-06-06T10:31:25.298Z,60.0602,-152.6146,96,1.7,ml,,,,0.39,ak,ak02377tij03,2023-06-11T08:17:59.338Z,"Southern Alaska",earthquake,,0.9,,,reviewed,ak,ak
2023-06-06T10:25:41.719Z,35.12866667,-97.74083333,7.68,1.07,ml,16,105,0.08548322528,0.12,ok,ok2023kzvd,2023-06-07T21:29:22.438Z,"7 km W of Blanchard, Oklahoma",earthquake,,0.4,0.22,4,reviewed,ok,ok
2023-06-06T10:24:37.790Z,58.1641666666667,-155.3865,2.72,0.69,ml,12,77,,0.07,av,av91914141,2023-06-11T08:16:21.286Z,"86 km NW of Karluk, Alaska",earthquake,0.19,0.33,0.261590294555504,12,reviewed,av,av
2023-06-06T10:16:13.640Z,19.2646666666667,-155.407333333333,30.63,1.45,md,17,96,,0.1,hv,hv73442262,2023-06-07T00:09:35.540Z,"10 km NE of Pāhala, Hawaii",earthquake,0.66,0.91,0.0634479371370826,8,reviewed,hv,hv
2023-06-06T10:12:03.557Z,31.6762219,-104.3844197,6.645727539,2,ml,21,86,0.0355947793,0.2,tx,tx2023kzur,2023-06-06T12:27:26.053Z,"55 km S of Whites City, New Mexico",earthquake,0.7564094449,0.6489027864,0.2,14,reviewed,tx,tx
2023-06-06T10:08:52.970Z,33.5831667,-116.7523333,12.05,0.38,ml,16,77,0.01437,0.09,ci,ci40479320,2023-06-06T21:36:02.562Z,"8km WNW of Anza, CA",earthquake,0.25,0.49,0.053,9,reviewed,ci,ci
2023-06-06T10:08:32.433Z,66.0469,-143.4631,24.4,1.4,ml,,,,1.02,ak,ak02377tdlqp,2023-06-15T00:29:26.551Z,"36 km NE of Circle, Alaska",earthquake,,0.9,,,reviewed,ak,ak
2023-06-06T10:03:26.830Z,33.5306667,-116.7288333,3.33,0.55,ml,27,44,0.03536,0.1,ci,ci40479312,2023-06-06T21:34:48.520Z,"6km WSW of Anza, CA",earthquake,0.15,0.36,0.141,17,reviewed,ci,ci
2023-06-06T09:57:29.080Z,19.2390003204346,-155.462173461914,33.9900016784668,1.8,ml,41,109,,0.0900000036,hv,hv73442242,2023-06-06T10:03:00.330Z,"4 km NNE of Pāhala, Hawaii",earthquake,0.52,0.589999974,3.96,4,automatic,hv,hv
2023-06-06T09:55:15.650Z,45.6193333333333,-111.747,1.56,0.53,ml,9,96,0.08534,0.07,mb,mb90016938,2023-06-06T23:09:10.040Z,"9 km SSE of Harrison, Montana",earthquake,0.29,0.8,0.0820393745300263,4,reviewed,mb,mb
2023-06-06T09:52:28.080Z,59.1735,-152.4844,57.3,2.1,ml,,,,0.58,ak,ak02377t1ld0,2023-06-11T08:20:09.204Z,"",earthquake,,0.7,,,reviewed,ak,ak
2023-06-06T09:50:35.930Z,39.5176667,-123.3318333,8.65,2.01,md,19,56,0.04881,0.07,nc,nc73897646,2023-06-06T21:22:16.713Z,"9km NNE of Brooktrails, CA",earthquake,0.22,0.36,0.152,23,reviewed,nc,nc
2023-06-06T09:39:10.170Z,54.7563333333333,-163.710166666667,-3,0.56,ml,5,124,,0.31,av,av91914111,2023-06-08T20:48:40.230Z,"22 km WSW of False Pass, Alaska",earthquake,0.54,0.72,0.307874174975495,5,reviewed,av,av
2023-06-06T09:30:16.700Z,58.165,-155.3195,2.08,0.17,ml,8,116,,0.07,av,av91914101,2023-06-08T20:53:08.030Z,"83 km NW of Karluk, Alaska",earthquake,0.23,0.52,0.196711900691169,8,reviewed,av,av
2023-06-06T09:26:03.013Z,61.7799,-150.8272,60,1.2,ml,,,,0.37,ak,ak02377svytp,2023-06-11T08:18:04.823Z,"31 km NNW of Susitna, Alaska",earthquake,,1.1,,,reviewed,ak,ak
2023-06-06T09:11:23.695Z,18.702,-74.2346,10,4.9,mww,123,57,1.466,0.73,us,us7000k6lb,2023-06-06T13:40:31.263Z,"9 km NE of Les Abricots, Haiti",earthquake,8.51,1.883,0.089,12,reviewed,us,us
2023-06-06T09:10:33.043Z,37.1082,-114.5916,6.1,1.6,ml,12,123.85,0.472,0.2558,nn,nn00860906,2023-06-07T02:03:46.192Z,"47 km N of Moapa Town, Nevada",earthquake,,3.1,0.39,8,reviewed,nn,nn
2023-06-06T09:09:10.912Z,36.7225,-116.0755,3.9,-0.2,ml,5,178.29,0.028,0.0675,nn,nn00860916,2023-06-07T02:04:00.717Z,"39 km WNW of Indian Springs, Nevada",earthquake,,3.2,0.12,2,reviewed,nn,nn
2023-06-06T09:07:18.580Z,58.1831666666667,-155.308833333333,1.38,-0.07,ml,7,102,,0.07,av,av91914076,2023-06-08T20:41:47.310Z,"85 km NW of Karluk, Alaska",earthquake,0.22,0.8,0.304598650072603,7,reviewed,av,av
2023-06-06T09:07:17.020Z,38.8468323,-122.8176651,1.7,0.29,md,9,121,0.008988,0.02,nc,nc73897636,2023-06-06T09:25:12.203Z,"9km WNW of Cobb, CA",earthquake,0.37,1.01,0.17,9,automatic,nc,nc
2023-06-06T09:06:00.340Z,37.4768333,-118.768,10.99,0.85,md,16,108,0.123,0.03,nc,nc73897641,2023-06-06T19:09:22.107Z,"12km SW of Toms Place, CA",earthquake,0.54,1.12,0.184,15,reviewed,nc,nc
2023-06-06T08:56:12.910Z,58.187,-155.336333333333,1.22,-0.24,ml,6,107,,0.08,av,av91914071,2023-06-08T20:31:19.200Z,"86 km NW of Karluk, Alaska",earthquake,0.23,0.77,0.165654287687211,5,reviewed,av,av
2023-06-06T08:45:22.162Z,65.9879,-143.5101,12.8,1.2,ml,,,,0.46,ak,ak02377senaw,2023-06-11T08:18:04.637Z,"30 km NE of Circle, Alaska",earthquake,,1.5,,,reviewed,ak,ak
2023-06-06T08:42:08.659Z,55.089,-159.4755,13.3,2,ml,,,,0.61,ak,ak02377sdz41,2023-06-11T08:18:04.449Z,"70 km ESE of Sand Point, Alaska",earthquake,,1.3,,,reviewed,ak,ak
2023-06-06T08:32:39.366Z,54.1744,-163.6698,61.077,3.2,ml,26,194,0.552,0.42,us,us7000k7sd,2023-06-15T00:29:26.281Z,"77 km SSW of False Pass, Alaska",earthquake,7.24,18.369,0.097,14,reviewed,us,us
2023-06-06T08:31:11.370Z,19.32,-155.818833333333,8.59,2.6,ml,45,110,,0.25,hv,hv73442127,2023-06-06T22:28:00.394Z,"15 km SSE of Honaunau-Napoopoo, Hawaii",earthquake,0.4,0.37,0.144616518376549,33,reviewed,hv,hv
2023-06-06T08:28:00.500Z,35.14233333,-97.76066667,12.22,0.81,ml,20,104,0.06478728652,0.29,ok,ok2023kzrg,2023-06-07T21:18:48.362Z,"",earthquake,,1.3,0.29,4,reviewed,ok,ok
2023-06-06T08:27:29.386Z,59.6998,-152.6391,86.4,2,ml,,,,0.46,ak,ak02377sasvs,2023-06-11T08:17:58.354Z,"46 km W of Anchor Point, Alaska",earthquake,,0.4,,,reviewed,ak,ak
2023-06-06T08:24:39.089Z,31.67401606,-104.3698653,6.799975586,2,ml,37,68,0.04817982929,0.2,tx,tx2023kzrd,2023-06-06T20:40:41.821Z,"55 km S of Whites City, New Mexico",earthquake,0.6659868346,0.8268000058,0,6,reviewed,tx,tx
2023-06-06T08:13:54.000Z,37.3838,-117.0941,18.5,1.2,ml,17,134.44,0.381,0.194,nn,nn00860903,2023-06-07T02:03:45.082Z,"California-Nevada border region",earthquake,,1.1,0.31,8,reviewed,nn,nn
2023-06-06T08:13:19.010Z,58.2281666666667,-155.152333333333,1.58,-0.39,ml,6,226,,0.09,av,av91914031,2023-06-09T04:58:11.410Z,"",earthquake,0.47,1.66,0.164716290959085,6,reviewed,av,av
2023-06-06T08:11:47.859Z,57.8104,-153.9999,59.8,1.7,ml,,,,0.35,ak,ak02377s7eye,2023-06-15T00:29:27.797Z,"30 km N of Larsen Bay, Alaska",earthquake,,0.8,,,reviewed,ak,ak
2023-06-06T07:44:10.545Z,61.2858,-149.975,35.5,1.7,ml,,,,0.62,ak,ak02377rsyza,2023-06-12T21:10:13.239Z,"8 km S of Point MacKenzie, Alaska",earthquake,,0.5,,,reviewed,ak,ak
2023-06-06T07:42:59.439Z,35.13816667,-97.72666667,7.89,1.29,ml,44,87,0.08998234239,0.36,ok,ok2023kzpt,2023-06-07T20:50:56.797Z,"6 km W of Blanchard, Oklahoma",earthquake,,0.8,0.24,4,reviewed,ok,ok
2023-06-06T07:42:10.404Z,62.2627,-151.3796,85.7,1.6,ml,,,,0.6,ak,ak02377rsjlv,2023-06-12T21:10:13.006Z,"30 km N of Skwentna, Alaska",earthquake,,0.5,,,reviewed,ak,ak
2023-06-06T07:40:41.310Z,18.5553333333333,-67.4628333333333,11.52,2.74,md,8,272,0.1707,0.27,pr,pr71412483,2023-06-06T11:24:26.940Z,"32 km NW of Rincón, Puerto Rico",earthquake,1.62,0.78,0.0477628983365364,5,reviewed,pr,pr
2023-06-06T07:34:33.021Z,52.8315,-166.7666,18.2,1.9,ml,,,,0.52,ak,ak02377rqvt3,2023-06-12T21:10:12.818Z,"117 km S of Unalaska, Alaska",earthquake,,2.9,,,reviewed,ak,ak
2023-06-06T07:23:37.458Z,52.8316,-166.6926,24.93,3.8,mb,38,212,0.936,1.04,us,us7000k823,2023-06-13T21:47:14.947Z,"116 km S of Unalaska, Alaska",earthquake,5.48,4.541,0.153,11,reviewed,us,us
2023-06-06T07:23:06.736Z,-7.6901,107.072,54.028,4.8,mb,41,107,0.616,0.62,us,us7000k6kz,2023-06-06T10:12:36.926Z,"67 km SW of Banjar, Indonesia",earthquake,8.45,7.075,0.088,40,reviewed,us,us
2023-06-06T07:21:34.730Z,33.145,-116.5153333,8.91,0.6,ml,23,103,0.09354,0.18,ci,ci40479296,2023-06-06T21:31:31.474Z,"11km NE of Julian, CA",earthquake,0.32,1,0.18,8,reviewed,ci,ci
2023-06-06T07:18:53.760Z,33.1908333,-116.3643333,13.38,1.94,ml,76,31,0.08896,0.17,ci,ci40479288,2023-06-06T21:29:37.990Z,"7km S of Borrego Springs, CA",earthquake,0.14,0.38,0.205,27,reviewed,ci,ci
2023-06-06T07:14:26.320Z,58.1958333333333,-155.289333333333,2.69,0.67,ml,15,52,,0.16,av,av91913941,2023-06-08T20:00:06.500Z,"85 km NW of Karluk, Alaska",earthquake,0.3,0.44,0.357684821322259,14,reviewed,av,av
2023-06-06T07:14:03.970Z,36.4141666666667,-89.5375,10.06,1.5,md,20,106,0.03836,0.08,nm,nm60527796,2023-06-06T17:38:31.980Z,"7 km NW of Tiptonville, Tennessee",earthquake,1.77,1.72,0.134595485979467,19,reviewed,nm,nm
2023-06-06T07:13:51.912Z,62.483,-149.228,9.9,1.3,ml,,,,0.88,ak,ak02377rmf3e,2023-06-12T21:10:12.355Z,"45 km E of Chase, Alaska",earthquake,,0.2,,,reviewed,ak,ak
2023-06-06T07:13:14.115Z,61.7161,-148.3707,8.9,1.4,ml,,,,0.79,ak,ak023205o7cuk,2023-06-12T21:10:12.128Z,"10 km SSE of Chickaloon, Alaska",earthquake,,0.2,,,reviewed,ak,ak
2023-06-06T07:12:47.180Z,37.3874,-117.0911,19.3,1.1,ml,16,135.13,0.382,0.2019,nn,nn00860901,2023-06-07T02:03:43.864Z,"37 km SSE of Goldfield, Nevada",earthquake,,1.1,0.32,7,reviewed,nn,nn
2023-06-06T07:07:56.303Z,37.4152,-117.0927,14.1,2.7,ml,34,115.26,0.367,0.1803,nn,nn00860898,2023-06-07T02:03:42.755Z,"34 km SSE of Goldfield, Nevada",earthquake,,1,0.45,17,reviewed,nn,nn
2023-06-06T07:02:54.411Z,63.8566,-150.4708,8.4,0.8,ml,,,,0.89,ak,ak02377rk2dk,2023-06-12T21:10:11.912Z,"68 km WSW of Ferry, Alaska",earthquake,,0.3,,,reviewed,ak,ak
2023-06-06T07:00:10.312Z,37.3788,-117.0979,16.1,0.6,ml,7,189.62,0.381,0.1075,nn,nn00860895,2023-06-07T02:03:34.105Z,"38 km SSE of Goldfield, Nevada",earthquake,,7.2,1.26,5,reviewed,nn,nn
2023-06-06T06:59:00.050Z,58.1945,-155.3,1.74,0.15,ml,5,150,,0.03,av,av91913931,2023-06-08T19:34:39.590Z,"85 km NW of Karluk, Alaska",earthquake,0.32,0.58,0.277227881484193,5,reviewed,av,av
2023-06-06T06:57:23.840Z,58.187,-155.294666666667,1.12,-0.56,ml,4,150,,0.04,av,av91106968,2023-06-08T19:49:21.640Z,"84 km NW of Karluk, Alaska",earthquake,0.26,0.85,0.287633084355023,4,reviewed,av,av
2023-06-06T06:56:59.370Z,58.1895,-155.292166666667,1.93,-0.11,ml,7,101,,0.04,av,av91913926,2023-06-08T19:43:21.510Z,"85 km NW of Karluk, Alaska",earthquake,0.19,0.36,0.287566640383767,7,reviewed,av,av
2023-06-06T06:56:44.410Z,58.1883333333333,-155.299666666667,1.4,-0.53,ml,4,199,,0.02,av,av91106963,2023-06-08T19:47:14.190Z,"85 km NW of Karluk, Alaska",earthquake,0.44,1.02,0.192668224450796,4,reviewed,av,av
2023-06-06T06:54:35.980Z,58.1894,-155.2965,0.9,1.6,ml,,,,0.66,ak,ak02377r9qly,2023-06-12T21:10:11.716Z,"85 km NW of Karluk, Alaska",earthquake,,0.3,,,reviewed,ak,ak
2023-06-06T06:52:11.250Z,19.1023330688477,-155.479507446289,31.7199993133545,1.84000003,md,37,182,,0.170000002,hv,hv73442062,2023-06-06T06:55:34.300Z,"11 km S of Pāhala, Hawaii",earthquake,0.71,1.00999999,1.59000003,6,automatic,hv,hv
2023-06-06T06:46:39.730Z,58.1823333333333,-155.310666666667,0.6,-0.44,ml,5,159,,0.05,av,av91106958,2023-06-08T19:30:42.380Z,"85 km NW of Karluk, Alaska",earthquake,0.25,1.08,0.224801055950715,5,reviewed,av,av
2023-06-06T06:46:21.750Z,58.1873333333333,-155.290666666667,0.96,-0.33,ml,5,149,,0.06,av,av91913916,2023-06-09T05:03:19.130Z,"84 km NW of Karluk, Alaska",earthquake,0.26,0.97,0.284589199379543,5,reviewed,av,av
2023-06-06T06:45:35.750Z,40.5528333,-123.8713333,8.09,1.79,md,15,112,0.01131,0.18,nc,nc73897616,2023-06-06T10:25:13.611Z,"19km E of Hydesville, CA",earthquake,0.55,0.58,0.135,12,reviewed,nc,nc
2023-06-06T06:41:09.620Z,33.4521667,-116.5778333,11.19,0.54,ml,26,76,0.04706,0.12,ci,ci40479264,2023-06-06T21:03:33.521Z,"14km SE of Anza, CA",earthquake,0.22,0.45,0.235,16,reviewed,ci,ci
2023-06-06T06:36:18.280Z,34.7435,-97.53083333,6.54,1.61,ml,94,53,0.1286747496,0.26,ok,ok2023kzno,2023-06-06T12:05:13.137Z,"Oklahoma",earthquake,,0.5,0.17,28,reviewed,ok,ok
2023-06-06T06:36:10.910Z,62.8258,-150.6675,81.5,1,ml,,,,0.41,ak,ak02377r5ts3,2023-06-12T21:10:16.334Z,"37 km N of Petersville, Alaska",earthquake,,0.7,,,reviewed,ak,ak
2023-06-06T06:30:27.970Z,38.8468323,-122.8160019,1.61,0.71,md,8,82,0.009696,0.01,nc,nc73897611,2023-06-06T06:32:03.842Z,"8km WNW of Cobb, CA",earthquake,0.31,0.97,0.38,10,automatic,nc,nc
2023-06-06T06:20:52.497Z,56.5465,-148.5905,10,2.8,ml,34,243,2.503,0.44,us,us7000k829,2023-06-16T05:54:17.040Z,"253 km ESE of Chiniak, Alaska",earthquake,4.62,2.015,0.066,30,reviewed,us,us
2023-06-06T06:19:54.105Z,63.5942,-149.8622,109.3,1.2,ml,,,,0.59,ak,ak02377r29xu,2023-06-12T21:10:15.924Z,"49 km WSW of Denali Park, Alaska",earthquake,,0.4,,,reviewed,ak,ak
2023-06-06T06:19:07.450Z,58.2528333333333,-155.0635,2.83,-0.23,ml,5,158,,0.04,av,av91913911,2023-06-08T19:23:52.460Z,"Alaska Peninsula",earthquake,0.35,0.79,0.175364826379668,5,reviewed,av,av
2023-06-06T06:15:08.935Z,59.6908,-152.3625,67.1,2.1,ml,,,,0.6,ak,ak02377r1bj5,2023-06-12T21:13:52.158Z,"31 km WSW of Anchor Point, Alaska",earthquake,,0.4,,,reviewed,ak,ak
2023-06-06T06:02:11.898Z,59.9163,-151.1376,61.1,1.9,ml,,,,0.83,ak,ak02377qyjgp,2023-06-12T21:10:11.170Z,"11 km WNW of Fox River, Alaska",earthquake,,0.4,,,reviewed,ak,ak
2023-06-06T06:00:58.000Z,60.0271666666667,-153.077833333333,0.19,-0.19,ml,4,156,,0.06,av,av91913886,2023-06-08T19:10:28.140Z,"63 km ENE of Pedro Bay, Alaska",earthquake,0.28,1.34,0.14453778119461,4,reviewed,av,av
2023-06-06T05:59:05.510Z,54.1486666666667,-165.977166666667,2.33,-1.06,ml,7,78,,0.31,av,av91106973,2023-06-08T19:55:15.790Z,"13 km W of Akutan, Alaska",earthquake,0.38,0.8,0.176255147398658,7,reviewed,av,av
2023-06-06T05:53:56.299Z,35.13116667,-97.737,7.11,1.12,ml,55,50,0.0863830487,0.47,ok,ok2023kzme,2023-06-06T12:24:20.214Z,"7 km W of Blanchard, Oklahoma",earthquake,,0.9,0.2,23,reviewed,ok,ok
2023-06-06T05:51:47.340Z,33.6695,-116.7665,16.44,0.4,ml,21,64,0.06026,0.12,ci,ci40479240,2023-06-06T13:10:08.850Z,"9km SSW of Idyllwild, CA",earthquake,0.24,0.33,0.165,10,reviewed,ci,ci
2023-06-06T05:50:01.250Z,58.1785,-155.309666666667,0.96,0.04,ml,5,149,,0.05,av,av91913881,2023-06-08T18:22:46.330Z,"84 km NW of Karluk, Alaska",earthquake,0.29,1.12,0.339538566055256,5,reviewed,av,av
2023-06-06T05:46:30.913Z,53.7611,-162.9916,25.3,2.1,ml,,,,0.67,ak,ak02377qmkvn,2023-06-12T21:10:15.707Z,"124 km SSE of False Pass, Alaska",earthquake,,2,,,reviewed,ak,ak
2023-06-06T05:43:06.870Z,58.2073333333333,-155.132666666667,3.59,-0.01,ml,6,110,,0.15,av,av91106953,2023-06-08T18:32:43.120Z,"81 km NNW of Karluk, Alaska",earthquake,0.33,1.51,0.305397662384564,6,reviewed,av,av
2023-06-06T05:41:54.510Z,58.18,-155.319333333333,-0.46,0.2,ml,8,106,,0.07,av,av91913866,2023-06-08T18:38:20.890Z,"Alaska Peninsula",earthquake,0.2,2.9,0.349628574208995,8,reviewed,av,av
2023-06-06T05:37:03.172Z,66.012,-143.4804,12.4,1.6,ml,,,,0.68,ak,ak02377qklax,2023-06-12T21:10:10.978Z,"33 km NE of Circle, Alaska",earthquake,,0.5,,,reviewed,ak,ak
2023-06-06T05:36:07.230Z,37.3754,-117.8787,6.9,0.8,ml,6,199.4,0.075,0.0763,nn,nn00860893,2023-06-07T02:03:31.616Z,"California-Nevada border region",earthquake,,4.3,0.82,5,reviewed,nn,nn
2023-06-06T05:35:56.836Z,58.1886,-155.311,1,1.1,ml,,,,0.47,ak,ak02377qka0k,2023-06-12T21:10:10.787Z,"85 km NW of Karluk, Alaska",earthquake,,0.3,,,reviewed,ak,ak
2023-06-06T05:35:34.060Z,45.3701666666667,-112.601833333333,5.83,1.86,ml,26,88,0.008571,0.08,mb,mb90016858,2023-06-06T19:47:09.230Z,"17 km N of Dillon, Montana",earthquake,0.27,0.32,0.167256080527435,23,reviewed,mb,mb
2023-06-06T05:33:59.618Z,61.6137,-146.3038,27.3,1.2,ml,,,,0.74,ak,ak02377qjus9,2023-06-12T21:10:15.477Z,"48 km SSE of Nelchina, Alaska",earthquake,,1,,,reviewed,ak,ak
2023-06-06T05:29:49.190Z,58.1868333333333,-155.308,2.4,0.5,ml,11,99,,0.08,av,av91913851,2023-06-08T19:03:50.220Z,"85 km NW of Karluk, Alaska",earthquake,0.2,0.34,0.270687448474737,12,reviewed,av,av
2023-06-06T05:20:22.620Z,37.3693333,-122.151,3.71,0.53,md,11,92,0.0322,0.1,nc,nc73897606,2023-06-06T07:44:25.401Z,"2km SW of Los Altos Hills, CA",earthquake,0.3,0.7,0.295,8,reviewed,nc,nc
2023-06-06T05:15:13.210Z,46.8355,-121.92816666666667,10.55,0.23,ml,19,119,0.01551,0.1,uw,uw61930841,2023-06-07T05:46:42.650Z,"11 km NE of Ashford, Washington",earthquake,0.31,0.43,0.10480263906012441,7,reviewed,uw,uw
2023-06-06T05:13:09.183Z,66.049,-143.4016,24.8,1.1,ml,,,,0.48,ak,ak02377qfghi,2023-06-12T21:10:10.605Z,"38 km NE of Circle, Alaska",earthquake,,1.1,,,reviewed,ak,ak
2023-06-06T05:10:59.900Z,58.189,-155.292333333333,1.39,-0.03,ml,6,148,,0.04,av,av91913841,2023-06-08T19:07:53.260Z,"85 km NW of Karluk, Alaska",earthquake,0.2,0.67,0.271133684342712,6,reviewed,av,av
2023-06-06T05:05:19.290Z,35.8645,-117.6875,11.12,1.26,ml,20,119,0.08408,0.14,ci,ci40479224,2023-06-06T20:58:54.364Z,"21km ESE of Little Lake, CA",earthquake,0.32,0.62,0.097,9,reviewed,ci,ci
2023-06-06T05:04:34.710Z,38.847168,-122.8134995,1.51,0.77,md,13,70,0.01073,0.02,nc,nc73897601,2023-06-06T05:45:15.901Z,"8km WNW of Cobb, CA",earthquake,0.3,0.69,0.15,14,automatic,nc,nc
2023-06-06T05:00:51.099Z,37.1454,-117.3753,8,0.5,ml,7,154.66,0.15,0.1328,nn,nn00860892,2023-06-07T02:03:30.572Z,"California-Nevada border region",earthquake,,7.6,0.95,5,reviewed,nn,nn
2023-06-06T05:00:10.326Z,67.7299,-156.4475,12.1,2.3,ml,,,,0.84,ak,ak02377qcocg,2023-06-12T21:10:10.361Z,"93 km NNE of Kobuk, Alaska",earthquake,,0.3,,,reviewed,ak,ak
2023-06-06T04:53:33.480Z,38.8335,-122.7995,2.19,0.41,md,19,50,0.00867,0.02,nc,nc73897596,2023-06-06T18:29:17.732Z,"7km W of Cobb, CA",earthquake,0.22,0.4,0.175,19,reviewed,nc,nc
2023-06-06T04:42:35.800Z,53.9406666666667,-166.745,3.75,-0.2,ml,6,188,,0.11,av,av91913826,2023-06-08T18:11:50.160Z,"14 km WNW of Dutch Harbor, Alaska",earthquake,0.46,0.48,0.259857960246138,6,reviewed,av,av
2023-06-06T04:36:30.420Z,58.189,-155.295833333333,1.8,-0.37,ml,6,148,,0.06,av,av91913816,2023-06-08T18:07:07.720Z,"85 km NW of Karluk, Alaska",earthquake,0.23,0.56,0.228596279079786,6,reviewed,av,av
2023-06-06T04:32:58.600Z,33.9793333,-116.821,19.13,1.7,ml,76,28,0.05675,0.13,ci,ci40479216,2023-06-06T20:54:49.860Z,"8km NNW of Cabazon, CA",earthquake,0.11,0.29,0.172,31,reviewed,ci,ci
2023-06-06T04:30:26.920Z,35.13233333,-97.76766667,7.82,0.76,ml,6,121,0.0674867568,0.07,ok,ok2023kzjk,2023-06-08T15:03:23.481Z,"10 km W of Blanchard, Oklahoma",earthquake,,0.9,0.22,7,reviewed,ok,ok
2023-06-06T04:29:30.219Z,59.8276,-152.6678,81.9,1.9,ml,,,,0.74,ak,ak02377pxi1p,2023-06-12T21:10:15.238Z,"47 km W of Anchor Point, Alaska",earthquake,,0.3,,,reviewed,ak,ak
2023-06-06T04:19:41.398Z,53.4719,-164.3424,25.3,1.9,ml,,,,0.38,ak,ak02377pvdqz,2023-06-12T21:10:15.041Z,"119 km SE of Akutan, Alaska",earthquake,,3.1,,,reviewed,ak,ak
2023-06-06T04:18:52.970Z,58.1821666666667,-155.3085,0.94,-0.19,ml,5,158,,0.04,av,av91913796,2023-06-08T05:01:02.890Z,"85 km NW of Karluk, Alaska",earthquake,0.26,0.97,0.171265496651809,5,reviewed,av,av
2023-06-06T04:14:46.788Z,64.144,-154.3853,10.4,1.2,ml,,,,0.77,ak,ak02377publ6,2023-06-12T21:10:10.152Z,"84 km SE of Ruby, Alaska",earthquake,,0.2,,,reviewed,ak,ak
2023-06-06T04:13:36.450Z,35.127,-97.74383333,9.56,0.92,ml,23,67,0.08458340185,0.27,ok,ok2023kziv,2023-06-08T14:52:03.720Z,"7 km W of Blanchard, Oklahoma",earthquake,,1.4,0.23,12,reviewed,ok,ok
2023-06-06T04:12:44.028Z,58.1849,-155.3122,1,1.2,ml,,,,0.29,ak,ak02377ptvx6,2023-06-12T21:10:09.966Z,"85 km NW of Karluk, Alaska",earthquake,,0.2,,,reviewed,ak,ak
2023-06-06T04:12:04.430Z,58.1871666666667,-155.2955,1.32,-0.01,ml,7,150,,0.05,av,av91913781,2023-06-08T04:53:10.380Z,"85 km NW of Karluk, Alaska",earthquake,0.21,0.7,0.287675672323577,7,reviewed,av,av
2023-06-06T04:08:03.930Z,35.5785,-82.8646666666667,0.07,2.47,md,23,70,0.1002,0.24,se,se60527776,2023-06-07T07:08:34.462Z,"North Carolina",earthquake,0.54,2.04,0.0531300136597661,21,reviewed,se,se
2023-06-06T04:04:28.492Z,52.5764,-169.9017,24.6,1.9,ml,,,,0.51,ak,ak02377ps4y9,2023-06-13T21:47:15.366Z,"80 km WSW of Nikolski, Alaska",earthquake,,0.7,,,reviewed,ak,ak
2023-06-06T04:00:52.430Z,19.2456665039062,-155.380828857422,29.9699993133545,1.88,md,38,158,,0.100000001,hv,hv73441892,2023-06-06T04:03:56.700Z,"11 km ENE of Pāhala, Hawaii",earthquake,0.56,0.839999974,1.49000001,14,automatic,hv,hv
2023-06-06T04:00:49.090Z,44.5853333,-110.734,7.85,1.05,ml,16,66,0.0679,0.19,uu,uu60541701,2023-06-06T13:20:23.920Z,"30 km ESE of West Yellowstone, Montana",earthquake,0.53,0.8,0.341,2,reviewed,uu,uu
2023-06-06T04:00:27.962Z,29.5736,130.4797,35,4.4,mb,28,114,1.929,0.34,us,us7000k86r,2023-06-19T01:38:37.040Z,"73 km S of Yudomari, Japan",earthquake,5.93,1.864,0.143,14,reviewed,us,us
2023-06-06T03:57:47.310Z,54.7561666666667,-163.7315,-3,0.31,ml,5,100,,0.2,av,av91106938,2023-06-08T04:49:58.750Z,"23 km WSW of False Pass, Alaska",earthquake,0.58,0.78,0.149195302177391,5,reviewed,av,av
2023-06-06T03:55:48.430Z,38.8346672,-122.7881699,1.87,1.03,md,20,67,0.004104,0.02,nc,nc73897581,2023-06-06T06:16:16.086Z,"6km WNW of Cobb, CA",earthquake,0.23,0.4,0.12,19,automatic,nc,nc
2023-06-06T03:55:36.231Z,61.0426,-152.7168,137.4,1.6,ml,,,,0.87,ak,ak02377phniv,2023-06-12T21:10:14.443Z,"85 km W of Tyonek, Alaska",earthquake,,0,,,reviewed,ak,ak
2023-06-06T03:54:58.588Z,51.3755,-178.2307,13.3,2.2,ml,,,,0.68,ak,ak02377phhj6,2023-06-12T21:10:14.649Z,"123 km WSW of Adak, Alaska",earthquake,,0.8,,,reviewed,ak,ak
2023-06-06T03:50:48.790Z,58.1635,-155.35,-0.17,0.03,ml,7,128,,0.06,av,av91913761,2023-06-08T04:45:19.440Z,"84 km NW of Karluk, Alaska",earthquake,0.21,3.21,0.174900699875454,7,reviewed,av,av
2023-06-06T03:50:06.550Z,38.8183327,-122.8213348,2.32,1.06,md,21,48,0.01015,0.02,nc,nc73897576,2023-06-06T05:50:13.932Z,"7km NW of The Geysers, CA",earthquake,0.23,0.51,0.27,21,automatic,nc,nc
2023-06-06T03:48:25.516Z,59.6893,-153.4234,114.5,2.1,ml,,,,0.6,ak,ak02377pg4hb,2023-06-12T21:10:09.699Z,"39 km ESE of Pedro Bay, Alaska",earthquake,,0.4,,,reviewed,ak,ak
2023-06-06T03:45:26.110Z,35.6426666666667,-90.3838333333333,10.21,1.98,md,28,56,0.01152,0.13,nm,nm60527771,2023-06-06T13:18:10.740Z,"Arkansas",earthquake,0.23,0.41,0.146175856376165,24,reviewed,nm,nm
2023-06-06T03:45:10.638Z,61.4305,-140.551,9.9,1,ml,,,,0.69,ak,ak02377pfgbe,2023-06-12T21:10:09.493Z,"126 km E of McCarthy, Alaska",earthquake,,0.3,,,reviewed,ak,ak
2023-06-06T03:43:33.229Z,35.1275,-97.73133333,6.28,0.75,ml,16,101,0.09268181267,0.27,ok,ok2023kzhw,2023-06-08T14:07:44.991Z,"6 km W of Blanchard, Oklahoma",earthquake,,1.2,0.19,7,reviewed,ok,ok
2023-06-06T03:36:58.050Z,58.188,-155.296166666667,1.37,-0.47,ml,4,149,,0.02,av,av91106933,2023-06-08T04:40:08.700Z,"85 km NW of Karluk, Alaska",earthquake,0.24,0.72,0.232122115548853,4,reviewed,av,av
2023-06-06T03:36:31.400Z,58.1858333333333,-155.293166666667,1.08,0,ml,5,151,,0.03,av,av91913741,2023-06-08T04:38:10.830Z,"84 km NW of Karluk, Alaska",earthquake,0.21,0.78,0.214141611129804,5,reviewed,av,av
2023-06-06T03:31:19.050Z,58.1895,-155.293166666667,2.38,-0.15,ml,5,148,,0.04,av,av91106928,2023-06-08T04:35:19.050Z,"",earthquake,0.23,0.61,0.194440682110508,5,reviewed,av,av
2023-06-06T03:30:54.290Z,58.1893333333333,-155.2955,1.28,-0.23,ml,5,148,,0.02,av,av91913736,2023-06-08T04:32:57.920Z,"85 km NW of Karluk, Alaska",earthquake,0.21,0.68,0.266226631769802,5,reviewed,av,av
2023-06-06T03:30:23.776Z,36.8001,-104.8165,14.725,2.9,ml,20,89,0.038,0.94,us,us7000k6k0,2023-06-06T21:00:30.040Z,"33 km NNE of Cimarron, New Mexico",earthquake,3.38,6.118,0.046,62,reviewed,us,us
2023-06-06T03:29:11.620Z,58.1895,-155.294166666667,1.43,0.65,ml,5,148,,0.04,av,av91106923,2023-06-08T04:30:06.980Z,"85 km NW of Karluk, Alaska",earthquake,0.26,0.75,0.365363453449187,5,reviewed,av,av
2023-06-06T03:29:03.230Z,58.1886666666667,-155.295666666667,1.45,0.05,ml,5,148,,0.04,av,av91913731,2023-06-08T04:28:19.850Z,"Alaska Peninsula",earthquake,0.22,0.75,0.1699898750799,5,reviewed,av,av
2023-06-06T03:24:40.140Z,58.1871666666667,-155.311,2.24,0.27,ml,7,153,,0.06,av,av91106918,2023-06-08T04:19:22.110Z,"85 km NW of Karluk, Alaska",earthquake,0.23,0.41,0.310140854172822,7,reviewed,av,av
2023-06-06T03:24:30.760Z,38.8178333,-122.8083333,3.28,1.64,md,52,41,0.005718,0.03,nc,nc73897571,2023-06-06T21:08:14.634Z,"6km NW of The Geysers, CA",earthquake,0.12,0.2,0.177,44,reviewed,nc,nc
2023-06-06T03:24:18.830Z,58.1838333333333,-155.294833333333,0.03,-0.23,ml,5,154,,0.08,av,av91913716,2023-06-08T04:16:32.520Z,"84 km NW of Karluk, Alaska",earthquake,0.28,1.97,0.266739876896052,5,reviewed,av,av
2023-06-06T03:23:42.030Z,58.1863333333333,-155.297166666667,1.16,-0.44,ml,5,151,,0.04,av,av91913711,2023-06-08T04:10:24.140Z,"85 km NW of Karluk, Alaska",earthquake,0.24,0.81,0.237351536630864,5,reviewed,av,av
2023-06-06T03:22:30.300Z,58.1886666666667,-155.295,1.15,-0.37,ml,6,148,,0.04,av,av91913706,2023-06-08T04:08:28.530Z,"85 km NW of Karluk, Alaska",earthquake,0.2,0.68,0.246491778385936,6,reviewed,av,av
2023-06-06T03:19:57.570Z,58.1871666666667,-155.296333333333,1.18,-0.13,ml,6,150,,0.05,av,av91913701,2023-06-08T04:04:16.720Z,"",earthquake,0.21,0.78,0.233098945332047,6,reviewed,av,av
2023-06-06T03:18:17.336Z,58.1915,-155.3065,1.9,1.4,ml,,,,0.64,ak,ak02377p9omf,2023-06-12T21:10:09.298Z,"85 km NW of Karluk, Alaska",earthquake,,0.2,,,reviewed,ak,ak
2023-06-06T03:17:50.530Z,38.8293343,-122.8181686,1.91,0.29,md,8,140,0.008669,0.02,nc,nc73897566,2023-06-06T03:40:14.174Z,"8km NW of The Geysers, CA",earthquake,0.48,0.84,0.15,8,automatic,nc,nc
2023-06-06T03:13:36.830Z,58.1846666666667,-155.293833333333,1.11,-0.28,ml,5,152,,0.02,av,av91913691,2023-06-08T03:58:01.580Z,"84 km NW of Karluk, Alaska",earthquake,0.29,0.94,0.29839668941954,5,reviewed,av,av
2023-06-06T03:12:24.373Z,31.60791378,-103.9609962,6.440063477,2.9,ml,16,60,0.09642326847,0.2,tx,tx2023kzgv,2023-06-06T20:56:04.040Z,"35 km WSW of Mentone, Texas",earthquake,1.226890348,2.066176464,0.1,7,reviewed,tx,tx
2023-06-06T03:07:42.545Z,64.9848,-147.4218,0,1.3,ml,,,,0.32,ak,ak02377p7dmv,2023-06-13T21:47:14.561Z,"9 km ENE of Fox, Alaska",explosion,,0,,,reviewed,ak,ak
2023-06-06T03:07:26.650Z,38.7953339,-122.7539978,2.67,0.72,md,11,90,0.006917,0.02,nc,nc73897561,2023-06-06T03:27:17.093Z,"2km N of The Geysers, CA",earthquake,0.34,1.09,0.12,10,automatic,nc,nc
2023-06-06T03:07:06.632Z,65.9855,-143.4258,13.4,1.3,ml,,,,0.47,ak,ak02377p7awk,2023-06-13T21:47:14.755Z,"",earthquake,,0.3,,,reviewed,ak,ak
2023-06-06T03:05:21.490Z,58.1886666666667,-155.291166666667,1.5,0.02,ml,5,228,,0.02,av,av91913681,2023-06-08T03:56:04.980Z,"85 km NW of Karluk, Alaska",earthquake,0.57,0.83,0.449379674327142,5,reviewed,av,av
2023-06-06T03:03:22.797Z,38.568,-119.5352,7.7,1.2,ml,9,154.09,0.022,0.0911,nn,nn00860946,2023-06-07T02:04:19.391Z,"2 km W of Coleville, California",earthquake,,1.1,0.14,3,reviewed,nn,nn
2023-06-06T03:00:37.920Z,58.2326666666667,-155.176666666667,3.5,-0.02,ml,6,132,,0.12,av,av91913676,2023-06-08T03:51:27.380Z,"85 km NNW of Karluk, Alaska",earthquake,0.33,1.16,0.251044733320031,6,reviewed,av,av
2023-06-06T03:00:01.430Z,58.2841666666667,-155.2065,3.39,-1.03,ml,4,188,,0.14,av,av91106908,2023-06-08T03:54:35.350Z,"91 km NNW of Karluk, Alaska",earthquake,1.21,0.66,0.331141958071677,4,reviewed,av,av
2023-06-06T02:57:22.980Z,35.13716667,-97.7905,8.75,0.74,ml,19,62,0.05308958201,0.25,ok,ok2023kzgi,2023-06-08T14:01:01.250Z,"8 km ESE of Amber, Oklahoma",earthquake,,1.3,0.19,8,reviewed,ok,ok
2023-06-06T02:56:01.400Z,40.485,-124.7696667,15.73,3.5,ml,95,223,0.3298,0.14,nc,nc73897551,2023-06-13T22:16:54.414Z,"44km WSW of Ferndale, CA",earthquake,0.55,0.47,0.226,62,reviewed,nc,nc
2023-06-06T02:46:20.350Z,35.1355,-97.741,7.01,0.93,ml,22,62,0.08098410816,0.22,ok,ok2023kzfz,2023-06-08T13:53:58.670Z,"7 km W of Blanchard, Oklahoma",earthquake,,0.7,0.23,11,reviewed,ok,ok
2023-06-06T02:33:17.180Z,38.8160019,-122.8256683,1.67,0.52,md,7,90,0.007633,0.01,nc,nc73897546,2023-06-06T03:03:15.934Z,"7km NW of The Geysers, CA",earthquake,0.42,0.8,0.26,8,automatic,nc,nc
2023-06-06T02:30:13.740Z,58.1881666666667,-155.2975,1.42,-0.38,ml,4,149,,0.02,av,av91913661,2023-06-08T03:42:13.520Z,"Alaska Peninsula",earthquake,0.25,0.7,0.25162712396411,4,reviewed,av,av
2023-06-06T02:24:58.190Z,58.1755,-155.334833333333,1.65,-0.06,ml,4,157,,0.07,av,av91913656,2023-06-08T03:20:57.140Z,"85 km NW of Karluk, Alaska",earthquake,0.32,1.05,0.212858642028629,4,reviewed,av,av
2023-06-06T02:22:24.190Z,58.2093333333333,-155.137,4.68,0.31,ml,8,76,,0.18,av,av91913651,2023-06-08T03:18:10.280Z,"81 km NNW of Karluk, Alaska",earthquake,0.37,1.4,0.17729597996513,8,reviewed,av,av
2023-06-06T02:22:01.959Z,58.709,-152.6346,1.2,2.1,ml,,,,0.67,ak,ak02377op2mn,2023-06-12T21:10:08.706Z,"Kodiak Island region, Alaska",earthquake,,0.3,,,reviewed,ak,ak
2023-06-06T02:20:50.040Z,58.1931666666667,-155.299333333333,1.7,-0.01,ml,5,224,,0.01,av,av91913641,2023-06-08T03:08:52.410Z,"85 km NW of Karluk, Alaska",earthquake,0.57,0.58,0.243841318474339,5,reviewed,av,av
2023-06-06T02:19:29.770Z,58.178,-155.319666666667,2.3,0.65,ml,12,58,,0.09,av,av91913636,2023-06-08T03:04:42.250Z,"85 km NW of Karluk, Alaska",earthquake,0.18,0.34,0.35625596706605,12,reviewed,av,av
2023-06-06T02:19:14.328Z,38.394,-96.8356,5,2.3,mb_lg,25,106,0.728,0.45,us,us7000k6js,2023-06-06T20:39:31.642Z,"14 km N of Cedar Point, Kansas",earthquake,2.37,2.004,0.092,31,reviewed,us,us
2023-06-06T02:17:36.290Z,38.8351669,-122.7896652,1.88,0.79,md,12,62,0.003281,0.01,nc,nc73897541,2023-06-06T02:51:14.855Z,"6km WNW of Cobb, CA",earthquake,0.35,0.5,0.23,12,automatic,nc,nc
2023-06-06T02:17:19.280Z,58.2795,-155.024,-2.19,0.14,ml,6,229,,0.24,av,av91106903,2023-06-08T02:55:39.440Z,"86 km NNW of Karluk, Alaska",earthquake,0.81,2.4,0.328989407348453,6,reviewed,av,av
2023-06-06T02:16:54.860Z,58.183,-155.298666666667,0.37,-0.63,ml,4,155,,0.03,av,av91913626,2023-06-08T02:50:50.940Z,"Alaska Peninsula",earthquake,0.26,1.36,0.168058134766654,4,reviewed,av,av
2023-06-06T02:11:30.490Z,58.176,-155.3455,0.83,-0.23,ml,6,118,,0.04,av,av91913621,2023-06-08T02:47:44.700Z,"",earthquake,0.18,1.06,0.156561665818205,6,reviewed,av,av
2023-06-06T02:09:52.440Z,38.8346672,-122.7898331,1.92,1.05,md,19,58,0.003758,0.02,nc,nc73897536,2023-06-06T02:39:15.785Z,"6km WNW of Cobb, CA",earthquake,0.22,0.42,0.23,18,automatic,nc,nc
2023-06-06T02:06:39.109Z,61.5392,-150.7742,58.2,1,ml,,,,0.38,ak,ak02377olq1z,2023-06-13T21:47:15.185Z,"13 km W of Susitna, Alaska",earthquake,,0.4,,,reviewed,ak,ak
2023-06-06T01:59:40.498Z,62.9443,-151.2983,107.4,1.1,ml,,,,0.37,ak,ak02377obni9,2023-06-12T21:10:14.073Z,"56 km NNW of Petersville, Alaska",earthquake,,0.3,,,reviewed,ak,ak
2023-06-06T01:57:41.106Z,61.2177,-147.7474,0,1.4,ml,,,,0.63,ak,ak02377ob8s9,2023-06-13T21:47:14.374Z,"Southern Alaska",ice quake,,0,,,reviewed,ak,ak
2023-06-06T01:55:57.650Z,33.987,-116.9996667,15.29,1.47,ml,54,47,0.06734,0.12,ci,ci40479184,2023-06-06T20:27:16.880Z,"5km E of Calimesa, CA",earthquake,0.13,0.36,0.169,31,reviewed,ci,ci
2023-06-06T01:55:47.250Z,38.8256667,-122.8061667,1.48,0.24,md,13,51,0.003803,0.01,nc,nc73897526,2023-06-06T17:53:17.501Z,"7km NW of The Geysers, CA",earthquake,0.25,0.43,0.48,13,reviewed,nc,nc
2023-06-06T01:54:58.340Z,38.8413315,-122.8410034,1.87,0.62,md,8,140,0.005105,0.01,nc,nc73897521,2023-06-06T02:12:14.620Z,"10km NW of The Geysers, CA",earthquake,0.37,0.98,0.18,9,automatic,nc,nc
2023-06-06T01:52:59.490Z,58.1676666666667,-155.310166666667,1.93,-0.13,ml,6,175,,0.05,av,av91913596,2023-06-08T02:24:11.880Z,"83 km NW of Karluk, Alaska",earthquake,0.24,0.47,0.163591562410189,6,reviewed,av,av
2023-06-06T01:49:34.063Z,51.5171,-178.7669,64.7,2.2,ml,,,,0.6,ak,ak02377o9hum,2023-06-12T21:10:13.879Z,"152 km WSW of Adak, Alaska",earthquake,,0.7,,,reviewed,ak,ak
2023-06-06T01:43:42.230Z,37.4456667,-118.6648333,2.48,0.85,md,9,117,0.1228,0.09,nc,nc73897516,2023-06-06T07:41:55.025Z,"7km WNW of Round Valley, CA",earthquake,0.46,2.29,0.174,8,reviewed,nc,nc
2023-06-06T01:42:53.340Z,18.0133333333333,-66.7576666666667,14.24,2.22,md,8,174,0.1218,0.09,pr,pr71412473,2023-06-06T01:55:09.230Z,"Puerto Rico region",earthquake,0.42,1.06,0.094214503413625,5,reviewed,pr,pr
2023-06-06T01:42:22.190Z,35.12616667,-97.72416667,7,1.01,ml,26,59,0.09808075321,0.49,ok,ok2023kzdw,2023-06-07T19:41:19.346Z,"6 km WSW of Blanchard, Oklahoma",earthquake,,1.2,0.21,13,reviewed,ok,ok
2023-06-06T01:41:50.190Z,58.1673333333333,-155.329,0.8,-0.31,ml,5,142,,0.04,av,av91913586,2023-06-08T01:42:41.570Z,"84 km NW of Karluk, Alaska",earthquake,0.27,1.45,0.259610007367858,4,reviewed,av,av
2023-06-06T01:39:41.820Z,58.1716666666667,-155.316666666667,2.21,0.45,ml,9,111,,0.1,av,av91913581,2023-06-08T01:40:59.970Z,"84 km NW of Karluk, Alaska",earthquake,0.24,0.55,0.288192345895441,9,reviewed,av,av
2023-06-06T01:38:44.660Z,58.2106666666667,-155.3605,1.21,-0.3,ml,4,169,,0.06,av,av91913576,2023-06-08T01:37:09.880Z,"89 km NW of Karluk, Alaska",earthquake,0.66,0.84,0.209555123579801,4,reviewed,av,av
2023-06-06T01:33:59.867Z,60.5419,-151.628,72.3,1.7,ml,,,,0.64,ak,ak02377o67hf,2023-06-12T21:10:08.296Z,"18 km WSW of Salamatof, Alaska",earthquake,,0.6,,,reviewed,ak,ak
2023-06-06T01:33:09.100Z,18.4293333333333,-67.3345,14.05,2.94,md,18,178,0.1444,0.31,pr,pr71412468,2023-06-06T01:53:00.080Z,"13 km NW of Rincón, Puerto Rico",earthquake,0.62,1.15,0.0452476568167715,10,reviewed,pr,pr
2023-06-06T01:31:05.613Z,60.3082,-151.1498,64.6,1.5,ml,,,,0.49,ak,ak02377o5krl,2023-06-12T21:10:13.679Z,"7 km ESE of Kasilof, Alaska",earthquake,,0.6,,,reviewed,ak,ak
2023-06-06T01:30:40.130Z,58.1713333333333,-155.308333333333,2.9,-0.48,ml,5,108,,0.05,av,av91913566,2023-06-08T01:34:44.030Z,"84 km NW of Karluk, Alaska",earthquake,0.25,0.65,0.196983370721243,5,reviewed,av,av
2023-06-06T01:30:19.158Z,-26.2606,-178.6632,329.493,4.1,mb,16,135,3.062,0.33,us,us7000k86q,2023-06-19T00:40:18.040Z,"south of the Fiji Islands",earthquake,15.72,12.963,0.14,14,reviewed,us,us
2023-06-06T01:16:32.202Z,61.504,-149.9098,29.9,1.5,ml,,,,0.64,ak,ak02377o2ezx,2023-06-12T21:10:08.056Z,"3 km SE of Big Lake, Alaska",earthquake,,0.5,,,reviewed,ak,ak
2023-06-06T01:14:16.660Z,34.1558333333333,-80.7258333333333,3.61,1.72,md,8,100,0.0318,0.25,se,se60500808,2023-06-18T23:12:21.040Z,"6 km ESE of Elgin, South Carolina",earthquake,1.06,1.13,0.141033284777767,7,reviewed,se,se
2023-06-06T01:13:00.570Z,33.5301667,-116.7288333,3.81,0.46,ml,16,105,0.03584,0.07,ci,ci40479176,2023-06-06T19:18:04.791Z,"6km WSW of Anza, CA",earthquake,0.16,0.31,0.116,9,reviewed,ci,ci
2023-06-06T01:02:37.450Z,38.7966667,-122.781,3.81,1.8,md,69,42,0.006431,0.05,nc,nc73897506,2023-06-06T20:41:17.492Z,"3km NW of The Geysers, CA",earthquake,0.12,0.17,0.193,59,reviewed,nc,nc
2023-06-06T01:01:33.619Z,62.9353,-151.3249,108.6,1.6,ml,,,,0.58,ak,ak02377nz7uj,2023-06-12T21:10:07.782Z,"56 km NNW of Petersville, Alaska",earthquake,,0.5,,,reviewed,ak,ak
2023-06-06T00:59:46.490Z,17.958,-66.747,15.66,2.29,md,8,225,0.127,0.1,pr,pr71412458,2023-06-06T01:20:02.040Z,"5 km SW of Tallaboa, Puerto Rico",earthquake,0.5,1.11,0.00536398994674547,3,reviewed,pr,pr
2023-06-06T00:54:41.905Z,52.7385,-169.4475,15.4,1.8,ml,,,,0.35,ak,ak02377np5dr,2023-06-12T21:10:07.593Z,"Fox Islands, Aleutian Islands, Alaska",earthquake,,0.8,,,reviewed,ak,ak
2023-06-06T00:52:48.510Z,58.1846666666667,-155.306666666667,1.3,-0.15,ml,5,156,,0.05,av,av91913491,2023-06-08T01:16:49.260Z,"85 km NW of Karluk, Alaska",earthquake,0.28,0.85,0.379110975772952,5,reviewed,av,av
2023-06-06T00:52:29.560Z,58.186,-155.293166666667,0.89,-0.32,ml,5,150,,0.03,av,av91106888,2023-06-08T01:21:18.870Z,"Alaska Peninsula",earthquake,0.23,0.85,0.176570237638646,5,reviewed,av,av
2023-06-06T00:49:20.390Z,60.0285,-153.0715,-2.3,0.51,ml,4,148,,0.21,av,av91913476,2023-06-08T01:00:43.600Z,"",earthquake,0.56,4.27,0.322150507274964,4,reviewed,av,av
2023-06-06T00:44:40.370Z,61.3276666666667,-152.273833333333,-2.6,-0.04,ml,7,129,,0.1,av,av91913466,2023-06-08T01:46:18.300Z,"67 km WNW of Beluga, Alaska",earthquake,0.34,1.79,0.23726541215251,7,reviewed,av,av
2023-06-06T00:43:35.760Z,58.1906666666667,-155.2835,1.62,-0.06,ml,5,144,,0.03,av,av91913461,2023-06-08T00:53:23.830Z,"84 km NW of Karluk, Alaska",earthquake,0.21,0.72,0.239853594018726,5,reviewed,av,av
2023-06-06T00:34:20.040Z,60.0411666666667,-153.095166666667,2.56,0.45,ml,4,201,,0.15,av,av91106883,2023-06-09T05:05:24.860Z,"63 km ENE of Pedro Bay, Alaska",earthquake,0.74,1.72,0.256743781554799,4,reviewed,av,av
2023-06-06T00:30:10.628Z,38.1722,-117.8778,9.9,1.7,ml,7,130.96,0.089,0.1446,nn,nn00860891,2023-06-07T03:12:21.088Z,"31 km SE of Mina, Nevada",earthquake,,1.7,0.28,6,reviewed,nn,nn
2023-06-06T00:27:25.886Z,39.6096,-119.9748,11.4,1.2,ml,5,140.01,0.321,0.0912,nn,nn00860945,2023-06-07T02:04:09.813Z,"7 km S of Cold Springs, Nevada",earthquake,,10.2,0,1,reviewed,nn,nn
2023-06-06T00:26:23.590Z,60.0423333333333,-153.1285,3.35,0.57,ml,4,238,,0.12,av,av91913406,2023-06-08T00:36:03.640Z,"61 km ENE of Pedro Bay, Alaska",earthquake,0.89,1.46,0.234594660335861,4,reviewed,av,av
2023-06-06T00:20:33.626Z,61.0495,-152.3784,118.9,1.6,ml,,,,0.63,ak,ak02377nhug2,2023-06-12T21:10:13.487Z,"67 km W of Tyonek, Alaska",earthquake,,0.5,,,reviewed,ak,ak
2023-06-06T00:17:14.195Z,-17.3202,-178.6182,544.72,4.3,mb,33,61,3.033,0.54,us,us7000k86n,2023-06-16T02:36:54.040Z,"",earthquake,14.26,6.564,0.1,28,reviewed,us,us
2023-06-06T00:12:00.869Z,51.4898,-175.9944,35,3.8,mb,43,141,0.452,0.69,us,us7000k6p7,2023-06-13T21:47:14.101Z,"61 km SE of Adak, Alaska",earthquake,4.44,1.95,0.084,37,reviewed,us,us
2023-06-06T00:10:31.499Z,58.6449,-152.758,52.4,2,ml,,,,0.75,ak,ak02377nfp7q,2023-06-12T21:10:07.133Z,"65 km N of Aleneva, Alaska",earthquake,,0.4,,,reviewed,ak,ak
2023-06-06T00:02:44.300Z,60.0498333333333,-153.091,4.96,0.64,ml,4,219,,0.21,av,av91106673,2023-06-06T01:06:57.030Z,"63 km ENE of Pedro Bay, Alaska",earthquake,1.37,1.64,0.260752245368922,4,reviewed,av,av
2023-06-06T00:01:52.940Z,60.0443333333333,-153.043833333333,5.35,0.66,ml,4,192,,0.19,av,av91913356,2023-06-06T00:47:23.790Z,"65 km ENE of Pedro Bay, Alaska",earthquake,1.08,1.22,0.250248224753696,4,reviewed,av,av
2023-06-06T00:01:06.990Z,60.048,-153.066333333333,3.26,0.94,ml,4,157,,0.11,av,av91106663,2023-06-06T00:53:20.200Z,"65 km ENE of Pedro Bay, Alaska",earthquake,0.71,1.06,0.157461356107918,4,reviewed,av,av
2023-06-05T23:59:06.679Z,66.0095,-143.2756,16.4,2.1,ml,,,,0.85,ak,ak02376dvrzf,2023-06-12T17:03:11.038Z,"41 km ENE of Circle, Alaska",earthquake,,0.5,,,reviewed,ak,ak
2023-06-05T23:57:40.710Z,60.0326666666667,-153.0555,3.11,0.77,ml,4,140,,0.12,av,av91106678,2023-06-06T01:20:28.150Z,"64 km ENE of Pedro Bay, Alaska",earthquake,0.66,1.27,0.369592007941135,4,reviewed,av,av
2023-06-05T23:57:04.480Z,60.0531666666667,-153.049833333333,5.33,0.66,ml,4,214,,0.18,av,av91913346,2023-06-06T01:15:38.030Z,"Southern Alaska",earthquake,1.1,1.12,0.191480594750092,4,reviewed,av,av
2023-06-05T23:56:38.420Z,60.047,-153.066833333333,4.13,0.85,ml,4,157,,0.2,av,av91106683,2023-06-06T01:25:56.870Z,"64 km ENE of Pedro Bay, Alaska",earthquake,1.23,1.53,0.206272328153469,4,reviewed,av,av
2023-06-05T23:55:58.390Z,60.0256666666667,-153.069333333333,1.06,0.5,ml,4,144,,0.13,av,av91106693,2023-06-06T01:36:37.080Z,"63 km ENE of Pedro Bay, Alaska",earthquake,0.39,1.25,0.447035736241153,4,reviewed,av,av
2023-06-05T23:55:58.240Z,60.0388333333333,-153.0975,2.4,0.68,ml,4,199,,0.13,av,av91106688,2023-06-06T01:37:37.020Z,"Southern Alaska",earthquake,0.75,1.73,0.303874965847196,4,reviewed,av,av
2023-06-05T23:55:20.110Z,60.0465,-153.054166666667,4.51,0.94,ml,4,172,,0.17,av,av91913341,2023-06-06T01:37:01.580Z,"65 km ENE of Pedro Bay, Alaska",earthquake,0.99,1.19,0.154701219409749,4,reviewed,av,av
2023-06-05T23:53:32.990Z,38.7568333,-122.727,1.98,0.26,md,16,66,0.005038,0.02,nc,nc73897496,2023-06-06T19:21:16.038Z,"3km SE of The Geysers, CA",earthquake,0.24,0.35,0.248,10,reviewed,nc,nc
2023-06-05T23:53:16.667Z,63.4885,-150.9706,3.2,1.1,ml,,,,0.89,ak,ak02376dui7h,2023-06-12T17:03:10.838Z,"37 km E of Denali National Park, Alaska",earthquake,,0.3,,,reviewed,ak,ak
2023-06-05T23:53:09.080Z,38.7568333,-122.7293333,1.83,1.13,md,42,67,0.0059,0.04,nc,nc73897491,2023-06-06T19:49:14.201Z,"3km SE of The Geysers, CA",earthquake,0.15,0.18,0.16,34,reviewed,nc,nc
2023-06-05T23:49:48.480Z,39.455,-123.1558333,3.1,1.69,md,18,80,0.08416,0.09,nc,nc73897486,2023-06-06T12:17:19.371Z,"18km WNW of Lake Pillsbury, CA",earthquake,0.29,1.14,0.113,17,reviewed,nc,nc
2023-06-05T23:46:35.842Z,64.6357,-149.3605,18.9,1.1,ml,,,,0.65,ak,ak02376dt1na,2023-06-12T17:03:10.627Z,"12 km WNW of Four Mile Road, Alaska",earthquake,,0.2,,,reviewed,ak,ak
2023-06-05T23:46:35.660Z,60.0443333333333,-153.089333333333,2.1,0.73,ml,4,200,,0.12,av,av91913321,2023-06-07T21:27:37.820Z,"63 km ENE of Pedro Bay, Alaska",earthquake,0.94,1.58,0.197063843926296,4,reviewed,av,av
2023-06-05T23:38:54.420Z,35.22116667,-98.05916667,7.75,1.16,ml,22,55,0.01349735136,0.14,ok,ok2023kyzu,2023-06-06T16:44:53.192Z,"Oklahoma",earthquake,,0.3,0.19,5,reviewed,ok,ok
2023-06-05T23:32:44.180Z,60.0355,-153.063166666667,0.99,0.5,ml,4,142,,0.09,av,av91913251,2023-06-07T21:55:05.400Z,"Southern Alaska",earthquake,0.36,0.34,0.305564244578085,4,reviewed,av,av
2023-06-05T23:30:43.870Z,60.0458333333333,-153.070166666667,2.58,0.81,ml,4,164,,0.06,av,av91913241,2023-06-07T21:23:10.530Z,"Southern Alaska",earthquake,0.51,0.92,0.166537002528628,4,reviewed,av,av
2023-06-05T23:29:13.930Z,35.0465,-117.6663333,-0.79,1.74,ml,26,60,0.1145,0.15,ci,ci40479160,2023-06-06T19:15:38.579Z,"5km NNW of Boron, CA",quarry blast,0.32,31.61,0.114,23,reviewed,ci,ci
2023-06-05T23:26:54.280Z,60.0503333333333,-153.067666666667,2.51,0.7,ml,4,166,,0.1,av,av91913221,2023-06-07T21:33:56.630Z,"65 km ENE of Pedro Bay, Alaska",earthquake,0.63,0.97,0.236462939386416,4,reviewed,av,av
2023-06-05T23:24:33.530Z,59.9197,-151.7686,54.6,3.3,ml,,,,0.73,ak,ak02376doboy,2023-06-13T21:22:33.424Z,"3 km SSW of Happy Valley, Alaska",earthquake,,0.3,,,reviewed,ak,ak
2023-06-05T23:23:58.170Z,38.8238335,-122.7945023,2.72,0.93,md,24,33,0.01217,0.02,nc,nc73897481,2023-06-05T23:25:31.208Z,"6km NNW of The Geysers, CA",earthquake,0.22,0.47,0.21,24,automatic,nc,nc
2023-06-05T23:22:59.460Z,60.0531666666667,-153.035166666667,5.07,0.49,ml,4,240,,0.12,av,av91913206,2023-06-06T00:40:20.050Z,"66 km ENE of Pedro Bay, Alaska",earthquake,0.78,0.77,0.166044637567647,4,reviewed,av,av
2023-06-05T23:22:04.780Z,60.0451666666667,-153.079333333333,2.07,0.65,ml,4,184,,0.11,av,av91913201,2023-06-06T00:36:56.410Z,"Southern Alaska",earthquake,0.71,1.36,0.211481513401848,4,reviewed,av,av
2023-06-05T23:21:40.877Z,61.0862,-150.777,15,1.3,ml,,,,0.6,ak,ak02376dnp2z,2023-06-12T17:03:10.061Z,"17 km ESE of Beluga, Alaska",earthquake,,0.7,,,reviewed,ak,ak
2023-06-05T23:19:53.730Z,60.0521666666667,-153.057833333333,5.21,0.58,ml,3,180,,0.06,av,av91106653,2023-06-06T00:29:06.550Z,"65 km ENE of Pedro Bay, Alaska",earthquake,0.67,0.8,0.203337728214426,3,reviewed,av,av
2023-06-05T23:18:29.937Z,57.1329,-156.1095,9,3.1,ml,,,,0.77,ak,ak02376dn0ys,2023-06-13T21:19:52.525Z,"88 km ESE of Ugashik, Alaska",earthquake,,0.3,,,reviewed,ak,ak
2023-06-05T23:17:51.290Z,60.0371666666667,-153.063166666667,2.89,0.52,ml,4,143,,0.12,av,av91106643,2023-06-07T23:22:51.370Z,"64 km ENE of Pedro Bay, Alaska",earthquake,0.58,1.23,0.208289246021429,4,reviewed,av,av
2023-06-05T23:17:21.598Z,62.0684,-151.5187,82.4,1.2,ml,,,,0.43,ak,ak02376dmray,2023-06-12T17:03:09.867Z,"10 km NW of Skwentna, Alaska",earthquake,,0.8,,,reviewed,ak,ak
2023-06-05T23:17:16.820Z,35.1365,-97.75183333,9.91,1.11,ml,26,85,0.07378552076,0.26,ok,ok2023kyzb,2023-06-06T15:29:46.171Z,"8 km W of Blanchard, Oklahoma",earthquake,,1.3,0.2,4,reviewed,ok,ok
2023-06-05T23:16:55.140Z,60.0323333333333,-153.0835,0.37,0.66,ml,4,169,,0.17,av,av91913186,2023-06-06T00:09:40.850Z,"63 km ENE of Pedro Bay, Alaska",earthquake,0.55,2.18,0.152106300164628,4,reviewed,av,av
2023-06-05T23:15:47.336Z,-20.89,-173.8294,10,4.5,mb,16,86,1.167,0.79,us,us7000k80c,2023-06-13T04:19:35.040Z,"127 km ENE of ‘Ohonua, Tonga",earthquake,6.33,1.791,0.313,3,reviewed,us,us
2023-06-05T23:15:38.050Z,58.1816666666667,-155.305666666667,0.66,-0.27,ml,5,158,,0.04,av,av91913181,2023-06-07T21:49:16.480Z,"84 km NW of Karluk, Alaska",earthquake,0.3,1.15,0.237308485148176,5,reviewed,av,av
2023-06-05T23:14:54.880Z,58.1828333333333,-155.305833333333,1.13,-0.16,ml,4,158,,0.02,av,av91913176,2023-06-07T21:45:08.670Z,"84 km NW of Karluk, Alaska",earthquake,0.26,0.89,0.268630116723656,4,reviewed,av,av
2023-06-05T23:13:56.210Z,58.1688333333333,-155.3895,2.12,-0.07,ml,6,141,,0.06,av,av91913171,2023-06-07T21:42:30.390Z,"86 km NW of Karluk, Alaska",earthquake,0.24,1.09,0.237384210401119,6,reviewed,av,av
2023-06-05T23:11:45.290Z,60.0375,-153.069166666667,2.67,0.53,ml,4,152,,0.17,av,av91913166,2023-06-05T23:42:34.500Z,"Southern Alaska",earthquake,0.73,1.68,0.254099753799252,4,reviewed,av,av
2023-06-05T23:10:27.750Z,60.0415,-153.056333333333,3.25,0.48,ml,4,154,,0.13,av,av91913161,2023-06-05T23:51:29.120Z,"65 km ENE of Pedro Bay, Alaska",earthquake,0.76,1.22,0.192748379138667,4,reviewed,av,av
2023-06-05T23:09:33.500Z,60.0331666666667,-153.089666666667,-1.02,0.43,ml,4,180,,0.06,av,av91913156,2023-06-07T23:10:06.510Z,"63 km ENE of Pedro Bay, Alaska",earthquake,0.39,3.75,0.19166693029527,4,reviewed,av,av
2023-06-05T23:08:54.180Z,38.8348351,-122.8803329,2.42,0.57,md,7,171,0.004169,0.01,nc,nc73897471,2023-06-05T23:10:31.049Z,"12km ENE of Cloverdale, CA",earthquake,0.91,1.3,0.3,8,automatic,nc,nc
2023-06-05T23:08:38.620Z,60.0415,-153.079666666667,2.77,0.54,ml,4,177,,0.14,av,av91913151,2023-06-06T00:06:13.480Z,"64 km ENE of Pedro Bay, Alaska",earthquake,0.7,1.47,0.201538605141801,4,reviewed,av,av
2023-06-05T23:02:42.340Z,60.0346666666667,-153.0835,0.66,0.52,ml,4,173,,0.09,av,av91913126,2023-06-07T21:19:08.490Z,"63 km ENE of Pedro Bay, Alaska",earthquake,0.37,1.2,0.252922643316967,4,reviewed,av,av
2023-06-05T22:59:20.730Z,48.26866666666667,-121.94083333333333,14.75,0.75,ml,5,129,0.07393,0.15,uw,uw61930811,2023-06-06T04:23:06.280Z,"0 km WSW of Oso, Washington",earthquake,1.11,0.81,0.12074284957744297,3,reviewed,uw,uw
2023-06-05T22:58:28.960Z,58.1853333333333,-155.305666666667,2.22,0.58,ml,8,99,,0.07,av,av91913111,2023-06-07T21:11:33.680Z,"85 km NW of Karluk, Alaska",earthquake,0.22,0.37,0.322396997642641,8,reviewed,av,av
2023-06-05T22:58:26.090Z,37.435,-118.669,5.37,0.85,md,6,130,0.1173,0.08,nc,nc73897466,2023-06-06T07:37:54.454Z,"7km WNW of Round Valley, CA",earthquake,1.94,6.5,0.378,5,reviewed,nc,nc
2023-06-05T22:56:30.660Z,60.0458333333333,-153.029333333333,1.58,-0.02,ml,4,225,,0.11,av,av91913106,2023-06-07T21:08:15.740Z,"66 km ENE of Pedro Bay, Alaska",earthquake,1.23,0.37,0.180934840800627,4,reviewed,av,av
2023-06-05T22:55:10.840Z,38.7560005,-122.7028351,1.11,1.06,md,6,209,0.01247,0.01,nc,nc73897461,2023-06-05T22:56:46.114Z,"2km SSW of Anderson Springs, CA",earthquake,0.78,0.54,0.1,7,automatic,nc,nc
2023-06-05T22:54:08.339Z,35.06083333,-97.92416667,10.37,0.91,ml,25,89,0.1349735136,0.22,ok,ok2023kyyh,2023-06-06T15:20:10.517Z,"1 km NE of Chickasha, Oklahoma",earthquake,,1.4,0.27,4,reviewed,ok,ok
2023-06-05T22:52:28.410Z,38.7985001,-122.7521667,2.39,0.76,md,11,96,0.006266,0.02,nc,nc73897456,2023-06-05T23:50:14.712Z,"2km N of The Geysers, CA",earthquake,0.32,0.87,0.36,11,automatic,nc,nc
2023-06-05T22:51:56.530Z,38.8363342,-122.7906647,1.63,0.64,md,7,79,0.002087,0.02,nc,nc73897451,2023-06-05T23:38:13.638Z,"6km WNW of Cobb, CA",earthquake,0.75,1.23,0.31,9,automatic,nc,nc
2023-06-05T22:51:54.801Z,58.2014,-155.3208,0.1,1.2,ml,,,,0.47,ak,ak02376d8o2o,2023-06-12T17:03:09.482Z,"87 km NW of Karluk, Alaska",earthquake,,0.4,,,reviewed,ak,ak
2023-06-05T22:48:55.439Z,53.7551,-162.9352,35,2.8,ml,21,224,1.074,0.47,us,us7000k80s,2023-06-14T03:35:10.040Z,"126 km SSE of False Pass, Alaska",earthquake,3.2,2.016,0.105,12,reviewed,us,us
2023-06-05T22:46:05.100Z,37.4006667,-119.991,21.67,1.26,md,7,121,0.1977,0.06,nc,nc73897446,2023-06-06T07:46:10.603Z,"10km SSW of Mariposa, CA",earthquake,0.77,0.55,0.08,6,reviewed,nc,nc
2023-06-05T22:45:44.610Z,58.1861666666667,-155.297,1.41,0.06,ml,4,151,,0.05,av,av91913081,2023-06-07T21:03:23.260Z,"84 km NW of Karluk, Alaska",earthquake,0.31,0.85,0.368012874255524,4,reviewed,av,av
2023-06-05T22:44:06.330Z,46.85666666666667,-121.94083333333333,9.12,0.62,ml,22,121,0.01328,0.12,uw,uw61930806,2023-06-06T04:16:19.430Z,"12 km NNE of Ashford, Washington",earthquake,0.32,0.53,0.15756521581222038,13,reviewed,uw,uw
2023-06-05T22:40:52.190Z,58.192,-155.290166666667,1.99,0.59,ml,5,131,,0.05,av,av91913066,2023-06-07T20:59:15.680Z,"85 km NW of Karluk, Alaska",earthquake,0.23,0.42,0.307025981761135,5,reviewed,av,av
2023-06-05T22:40:20.730Z,33.1833333,-119.0903333,-0.06,2.67,ml,13,202,0.3006,0.18,ci,ci40479144,2023-06-13T22:16:34.168Z,"32km S of Santa Barbara Is., CA",earthquake,0.86,31.61,0.13,105,reviewed,ci,ci
2023-06-05T22:38:49.153Z,32.4829,-104.4388,12.519,3.1,ml,37,76,0.521,0.66,us,us7000k6j1,2023-06-06T12:09:06.650Z,"New Mexico",earthquake,2.82,7.107,0.091,16,reviewed,us,us
2023-06-05T22:37:18.590Z,58.1898333333333,-155.291666666667,2.18,0.17,ml,7,101,,0.06,av,av91913051,2023-06-07T20:51:47.590Z,"",earthquake,0.22,0.48,0.282789855050753,8,reviewed,av,av
2023-06-05T22:33:39.556Z,66.0208,-143.5486,6.3,1.1,ml,,,,0.33,ak,ak02376d4u2p,2023-06-13T21:19:54.364Z,"",earthquake,,0.8,,,reviewed,ak,ak
2023-06-05T22:32:10.660Z,51.8578333333333,-177.913833333333,4.68,1.35,ml,5,172,,0.09,av,av91106868,2023-06-07T21:14:35.710Z,"88 km W of Adak, Alaska",earthquake,0.43,1.17,0.164374568619137,5,reviewed,av,av
2023-06-05T22:29:01.990Z,60.0303333333333,-153.070333333333,-0.87,0.11,ml,4,149,,0.07,av,av91913021,2023-06-07T19:33:04.840Z,"63 km ENE of Pedro Bay, Alaska",earthquake,0.38,3.33,0.163590140776539,4,reviewed,av,av
2023-06-05T22:26:16.130Z,60.0295,-153.071166666667,-1.06,0.22,ml,4,149,,0.06,av,av91913006,2023-06-06T00:04:40.930Z,"63 km ENE of Pedro Bay, Alaska",earthquake,0.4,4.32,0.140366110617128,4,reviewed,av,av
2023-06-05T22:25:08.470Z,60.0361666666667,-153.0795,0.78,0.05,ml,4,169,,0.08,av,av91913001,2023-06-06T00:04:11.460Z,"63 km ENE of Pedro Bay, Alaska",earthquake,0.38,1.14,0.126453952904004,4,reviewed,av,av
2023-06-05T22:24:28.270Z,60.0313333333333,-153.079833333333,0.37,-0.07,ml,4,163,,0.03,av,av91106638,2023-06-06T00:03:44.920Z,"63 km ENE of Pedro Bay, Alaska",earthquake,0.39,1.44,0.125872879626183,4,reviewed,av,av
2023-06-05T22:24:11.820Z,60.0528333333333,-153.053666666667,3.4,-0.01,ml,4,201,,0.04,av,av91912996,2023-06-06T00:03:18.520Z,"65 km ENE of Pedro Bay, Alaska",earthquake,0.96,0.62,0.169820831307752,4,reviewed,av,av
2023-06-05T22:23:35.030Z,60.0343333333333,-153.085166666667,0.89,0.1,ml,4,175,,0.06,av,av91912991,2023-06-06T00:02:58.040Z,"63 km ENE of Pedro Bay, Alaska",earthquake,0.35,1.02,0.12357073598687,4,reviewed,av,av
2023-06-05T22:15:22.390Z,60.0331666666667,-153.077666666667,0.51,0.08,ml,4,162,,0.09,av,av91912956,2023-06-07T18:51:55.060Z,"63 km ENE of Pedro Bay, Alaska",earthquake,0.35,1.27,0.132102319845358,4,reviewed,av,av
2023-06-05T22:14:37.520Z,60.062,-153.0685,3.23,-0.3,ml,4,305,,0.09,av,av91912951,2023-06-07T18:59:31.030Z,"65 km ENE of Pedro Bay, Alaska",earthquake,0.81,0.71,0.17676325431688,4,reviewed,av,av
2023-06-05T22:06:54.303Z,59.8968,-153.3067,131.3,1.9,ml,,,,0.69,ak,ak02376cz6i9,2023-06-12T17:03:09.040Z,"46 km ENE of Pedro Bay, Alaska",earthquake,,0.4,,,reviewed,ak,ak
2023-06-05T22:06:09.940Z,33.8486667,-116.8465,10.31,0.55,ml,15,222,0.04357,0.1,ci,ci40479136,2023-06-13T22:07:01.420Z,"9km SSE of Banning, CA",earthquake,0.35,0.51,0.197,7,reviewed,ci,ci
2023-06-05T22:02:26.490Z,34.2915,-118.4678333,10.27,1.6,ml,22,71,0.01341,0.15,ci,ci40479120,2023-06-06T19:11:45.493Z,"2km SW of Sylmar, CA",earthquake,0.32,0.48,0.129,13,reviewed,ci,ci
2023-06-05T22:02:00.820Z,35.6203333,-117.4431667,8.96,2.57,ml,33,56,0.03715,0.11,ci,ci40479112,2023-06-14T22:07:10.040Z,"17km SSW of Searles Valley, CA",earthquake,0.17,0.31,0.19,24,reviewed,ci,ci
2023-06-05T22:00:28.370Z,60.0338333333333,-153.082333333333,-0.02,0.22,ml,4,170,,0.09,av,av91912891,2023-06-07T18:41:24.970Z,"63 km ENE of Pedro Bay, Alaska",earthquake,0.34,1.66,0.20755188898253,4,reviewed,av,av
2023-06-05T21:49:54.360Z,60.0433333333333,-153.063,3.36,-0.11,ml,4,145,,0.09,av,av91912846,2023-06-07T18:46:12.820Z,"64 km ENE of Pedro Bay, Alaska",earthquake,0.65,0.9,0.10738539530966,4,reviewed,av,av
2023-06-05T21:48:07.704Z,31.60233011,-103.9824883,5.206079102000001,2,ml,35,57,0.07240357774,0.3,tx,tx2023kywd,2023-06-09T14:54:21.241Z,"36 km NNW of Toyah, Texas",earthquake,0.7673210188,1.497846197,0.1,14,reviewed,tx,tx
2023-06-05T21:47:50.670Z,58.2526666666667,-155.1385,4.08,0.62,ml,10,79,,0.08,av,av91912836,2023-06-07T18:39:12.050Z,"86 km NNW of Karluk, Alaska",earthquake,0.23,0.53,0.288079583858171,10,reviewed,av,av
2023-06-05T21:46:21.420Z,60.0346666666667,-153.0845,-0.69,0.09,ml,4,174,,0.16,av,av91912831,2023-06-07T18:33:34.400Z,"63 km ENE of Pedro Bay, Alaska",earthquake,0.54,3.85,0.13834543002519,4,reviewed,av,av
2023-06-05T21:44:45.300Z,62.2801,-148.4963,11.1,1.1,ml,,,,0.54,ak,ak02376clrpn,2023-06-12T17:03:08.837Z,"Central Alaska",earthquake,,0.5,,,reviewed,ak,ak
2023-06-05T21:44:26.370Z,60.03,-153.0625,0.13,0.02,ml,4,138,,0.06,av,av91912821,2023-06-07T18:35:56.140Z,"64 km ENE of Pedro Bay, Alaska",earthquake,0.28,1.29,0.209235536074467,4,reviewed,av,av
2023-06-05T21:43:25.980Z,33.529,-116.7288333,3.6,0.69,ml,24,45,0.03699,0.08,ci,ci40479104,2023-06-06T19:01:05.258Z,"6km WSW of Anza, CA",earthquake,0.13,0.28,0.09,18,reviewed,ci,ci
2023-06-05T21:42:28.930Z,37.3731667,-118.7478333,2.57,0.56,md,5,243,0.1484,0.01,nc,nc73897436,2023-06-06T07:32:53.890Z,"14km WSW of Round Valley, CA",earthquake,3.21,6.74,0.258,5,reviewed,nc,nc
2023-06-05T21:41:27.460Z,38.8320007,-122.7916641,1.81,0.73,md,11,54,0.006482,0.02,nc,nc73897431,2023-06-05T21:43:01.191Z,"6km W of Cobb, CA",earthquake,0.37,0.69,0.19,13,automatic,nc,nc
2023-06-05T21:38:04.914Z,52.5973,-169.6234,15.9,1.9,ml,,,,0.42,ak,ak02376ckecl,2023-06-13T21:19:54.185Z,"63 km SW of Nikolski, Alaska",earthquake,,0.9,,,reviewed,ak,ak
2023-06-05T21:33:57.522Z,-21.4579,-70.0928,79.08,4.4,mb,20,170,0.229,0.73,us,us7000k6ip,2023-06-05T21:54:31.775Z,"71 km N of Tocopilla, Chile",earthquake,5.29,5.162,0.155,12,reviewed,us,us
2023-06-05T21:32:22.330Z,58.188,-155.305666666667,2.18,0.13,ml,5,152,,0.05,av,av91106858,2023-06-07T18:27:10.960Z,"",earthquake,0.28,0.46,0.461565563253134,5,reviewed,av,av
2023-06-05T21:29:20.609Z,63.1378,-150.6307,111.8,1.3,ml,,,,0.55,ak,ak02376cii51,2023-06-12T17:03:08.615Z,"70 km SE of Denali National Park, Alaska",earthquake,,0.5,,,reviewed,ak,ak
2023-06-05T21:27:40.080Z,38.8381653,-122.836998,1.59,0.61,md,13,88,0.001254,0.02,nc,nc73897416,2023-06-05T22:13:14.107Z,"10km NW of The Geysers, CA",earthquake,0.26,0.49,0.33,11,automatic,nc,nc
2023-06-05T21:27:24.430Z,36.0255,-120.6101667,2.16,0.06,md,11,198,0.04468,0.17,nc,nc73897411,2023-06-06T20:03:14.287Z,"21km NW of Parkfield, CA",earthquake,0.62,3.68,0.086,4,reviewed,nc,nc
2023-06-05T21:26:52.080Z,60.031,-153.074166666667,-0.58,0.07,ml,4,155,,0.06,av,av91912761,2023-06-07T18:15:34.420Z,"63 km ENE of Pedro Bay, Alaska",earthquake,0.32,2.34,0.097134459146254,4,reviewed,av,av
2023-06-05T21:11:51.980Z,60.035,-153.090666666667,0.4,0.36,ml,4,184,,0.1,av,av91912716,2023-06-07T18:06:06.520Z,"63 km ENE of Pedro Bay, Alaska",earthquake,0.41,1.41,0.228028133016871,4,reviewed,av,av
2023-06-05T21:08:12.070Z,35.13066667,-97.73416667,6.93,1.34,ml,56,42,0.08818269555,0.24,ok,ok2023kyuv,2023-06-05T21:31:41.734Z,"6 km W of Blanchard, Oklahoma",earthquake,,0.4,0.29,5,reviewed,ok,ok
2023-06-05T21:08:07.390Z,33.9531667,-116.73,16.73,1.46,ml,54,49,0.05973,0.12,ci,ci40479096,2023-06-06T18:57:09.470Z,"7km NE of Cabazon, CA",earthquake,0.12,0.33,0.103,28,reviewed,ci,ci
2023-06-05T21:05:34.060Z,38.9061,142.0628,57.553,4.3,mb,29,160,2.033,0.64,us,us7000k6ie,2023-06-14T03:22:47.040Z,"35 km ESE of Ōfunato, Japan",earthquake,4.5,9.096,0.16,11,reviewed,us,us
2023-06-05T21:04:19.380Z,38.836834,-122.8048325,2.51,1.09,md,23,81,0.01142,0.03,nc,nc73897401,2023-06-05T21:51:15.962Z,"7km WNW of Cobb, CA",earthquake,0.23,0.49,0.15,25,automatic,nc,nc
2023-06-05T21:03:42.270Z,58.1916666666667,-155.291333333333,2.32,0.29,ml,5,144,,0.05,av,av91912686,2023-06-07T18:04:29.750Z,"85 km NW of Karluk, Alaska",earthquake,0.3,0.48,0.382525968963482,5,reviewed,av,av
2023-06-05T21:02:56.850Z,58.1871666666667,-155.2935,1.44,0.28,ml,6,150,,0.07,av,av91912681,2023-06-07T18:02:38.900Z,"84 km NW of Karluk, Alaska",earthquake,0.22,0.72,0.387254407415559,6,reviewed,av,av
2023-06-05T21:01:18.570Z,34.8463333,-118.7911667,-1.17,1.42,ml,17,52,0.07076,0.23,ci,ci40479080,2023-06-06T18:44:26.525Z,"7km E of Lebec, CA",quarry blast,0.48,31.61,0.067,16,reviewed,ci,ci
2023-06-05T20:58:11.450Z,58.1843333333333,-155.3075,-2.2,0.52,ml,7,100,,0.12,av,av91912676,2023-06-12T17:01:22.461Z,"85 km NW of Karluk, Alaska",earthquake,0.27,1.45,0.298432869235754,8,reviewed,av,av
2023-06-05T20:56:30.600Z,58.1858333333333,-155.306833333333,1.3,0.29,ml,6,99,,0.03,av,av91912666,2023-06-07T17:51:39.320Z,"85 km NW of Karluk, Alaska",earthquake,0.2,0.74,0.427753811091386,6,reviewed,av,av
2023-06-05T20:56:10.695Z,63.1158,-149.677,81.2,1.3,ml,,,,0.7,ak,ak02376c2u16,2023-06-12T17:03:08.409Z,"47 km SW of Cantwell, Alaska",earthquake,,0.5,,,reviewed,ak,ak
2023-06-05T20:55:13.050Z,38.8333321,-122.8188324,1.25,0.28,md,7,119,0.01205,0.02,nc,nc73897396,2023-06-05T20:56:50.678Z,"8km NW of The Geysers, CA",earthquake,0.47,1.06,0.17,8,automatic,nc,nc
2023-06-05T20:54:52.198Z,-41.1795,80.8322,10,4.4,mb,21,117,4.217,1,us,us7000k808,2023-06-13T13:22:51.040Z,"Mid-Indian Ridge",earthquake,13.59,1.896,0.148,13,reviewed,us,us
2023-06-05T20:51:13.330Z,19.195333480835,-155.507995605469,34.1800003051758,2.01,ml,44,69,,0.109999999,hv,hv73441167,2023-06-05T20:56:46.930Z,"3 km WSW of Pāhala, Hawaii",earthquake,0.49,0.709999979,3,16,automatic,hv,hv
2023-06-05T20:47:51.060Z,60.032,-153.0685,0.96,-0.13,ml,4,147,,0.05,av,av91912641,2023-06-07T17:32:41.090Z,"64 km ENE of Pedro Bay, Alaska",earthquake,0.29,0.89,0.233866139795515,4,reviewed,av,av
2023-06-05T20:42:19.050Z,38.8183333,-122.808,3.79,-0.18,md,11,93,0.005308,0.01,nc,nc73897386,2023-06-06T08:44:00.284Z,"6km NW of The Geysers, CA",earthquake,0.53,0.69,0.038,11,reviewed,nc,nc
2023-06-05T20:39:53.840Z,60.031,-153.094666666667,0.71,-0.44,ml,4,183,,0.06,av,av91912611,2023-06-07T17:45:34.740Z,"",earthquake,0.34,1.11,0.137832806137523,4,reviewed,av,av
2023-06-05T20:38:17.030Z,38.8358345,-122.7996674,1.72,1,md,14,119,0.007722,0.03,nc,nc73897381,2023-06-05T20:39:50.344Z,"7km WNW of Cobb, CA",earthquake,0.29,0.69,0.23,16,automatic,nc,nc
2023-06-05T20:38:09.594Z,53.4582,-163.4116,18.7,2.2,ml,,,,0.53,ak,ak02376byz33,2023-06-12T17:03:13.504Z,"155 km S of False Pass, Alaska",earthquake,,2.4,,,reviewed,ak,ak
2023-06-05T20:36:59.942Z,39.616,-119.9718,6.5,1.3,ml,14,110.11,0.012,0.1153,nn,nn00860885,2023-06-05T21:30:08.409Z,"7 km S of Cold Springs, Nevada",earthquake,,1,0.25,8,reviewed,nn,nn
2023-06-05T20:34:51.719Z,66.0055,-143.5876,11.3,2.4,ml,,,,0.86,ak,ak02376by7gz,2023-06-12T19:20:32.040Z,"29 km NE of Circle, Alaska",earthquake,,0.9,,,reviewed,ak,ak
2023-06-05T20:34:39.191Z,66.0446,-143.3441,24.4,2.4,ml,,,,0.42,ak,ak02376by6ef,2023-06-12T19:13:43.040Z,"40 km NE of Circle, Alaska",earthquake,,1.3,,,reviewed,ak,ak
2023-06-05T20:32:43.345Z,66.0143,-143.4001,12.1,1.1,ml,,,,0.9,ak,ak02376bxre6,2023-06-12T17:03:13.134Z,"36 km NE of Circle, Alaska",earthquake,,1,,,reviewed,ak,ak
2023-06-05T20:31:22.380Z,60.0321666666667,-153.076666666667,0.46,0.02,ml,4,160,,0.11,av,av91912571,2023-06-07T16:34:05.100Z,"63 km ENE of Pedro Bay, Alaska",earthquake,0.39,1.45,0.142630567578102,4,reviewed,av,av
2023-06-05T20:28:45.160Z,58.1856666666667,-155.305,2.16,0.29,ml,6,154,,0.08,av,av91912566,2023-06-07T16:31:48.390Z,"85 km NW of Karluk, Alaska",earthquake,0.28,0.58,0.470175109933772,6,reviewed,av,av
2023-06-05T20:27:06.579Z,54.5978,-161.062,12.6,1.8,ml,,,,0.81,ak,ak02376bwmf0,2023-06-12T17:03:08.029Z,"89 km SSW of Sand Point, Alaska",earthquake,,1.3,,,reviewed,ak,ak
2023-06-05T20:21:22.594Z,58.1915,-155.268,1.9,2.5,ml,,,,0.54,ak,ak02376bvcwr,2023-06-13T21:19:52.119Z,"84 km NW of Karluk, Alaska",earthquake,,0.3,,,reviewed,ak,ak
2023-06-05T20:15:36.036Z,63.2748,-150.5253,129,1.4,ml,,,,0.58,ak,ak02376bu3z8,2023-06-12T17:03:07.610Z,"66 km ESE of Denali National Park, Alaska",earthquake,,0.6,,,reviewed,ak,ak
2023-06-05T20:14:21.600Z,38.8165016,-122.8248367,1.72,0.75,md,6,159,0.008343,0.02,nc,nc73897376,2023-06-05T20:15:56.111Z,"7km NW of The Geysers, CA",earthquake,0.71,0.88,0.3,8,automatic,nc,nc
2023-06-05T20:11:26.910Z,60.0648333333333,-153.045666666667,4.47,0.03,ml,4,293,,0.15,av,av91912526,2023-06-07T15:58:27.260Z,"66 km ENE of Pedro Bay, Alaska",earthquake,0.97,0.99,0.131179523349449,4,reviewed,av,av
2023-06-05T20:09:16.710Z,33.4638333,-116.3801667,10.31,1.08,ml,30,86,0.07055,0.15,ci,ci40479064,2023-06-06T18:36:29.466Z,"23km SSW of La Quinta, CA",earthquake,0.2,0.48,0.137,24,reviewed,ci,ci
2023-06-05T20:08:17.830Z,60.0498333333333,-153.059666666667,3.8,0.07,ml,4,163,,0.18,av,av91912516,2023-06-07T15:50:38.230Z,"65 km ENE of Pedro Bay, Alaska",earthquake,1.05,1.35,0.0929838201740862,4,reviewed,av,av
2023-06-05T20:04:20.572Z,39.6124,-119.9638,6.9,2,ml,22,67.6,0.005,0.1623,nn,nn00860881,2023-06-05T20:59:00.085Z,"7 km S of Cold Springs, Nevada",earthquake,,0.9,0.19,8,reviewed,nn,nn
2023-06-05T20:03:36.593Z,66.0073,-143.5611,6.7,1.1,ml,,,,0.43,ak,ak02376brj4o,2023-06-13T21:19:53.998Z,"30 km NE of Circle, Alaska",earthquake,,0.4,,,reviewed,ak,ak
2023-06-05T19:58:11.449Z,37.2878,-117.5772,5.1,1.8,ml,8,98.09,0.078,0.1867,nn,nn00860886,2023-06-05T21:14:37.060Z,"52 km S of Silver Peak, Nevada",earthquake,,4.2,0.6,5,reviewed,nn,nn
2023-06-05T19:53:39.480Z,60.0391666666667,-153.103833333333,1.41,-0.08,ml,4,207,,0.12,av,av91912486,2023-06-07T15:45:27.260Z,"",earthquake,1.52,1.35,0.0743674137728658,3,reviewed,av,av
2023-06-05T19:50:26.140Z,58.1875,-155.3115,2.36,0.38,ml,8,153,,0.08,av,av91912481,2023-06-07T15:44:00.720Z,"",earthquake,0.24,0.36,0.256826351241401,7,reviewed,av,av
2023-06-05T19:45:31.800Z,38.8426666,-122.8365021,1.52,0.72,md,11,123,0.004148,0.01,nc,nc73897366,2023-06-05T21:03:16.666Z,"10km NW of The Geysers, CA",earthquake,0.31,0.67,0.32,11,automatic,nc,nc
2023-06-05T19:41:43.167Z,61.2434,-147.752,0,1.4,ml,,,,0.65,ak,ak02376be99o,2023-06-13T21:19:51.935Z,"Southern Alaska",ice quake,,0,,,reviewed,ak,ak
2023-06-05T19:36:01.810Z,33.8603333,-117.4963333,-0.53,1.27,ml,11,72,0.06046,0.26,ci,ci40479040,2023-06-06T00:15:56.408Z,"3km SE of Home Gardens, CA",quarry blast,0.63,31.61,0.193,16,reviewed,ci,ci
2023-06-05T19:33:57.100Z,61.2921666666667,-152.345,1.89,-0.01,ml,8,115,,0.16,av,av91912441,2023-06-07T15:41:44.670Z,"69 km WNW of Tyonek, Alaska",earthquake,0.49,1.52,0.215378570507818,8,reviewed,av,av
2023-06-05T19:28:49.441Z,-5.7349,152.009,10,4.2,mb,21,84,1.541,1.35,us,us7000k807,2023-06-12T18:55:50.040Z,"156 km S of Kokopo, Papua New Guinea",earthquake,6.17,1.92,0.132,16,reviewed,us,us
2023-06-05T19:28:12.810Z,38.831665,-122.8164978,1.69,0.9,md,7,107,0.009663,0.01,nc,nc73897361,2023-06-05T19:29:45.903Z,"8km NW of The Geysers, CA",earthquake,0.39,1.18,0.58,11,automatic,nc,nc
2023-06-05T19:26:15.050Z,45.7341666666667,-112.533666666667,3.74,0.23,ml,5,154,0.07846,0.06,mb,mb90016928,2023-06-06T20:44:39.500Z,"26 km NW of Twin Bridges, Montana",earthquake,0.46,0.33,0.0603748464306419,2,reviewed,mb,mb
2023-06-05T19:20:58.441Z,59.5909,-152.8106,84.7,1.6,ml,,,,0.56,ak,ak02376b9sdb,2023-06-12T17:03:07.214Z,"56 km WNW of Nanwalek, Alaska",earthquake,,0.6,,,reviewed,ak,ak
2023-06-05T19:19:06.999Z,-23.5511,-179.6254,490.297,4.4,mb,25,119,4.729,1.12,us,us7000k806,2023-06-12T18:43:28.040Z,"south of the Fiji Islands",earthquake,19.57,11.585,0.124,19,reviewed,us,us
2023-06-05T19:18:29.003Z,39.6351,-119.3495,11,1.4,ml,7,99.95,0.081,0.093,nn,nn00860878,2023-06-05T21:36:29.385Z,"5 km W of Wadsworth, Nevada",earthquake,,1.9,0.35,6,reviewed,nn,nn
2023-06-05T19:15:16.499Z,66.0293,-143.36,17.9,1.4,ml,,,,0.55,ak,ak02376b8mji,2023-06-13T21:19:51.754Z,"39 km NE of Circle, Alaska",earthquake,,0.6,,,reviewed,ak,ak
2023-06-05T19:09:37.000Z,58.1913333333333,-155.258666666667,1.43,-0.24,ml,4,159,,0.08,av,av91912371,2023-06-07T15:37:37.680Z,"84 km NW of Karluk, Alaska",earthquake,0.63,1.7,0.157780540755428,4,reviewed,av,av
2023-06-05T19:09:24.639Z,30.940968,-103.2117095,3.997802734,2,ml,23,77,0.09937447015,0.3,tx,tx2023kyqx,2023-06-06T15:33:09.073Z,"western Texas",earthquake,1.335059673,2.231431233,0.1,16,reviewed,tx,tx
2023-06-05T19:05:35.343Z,66.0023,-143.5123,8.4,1,ml,,,,0.62,ak,ak02376b6ixw,2023-06-13T21:19:53.814Z,"31 km NE of Circle, Alaska",earthquake,,0.5,,,reviewed,ak,ak
2023-06-05T19:03:15.037Z,66.0134,-143.5372,7.5,1.2,ml,,,,0.44,ak,ak02376b61ub,2023-06-13T21:19:53.630Z,"31 km NE of Circle, Alaska",earthquake,,0.7,,,reviewed,ak,ak
2023-06-05T18:56:22.530Z,34.49666667,-97.25083333,0,1.47,ml,29,133,0.106179164,0.41,ok,ok2023kyqm,2023-06-06T13:00:14.020Z,"12 km W of Davis, Oklahoma",quarry blast,,0.7,0.18,13,reviewed,ok,ok
2023-06-05T18:56:19.050Z,34.988,-118.1815,-0.91,1.12,ml,19,53,0.1156,0.15,ci,ci40479016,2023-06-06T18:10:21.422Z,"7km S of Mojave, CA",quarry blast,0.28,31.61,0.12,16,reviewed,ci,ci
2023-06-05T18:51:47.883Z,66.0278,-143.4567,8.7,2.1,ml,,,,0.88,ak,ak02376auz3j,2023-06-12T17:03:06.835Z,"35 km NE of Circle, Alaska",earthquake,,0.7,,,reviewed,ak,ak
2023-06-05T18:50:17.410Z,60.033,-153.088333333333,-0.26,-0.14,ml,4,177,,0.09,av,av91912331,2023-06-07T15:34:22.730Z,"63 km ENE of Pedro Bay, Alaska",earthquake,0.36,1.96,0.0999515420555992,4,reviewed,av,av
2023-06-05T18:48:27.357Z,66.0149,-143.4987,11.5,1.2,ml,,,,0.6,ak,ak02376auaen,2023-06-12T17:03:12.395Z,"33 km NE of Circle, Alaska",earthquake,,1.1,,,reviewed,ak,ak
2023-06-05T18:44:03.039Z,31.71556623,-104.2592825,6.851391602,2,ml,35,62,0.04060044693,0.1,tx,tx2023kyqc,2023-06-06T21:03:44.926Z,"52 km SSE of Whites City, New Mexico",earthquake,0.601878385,0.6906673333,0,7,reviewed,tx,tx
2023-06-05T18:42:22.282Z,66.0063,-143.4641,13,1.5,ml,,,,0.52,ak,ak02376aszqf,2023-06-13T21:19:53.451Z,"33 km NE of Circle, Alaska",earthquake,,1,,,reviewed,ak,ak
2023-06-05T18:41:39.671Z,57.8707,-153.8282,36.5,2.3,ml,,,,0.77,ak,ak02376astb0,2023-06-12T17:03:06.416Z,"37 km NNE of Larsen Bay, Alaska",earthquake,,1.6,,,reviewed,ak,ak
2023-06-05T18:41:24.136Z,66.0241,-143.3419,28.5,2,ml,,,,0.72,ak,ak02376ass19,2023-06-12T17:03:06.634Z,"39 km ENE of Circle, Alaska",earthquake,,1.7,,,reviewed,ak,ak
2023-06-05T18:39:30.730Z,19.4031658172607,-155.272827148438,1.39999997615814,2.11999989,md,10,61,,0.100000001,hv,hv73441037,2023-06-05T18:42:20.490Z,"5 km SW of Volcano, Hawaii",earthquake,0.22,0.910000026,2.1400001,4,automatic,hv,hv
2023-06-05T18:38:16.996Z,66.0471,-143.5496,9.3,3.4,ml,,,,0.75,ak,ak02376as4hc,2023-06-13T21:19:51.461Z,"33 km NE of Circle, Alaska",earthquake,,0.5,,,reviewed,ak,ak
2023-06-05T18:34:18.730Z,58.1863333333333,-155.2975,1.99,-0.08,ml,7,98,,0.06,av,av91912291,2023-06-07T15:32:16.000Z,"Alaska Peninsula",earthquake,0.23,0.4,0.305725823445289,7,reviewed,av,av
2023-06-05T18:33:55.010Z,61.9387,-150.8901,10.4,1.3,ml,,,,0.62,ak,ak02376ar4u6,2023-06-12T17:03:05.899Z,"27 km ESE of Skwentna, Alaska",earthquake,,0.3,,,reviewed,ak,ak
2023-06-05T18:33:54.320Z,38.8284988,-122.7643356,1.38,0.54,md,7,166,0.004781,0.02,nc,nc73897351,2023-06-05T19:39:13.099Z,"4km WNW of Cobb, CA",earthquake,0.53,0.78,0.27,9,automatic,nc,nc
2023-06-05T18:31:52.560Z,58.1833333333333,-155.298333333333,0.75,-0.27,ml,5,155,,0.03,av,av91912281,2023-06-07T15:29:09.200Z,"84 km NW of Karluk, Alaska",earthquake,0.25,0.93,0.276403306218155,5,reviewed,av,av
2023-06-05T18:29:56.424Z,61.7849,-150.9113,62.3,0.9,ml,,,,0.49,ak,ak02376aqa1m,2023-06-12T17:03:12.020Z,"34 km NW of Susitna, Alaska",earthquake,,0.9,,,reviewed,ak,ak
2023-06-05T18:28:13.110Z,17.9275,-66.8408333333333,10.04,2.41,md,18,214,0.05979,0.21,pr,pr71412443,2023-06-05T18:47:23.380Z,"7 km SE of Maria Antonia, Puerto Rico",earthquake,0.75,0.6,0.149267204387155,6,reviewed,pr,pr
2023-06-05T18:24:12.562Z,59.6645,-152.4496,69.2,1.9,ml,,,,0.76,ak,ak02376ap41l,2023-06-12T17:03:05.655Z,"36 km WSW of Anchor Point, Alaska",earthquake,,0.4,,,reviewed,ak,ak
2023-06-05T18:17:00.130Z,58.1678333333333,-155.371166666667,1.48,-0.1,ml,6,134,,0.05,av,av91106853,2023-06-07T15:14:20.390Z,"86 km NW of Karluk, Alaska",earthquake,0.2,1.32,0.15711792101767,6,reviewed,av,av
2023-06-05T18:16:42.310Z,58.1673333333333,-155.371166666667,2.59,0.44,ml,8,74,,0.06,av,av91912251,2023-06-07T23:28:30.390Z,"86 km NW of Karluk, Alaska",earthquake,0.2,0.37,0.118763318327562,8,reviewed,av,av
2023-06-05T18:15:20.410Z,58.1895,-155.318166666667,1.19,0.03,ml,6,152,,0.05,av,av91912246,2023-06-07T15:08:47.670Z,"86 km NW of Karluk, Alaska",earthquake,0.26,0.6,0.344492923405474,6,reviewed,av,av
2023-06-05T18:12:50.510Z,38.842,-122.8726667,2.59,1.19,md,46,50,0.003739,0.05,nc,nc73897346,2023-06-07T11:04:14.446Z,"12km NW of The Geysers, CA",earthquake,0.16,0.22,0.115,38,reviewed,nc,nc
2023-06-05T18:08:06.410Z,33.3618333,-116.4081667,8.3,0.79,ml,29,54,0.04904,0.13,ci,ci40478984,2023-06-06T18:03:31.327Z,"12km NNW of Borrego Springs, CA",earthquake,0.19,0.54,0.122,16,reviewed,ci,ci
2023-06-05T18:03:56.595Z,62.8633,-149.6877,76.6,1,ml,,,,0.7,ak,ak02376akpja,2023-06-12T17:03:05.451Z,"50 km NNE of Chase, Alaska",earthquake,,0.5,,,reviewed,ak,ak
2023-06-05T18:02:50.530Z,33.0663333,-115.0056667,-0.2,1.64,ml,15,65,0.09667,0.23,ci,ci40478976,2023-06-13T22:02:24.795Z,"45km NE of Holtville, CA",quarry blast,0.52,31.61,0.151,12,reviewed,ci,ci
2023-06-05T18:01:05.241Z,23.0925,-100.1701,10,4.3,mb,98,118,2.233,0.98,us,us7000k6gw,2023-06-12T18:08:09.040Z,"18 km NW of Lázaro Cárdenas, Mexico",earthquake,6.1,1.838,0.032,274,reviewed,us,us
2023-06-05T18:00:11.601Z,61.8434,-150.0488,47.9,0.9,ml,,,,0.58,ak,ak02376ajytk,2023-06-12T17:03:11.825Z,"10 km N of Willow, Alaska",earthquake,,1.3,,,reviewed,ak,ak
2023-06-05T17:56:56.020Z,58.3801666666667,-154.909166666667,4.74,0.66,ml,6,160,,0.16,av,av91912206,2023-06-07T02:33:09.640Z,"94 km NNW of Karluk, Alaska",earthquake,1.43,0.74,0.279168097045653,6,reviewed,av,av
2023-06-05T17:50:48.899Z,34.39783333,-96.84966667,0,1.35,ml,41,179,0.3383336074,0.44,ok,ok2023kyoh,2023-06-06T12:46:40.115Z,"2 km WSW of Mill Creek, Oklahoma",quarry blast,,0.7,0.21,17,reviewed,ok,ok
2023-06-05T17:45:39.450Z,34.47083333,-96.851,0,1.37,ml,42,175,0.2681473803,0.37,ok,ok2023kyod,2023-06-06T12:35:13.429Z,"7 km NNW of Mill Creek, Oklahoma",quarry blast,,0.6,0.25,14,reviewed,ok,ok
2023-06-05T17:41:05.790Z,58.238,-155.1645,2.4,-0.26,ml,6,211,,0.13,av,av91912186,2023-06-07T02:46:18.700Z,"85 km NNW of Karluk, Alaska",earthquake,0.51,0.46,0.141534523882254,6,reviewed,av,av
2023-06-05T17:38:03.600Z,58.1671666666667,-155.370333333333,2.2,-0.01,ml,7,74,,0.05,av,av91912176,2023-06-07T03:06:54.810Z,"85 km NW of Karluk, Alaska",earthquake,0.19,0.58,0.151539693360859,7,reviewed,av,av
2023-06-05T17:34:48.660Z,60.033,-153.079833333333,-0.31,-0.38,ml,4,165,,0.05,av,av91912166,2023-06-07T02:30:31.940Z,"63 km ENE of Pedro Bay, Alaska",earthquake,0.29,1.72,0.168482451484587,4,reviewed,av,av
2023-06-05T17:34:10.823Z,18.4458,145.5294,167.754,4.4,mb,61,53,3.197,0.81,us,us7000k6gp,2023-06-12T17:10:02.040Z,"Pagan region, Northern Mariana Islands",earthquake,11.62,7.062,0.06,81,reviewed,us,us
2023-06-05T17:31:20.829Z,61.6019,-150.0866,42.5,1.5,ml,,,,0.53,ak,ak02376a5731,2023-06-12T17:03:05.223Z,"Southern Alaska",earthquake,,0.6,,,reviewed,ak,ak
2023-06-05T17:27:38.670Z,60.0288333333333,-153.092166666667,-0.8,-0.17,ml,4,177,,0.12,av,av91912141,2023-06-07T23:14:33.200Z,"62 km ENE of Pedro Bay, Alaska",earthquake,0.42,4.06,0.205673566123446,4,reviewed,av,av
2023-06-05T17:25:36.110Z,38.816,-122.8268333,1.9,0.73,md,18,180,0.007353,0.03,nc,nc73897336,2023-06-06T08:05:57.328Z,"8km NW of The Geysers, CA",earthquake,0.37,0.45,0.173,16,reviewed,nc,nc
2023-06-05T17:23:05.920Z,33.9926667,-116.6125,14.75,1.95,ml,62,32,0.0544,0.12,ci,ci40478904,2023-06-05T20:47:47.020Z,"7km SSW of Morongo Valley, CA",earthquake,0.11,0.23,0.167,26,reviewed,ci,ci
2023-06-05T17:22:59.900Z,33.9926667,-116.6091667,15.14,0.91,ml,17,102,0.05594,0.06,ci,ci40478896,2023-06-05T20:53:20.467Z,"7km SSW of Morongo Valley, CA",earthquake,0.16,0.37,0.197,8,reviewed,ci,ci
2023-06-05T17:22:15.270Z,33.993,-116.6136667,15.77,1.54,ml,21,60,0.0536,0.13,ci,ci37525957,2023-06-06T17:54:03.176Z,"7km SSW of Morongo Valley, CA",earthquake,0.21,0.49,0.108,44,reviewed,ci,ci
2023-06-05T17:22:08.657Z,58.2053,-155.0552,3.4,1.4,ml,,,,0.34,ak,ak02376a38qk,2023-06-12T17:03:05.043Z,"79 km NNW of Karluk, Alaska",earthquake,,0.4,,,reviewed,ak,ak
2023-06-05T17:22:02.350Z,33.9916667,-116.6126667,14.11,1.95,ml,74,28,0.05516,0.13,ci,ci40478888,2023-06-06T17:45:15.840Z,"7km SSW of Morongo Valley, CA",earthquake,0.11,0.26,0.152,27,reviewed,ci,ci
2023-06-05T17:17:20.910Z,60.0691666666667,-152.982166666667,0.98,-0.18,ml,4,306,,0.2,av,av91912131,2023-06-07T23:15:38.860Z,"70 km ENE of Pedro Bay, Alaska",earthquake,1.65,0.53,0.217858440486759,4,reviewed,av,av
2023-06-05T17:16:59.560Z,38.8315,-122.8151667,1.75,1.28,md,46,45,0.009018,0.03,nc,nc73897316,2023-06-07T10:38:13.297Z,"8km NW of The Geysers, CA",earthquake,0.11,0.18,0.124,36,reviewed,nc,nc
2023-06-05T17:11:15.650Z,63.3049,-151.8346,5.4,1.3,ml,,,,0.79,ak,ak02376a0wdx,2023-06-12T17:03:04.843Z,"Central Alaska",earthquake,,0.2,,,reviewed,ak,ak
2023-06-05T17:05:39.903Z,62.7935,-148.7597,54.4,1.9,ml,,,,0.74,ak,ak023769zo0w,2023-06-12T17:03:04.572Z,"67 km S of Cantwell, Alaska",earthquake,,0.4,,,reviewed,ak,ak
2023-06-05T17:04:17.110Z,60.0405,-153.093666666667,0.85,-0.15,ml,4,197,,0.26,av,av91912116,2023-06-07T23:17:23.670Z,"63 km ENE of Pedro Bay, Alaska",earthquake,0.8,0.65,0.231929533393946,4,reviewed,av,av
2023-06-05T17:02:48.848Z,59.6126,-152.8899,102,1.5,ml,,,,0.35,ak,ak023769z1is,2023-06-12T17:03:11.616Z,"61 km WNW of Nanwalek, Alaska",earthquake,,0.8,,,reviewed,ak,ak
2023-06-05T16:56:18.360Z,34.9033333,-119.2458333,11.27,1.21,ml,10,129,0.05444,0.13,ci,ci40478848,2023-06-06T17:31:47.249Z,"11km NW of Pine Mountain Club, CA",earthquake,0.4,0.88,0.356,4,reviewed,ci,ci
2023-06-05T16:55:39.295Z,63.3073,-151.7995,3.4,1.3,ml,,,,1.11,ak,ak023769oy48,2023-06-12T17:03:04.369Z,"26 km S of Denali National Park, Alaska",earthquake,,0.3,,,reviewed,ak,ak
2023-06-05T16:54:49.901Z,-18.2012,-70.3207,85.725,4,mb,14,221,0.17,0.78,us,us7000k6gk,2023-06-12T19:08:13.180Z,"",earthquake,8.66,3.356,0.26,4,reviewed,us,us
2023-06-05T16:50:20.210Z,58.205,-155.233333333333,4.89,-0.51,ml,5,140,,0.08,av,av91912091,2023-06-07T02:05:08.500Z,"84 km NNW of Karluk, Alaska",earthquake,0.5,0.79,0.257481367288124,5,reviewed,av,av
2023-06-05T16:49:32.014Z,61.244,-147.4717,0,1.2,ml,,,,0.37,ak,ak023769nn98,2023-06-13T21:19:51.275Z,"60 km NW of Tatitlek, Alaska",ice quake,,0,,,reviewed,ak,ak
2023-06-05T16:41:04.147Z,60.0133,-153.1365,126.2,1.9,ml,,,,0.58,ak,ak023769lvf1,2023-06-12T17:03:03.937Z,"Southern Alaska",earthquake,,0.6,,,reviewed,ak,ak
2023-06-05T16:40:47.943Z,37.9604,36.5939,10.408,4.4,mwr,96,25,0.428,0.62,us,us7000k6ge,2023-06-12T19:13:06.214Z,"10 km SE of Göksun, Turkey",earthquake,5.17,4.267,0.068,21,reviewed,us,us
2023-06-05T16:40:45.080Z,38.2341667,-112.8666667,3.67,0.72,md,7,216,0.1649,0.03,uu,uu60541656,2023-06-05T17:04:39.200Z,"5 km ENE of Minersville, Utah",earthquake,0.73,31.61,0.364,4,reviewed,uu,uu
2023-06-05T16:39:44.560Z,34.006,-116.6845,14.65,1.04,ml,27,110,0.04443,0.11,ci,ci40478832,2023-06-06T17:29:23.277Z,"11km WSW of Morongo Valley, CA",earthquake,0.18,0.35,0.1,22,reviewed,ci,ci
2023-06-05T16:35:18.068Z,52.7458,-168.0169,25.5,1.9,ml,,,,0.34,ak,ak023769km7c,2023-06-13T21:19:53.273Z,"60 km ESE of Nikolski, Alaska",earthquake,,2.3,,,reviewed,ak,ak
2023-06-05T16:30:29.960Z,58.1815,-155.311666666667,1.47,-0.32,ml,6,112,,0.05,av,av91912066,2023-06-07T02:20:32.780Z,"Alaska Peninsula",earthquake,0.22,0.72,0.258928609915539,6,reviewed,av,av
2023-06-05T16:25:06.628Z,51.7299,-177.0706,7.5,1.9,ml,,,,0.66,ak,ak023769ig91,2023-06-12T17:03:03.747Z,"34 km WSW of Adak, Alaska",earthquake,,1.1,,,reviewed,ak,ak
2023-06-05T16:24:25.456Z,1.4734,118.7947,10,4.2,mb,18,133,3.185,0.6,us,us7000k805,2023-06-12T18:53:41.040Z,"207 km NE of Bontang, Indonesia",earthquake,11.53,1.939,0.167,10,reviewed,us,us
2023-06-05T16:17:33.229Z,52.8047,-168.0403,25.4,1.7,ml,,,,0.53,ak,ak023769gset,2023-06-13T21:19:53.092Z,"57 km ESE of Nikolski, Alaska",earthquake,,1.3,,,reviewed,ak,ak
2023-06-05T16:13:17.639Z,1.3573,118.0747,10,4.4,mb,30,103,2.713,0.82,us,us7000k804,2023-06-12T18:51:29.040Z,"150 km NNE of Bontang, Indonesia",earthquake,11.04,1.931,0.112,23,reviewed,us,us
2023-06-05T16:05:40.580Z,60.04,-153.064166666667,0.05,-0.72,ml,4,145,,0.09,av,av91912046,2023-06-07T01:49:17.660Z,"64 km ENE of Pedro Bay, Alaska",earthquake,0.41,1.29,0.310539499107038,4,reviewed,av,av
2023-06-05T16:05:39.890Z,19.4791660308838,-155.728668212891,-2.21000003814697,1.86,ml,25,122,,0.340000004,hv,hv73440857,2023-06-05T16:11:09.740Z,"14 km E of Honaunau-Napoopoo, Hawaii",earthquake,0.64,0.389999986,0.66,5,automatic,hv,hv
2023-06-05T16:00:03.060Z,60.0126666666667,-153.071,-0.13,-0.92,ml,4,133,,0.05,av,av91912036,2023-06-07T23:16:31.530Z,"63 km ENE of Pedro Bay, Alaska",earthquake,0.25,1.72,0.323600504096033,4,reviewed,av,av
2023-06-05T15:49:08.826Z,-5.743,151.9962,10,4.8,mb,42,125,1.551,1.05,us,us7000k6fx,2023-06-12T18:29:13.040Z,"157 km S of Kokopo, Papua New Guinea",earthquake,13.28,1.881,0.065,74,reviewed,us,us
2023-06-05T15:49:03.970Z,38.8188324,-122.7929993,3.07,1.02,md,16,63,0.011,0.03,nc,nc73897306,2023-06-05T18:38:12.686Z,"6km NW of The Geysers, CA",earthquake,0.28,0.65,0.19,17,automatic,nc,nc
2023-06-05T15:41:40.969Z,-5.7319,151.9904,10,5.2,mww,93,34,1.54,0.84,us,us7000k6fw,2023-06-12T18:19:42.040Z,"New Britain region, Papua New Guinea",earthquake,8.26,1.771,0.069,20,reviewed,us,us
2023-06-05T15:35:04.395Z,62.2767,-151.7797,89.2,1.3,ml,,,,0.44,ak,ak023768z5if,2023-06-13T07:02:28.368Z,"37 km NNW of Skwentna, Alaska",earthquake,,0.4,,,reviewed,ak,ak
2023-06-05T15:30:45.630Z,33.3595,-116.3535,12.2,0.63,ml,19,174,0.03462,0.16,ci,ci40478784,2023-06-06T00:05:53.292Z,"12km N of Borrego Springs, CA",earthquake,0.41,0.85,0.102,11,reviewed,ci,ci
2023-06-05T15:30:15.900Z,54.7655,-163.5505,4.3,0.97,ml,7,207,,0.22,av,av91912006,2023-06-07T01:20:54.070Z,"13 km SW of False Pass, Alaska",earthquake,1.01,1.93,0.281671406654777,7,reviewed,av,av
2023-06-05T15:23:31.724Z,-21.9713,-179.3894,579.837,4.1,mb,20,135,3.977,0.87,us,us7000k801,2023-06-12T18:13:06.040Z,"Fiji region",earthquake,11.43,10.972,0.135,15,reviewed,us,us
2023-06-05T15:17:32.020Z,58.2448333333333,-155.149333333333,3.15,-0.18,ml,6,209,,0.08,av,av91911986,2023-06-07T01:17:10.750Z,"",earthquake,0.44,0.75,0.152668165012063,6,reviewed,av,av
2023-06-05T15:12:11.130Z,38.7985,-122.7493333,1.7,1.18,md,42,50,0.008383,0.04,nc,nc73897296,2023-06-07T08:00:15.394Z,"2km NNE of The Geysers, CA",earthquake,0.15,0.2,0.189,33,reviewed,nc,nc
2023-06-05T15:11:59.840Z,38.8258333,-122.796,2.7,1.23,md,43,26,0.01126,0.03,nc,nc73897291,2023-06-08T16:44:15.321Z,"6km W of Cobb, CA",earthquake,0.14,0.25,0.115,26,reviewed,nc,nc
2023-06-05T15:08:26.330Z,52.095,-176.210166666667,11.32,0.33,ml,4,290,,0.19,av,av91106848,2023-06-07T01:42:00.560Z,"38 km NE of Adak, Alaska",earthquake,1.16,1.38,0.314631871534505,4,reviewed,av,av
2023-06-05T15:00:51.147Z,63.4826,-144.8588,2.7,1,ml,,,,0.32,ak,ak023768rrjw,2023-06-13T19:38:48.122Z,"21 km SSW of Dry Creek, Alaska",earthquake,,0.8,,,reviewed,ak,ak
2023-06-05T14:59:55.440Z,38.8358345,-122.7904968,2,1.06,md,17,66,0.002574,0.02,nc,nc73897286,2023-06-05T17:17:15.223Z,"6km WNW of Cobb, CA",earthquake,0.25,0.43,0.09,17,automatic,nc,nc
2023-06-05T14:53:28.310Z,47.6086666666667,-113.918,16.39,0.72,ml,15,91,0.1135,0.17,mb,mb90016818,2023-06-05T16:04:25.250Z,"13 km ESE of Turtle Lake, Montana",earthquake,0.5,0.63,0.115861894288427,4,reviewed,mb,mb
2023-06-05T14:52:12.274Z,51.5231,-176.5778,29.4,1.8,ml,,,,0.26,ak,ak023768hdor,2023-06-13T07:02:28.186Z,"39 km S of Adak, Alaska",earthquake,,2.4,,,reviewed,ak,ak
2023-06-05T14:48:04.821Z,59.8924,-153.0521,115.8,1.8,ml,,,,0.56,ak,ak023768gi8y,2023-06-13T07:02:27.946Z,"60 km E of Pedro Bay, Alaska",earthquake,,0.4,,,reviewed,ak,ak
2023-06-05T14:43:40.080Z,58.2516666666667,-155.102833333333,4.19,-0.25,ml,6,201,,0.24,av,av91911956,2023-06-07T01:08:44.280Z,"85 km NNW of Karluk, Alaska",earthquake,0.84,1.14,0.0375803910224076,6,reviewed,av,av
2023-06-05T14:40:31.090Z,38.8358345,-122.795166,2.08,0.73,md,12,67,0.00456,0.01,nc,nc73897281,2023-06-05T14:57:13.407Z,"6km WNW of Cobb, CA",earthquake,0.32,0.94,0.18,12,automatic,nc,nc
2023-06-05T14:35:54.890Z,33.9995,-117.1703333,13.21,1.01,ml,29,79,0.06002,0.13,ci,ci40478728,2023-06-06T00:00:15.126Z,"6km S of Redlands, CA",earthquake,0.23,0.53,0.073,16,reviewed,ci,ci
2023-06-05T14:27:22.855Z,61.4953,-148.3789,22.6,0.8,ml,,,,0.67,ak,ak023768c1h1,2023-06-13T07:02:25.845Z,"28 km E of Knik River, Alaska",earthquake,,0.3,,,reviewed,ak,ak
2023-06-05T14:15:58.491Z,65.5732,-144.9014,8.3,0.9,ml,,,,0.61,ak,ak0237689juk,2023-06-13T07:02:25.655Z,"4 km W of Central, Alaska",earthquake,,0.3,,,reviewed,ak,ak
2023-06-05T14:11:21.450Z,38.7573333,-122.7153333,1.61,0.56,md,11,77,0.008578,0.02,nc,nc73897276,2023-06-06T07:57:56.647Z,"3km SW of Anderson Springs, CA",earthquake,0.37,0.76,0.321,6,reviewed,nc,nc
2023-06-05T14:02:12.410Z,58.2668333333333,-155.118,4.86,0.19,ml,13,90,,0.24,av,av91911916,2023-06-07T00:59:46.700Z,"87 km NNW of Karluk, Alaska",earthquake,0.41,0.71,0.160519373285135,13,reviewed,av,av
2023-06-05T14:00:08.420Z,12.0236,143.9198,10,4.4,mb,17,121,3.678,1.01,us,us7000k7zz,2023-06-12T17:55:04.040Z,"159 km SSW of Merizo Village, Guam",earthquake,15.38,1.927,0.149,14,reviewed,us,us
2023-06-05T13:57:40.337Z,63.5664,-147.2769,0.3,1.1,ml,,,,0.87,ak,ak023767x2u1,2023-06-13T07:02:25.411Z,"Central Alaska",earthquake,,0.2,,,reviewed,ak,ak
2023-06-05T13:52:05.860Z,19.2514991760254,-155.380661010742,29.1299991607666,1.81,ml,42,155,,0.129999995,hv,hv73440757,2023-06-05T13:57:35.900Z,"11 km ENE of Pāhala, Hawaii",earthquake,0.6,0.75999999,0.21,5,automatic,hv,hv
2023-06-05T13:49:32.570Z,45.8685,-111.367666666667,3.86,1.09,ml,10,87,0.2112,0.09,mb,mb90016833,2023-06-05T15:25:10.580Z,"Western Montana",earthquake,0.37,8.51,0.0449594801171698,6,reviewed,mb,mb
2023-06-05T13:48:41.070Z,38.7981682,-122.7768326,-0.16,0.77,md,14,79,0.009993,0.04,nc,nc73897271,2023-06-05T14:05:14.108Z,"3km NW of The Geysers, CA",earthquake,0.19,0.57,0.09,15,automatic,nc,nc
2023-06-05T13:39:19.730Z,60.034,-153.085,-0.39,-0.3,ml,4,174,,0.2,av,av91106843,2023-06-07T01:00:53.670Z,"Southern Alaska",earthquake,0.66,3.51,0.196646404156152,4,reviewed,av,av
2023-06-05T13:38:46.520Z,58.1873333333333,-155.307,1.94,-0.16,ml,8,98,,0.1,av,av91911901,2023-06-07T00:52:54.450Z,"85 km NW of Karluk, Alaska",earthquake,0.23,0.46,0.252887266486303,8,reviewed,av,av
2023-06-05T13:32:04.390Z,60.0463333333333,-153.092,-0.94,-0.72,ml,4,210,,0.05,av,av91911896,2023-06-07T00:48:40.410Z,"63 km ENE of Pedro Bay, Alaska",earthquake,0.41,2.11,0.365456287695905,4,reviewed,av,av
2023-06-05T13:31:35.660Z,17.95,-66.9516666666667,7.7,2.46,md,6,213,0.07329,0.08,pr,pr71412433,2023-06-05T14:10:51.320Z,"5 km WSW of Guánica, Puerto Rico",earthquake,0.77,0.24,0.109038237212824,5,reviewed,pr,pr
2023-06-05T13:25:15.423Z,-15.7861,-71.8108,10,4.3,mb,30,133,2.865,0.86,us,us7000k6ek,2023-06-12T16:36:01.040Z,"16 km SSW of Maca, Peru",earthquake,7.96,1.593,0.188,8,reviewed,us,us
2023-06-05T13:24:15.961Z,62.4946,-149.2509,13.1,0.8,ml,,,,0.76,ak,ak023767pyfh,2023-06-13T07:02:25.211Z,"44 km E of Chase, Alaska",earthquake,,0.2,,,reviewed,ak,ak
2023-06-05T13:23:13.570Z,60.0321666666667,-153.08,-0.97,-0.24,ml,4,164,,0.05,av,av91911886,2023-06-07T00:46:24.100Z,"63 km ENE of Pedro Bay, Alaska",earthquake,0.38,3.44,0.160500975764417,3,reviewed,av,av
2023-06-05T13:22:26.450Z,38.8381667,-122.8216667,2.1,1.63,md,54,33,0.0108,0.03,nc,nc73897266,2023-06-06T20:48:10.532Z,"9km WNW of Cobb, CA",earthquake,0.12,0.24,0.137,41,reviewed,nc,nc
2023-06-05T13:22:23.230Z,38.8398333,-122.8238333,2.06,0.58,md,29,86,0.009186,0.02,nc,nc73897261,2023-06-06T19:27:16.075Z,"9km WNW of Cobb, CA",earthquake,0.2,0.35,0.227,24,reviewed,nc,nc
2023-06-05T13:16:00.710Z,19.4063339233398,-155.322174072266,3.55999994277954,1.74,ml,31,68,,0.219999999,hv,hv73440707,2023-06-05T13:21:34.910Z,"10 km WSW of Volcano, Hawaii",earthquake,0.4,0.680000007,0.32,13,automatic,hv,hv
2023-06-05T13:11:56.012Z,66.3795,-157.2279,19.8,1.1,ml,,,,0.43,ak,ak023767n94f,2023-06-13T19:38:48.881Z,"northern Alaska",earthquake,,0.7,,,reviewed,ak,ak
2023-06-05T13:08:49.180Z,-10.0963,118.7098,37.761,4.7,mb,51,99,1.561,0.77,us,us7000k6eg,2023-06-12T16:32:37.709Z,"93 km SW of Tambolaka, Indonesia",earthquake,7.54,6.182,0.096,33,reviewed,us,us
2023-06-05T13:08:44.220Z,58.307,-154.987833333333,3.03,0.02,ml,7,203,,0.12,av,av91911876,2023-06-07T00:44:01.700Z,"88 km NNW of Karluk, Alaska",earthquake,0.48,0.61,0.276669347849075,7,reviewed,av,av
2023-06-05T13:06:38.930Z,58.2356666666667,-155.159166666667,2.67,-0.23,ml,5,216,,0.07,av,av91911871,2023-06-07T00:41:05.530Z,"85 km NNW of Karluk, Alaska",earthquake,0.3,0.37,0.128801014551817,5,reviewed,av,av
2023-06-05T13:05:24.288Z,61.2424,-147.5625,0,1.2,ml,,,,0.62,ak,ak023767lweq,2023-06-13T19:38:47.936Z,"63 km S of Glacier View, Alaska",ice quake,,0,,,reviewed,ak,ak
2023-06-05T13:04:32.790Z,37.9075,-122.0136667,14.37,2.23,md,95,44,0.05135,0.15,nc,nc73897256,2023-06-06T23:12:13.360Z,"4km E of Walnut Creek, CA",earthquake,0.16,0.27,0.159,82,reviewed,nc,nc
2023-06-05T13:00:22.130Z,58.1895,-155.2875,1.75,-0.4,ml,7,145,,0.04,av,av91911851,2023-06-07T00:31:11.940Z,"84 km NW of Karluk, Alaska",earthquake,0.18,0.41,0.265421435878431,7,reviewed,av,av
2023-06-05T12:59:25.214Z,58.1923,-155.2893,1.8,1.2,ml,,,,0.67,ak,ak023767c1ib,2023-06-13T19:38:47.747Z,"Alaska Peninsula",earthquake,,0.2,,,reviewed,ak,ak
2023-06-05T12:57:29.020Z,37.9105,-122.0056667,14.26,1.66,md,33,92,0.05259,0.13,nc,nc73897251,2023-06-06T13:16:14.715Z,"5km E of Walnut Creek, CA",earthquake,0.3,0.38,0.163,24,reviewed,nc,nc
2023-06-05T12:56:14.480Z,38.8400002,-122.8775024,2.32,0.71,md,12,115,0.006935,0.02,nc,nc73897246,2023-06-05T15:15:12.532Z,"13km WNW of The Geysers, CA",earthquake,0.41,0.6,0.24,12,automatic,nc,nc
2023-06-05T12:43:50.996Z,53.4295,-163.0724,10,2.6,ml,17,243,1.352,0.64,us,us7000k84l,2023-06-16T06:26:43.040Z,"160 km S of False Pass, Alaska",earthquake,5.84,2.011,0.115,10,reviewed,us,us
2023-06-05T12:43:38.585Z,-15.8017,-72.0389,11.026,4.8,mb,46,140,3.027,0.93,us,us7000k6e9,2023-06-17T08:07:04.694Z,"10 km SE of Huambo, Peru",earthquake,10.01,4.598,0.075,55,reviewed,us,us
2023-06-05T12:40:38.040Z,58.2678333333333,-155.0995,5.62,-0.32,ml,8,97,,0.21,av,av91911836,2023-06-06T23:44:43.130Z,"86 km NNW of Karluk, Alaska",earthquake,0.4,0.81,0.212233614965275,8,reviewed,av,av
2023-06-05T12:39:30.000Z,58.1911666666667,-155.284166666667,0.85,-0.4,ml,4,179,,0.02,av,av91911831,2023-06-06T23:47:58.540Z,"84 km NW of Karluk, Alaska",earthquake,0.4,1.49,0.146968283606479,4,reviewed,av,av
2023-06-05T12:39:18.511Z,52.9165,-167.7171,58.3,1.9,ml,,,,0.38,ak,ak0237677qnn,2023-06-13T19:38:48.698Z,"Fox Islands, Aleutian Islands, Alaska",earthquake,,4.5,,,reviewed,ak,ak
2023-06-05T12:33:30.320Z,39.7453,-120.1326,8.8,0.3,ml,4,168.69,0.191,0.0822,nn,nn00860877,2023-06-05T18:43:06.501Z,"Northern California",earthquake,,4.9,0.09,2,reviewed,nn,nn
2023-06-05T12:30:23.250Z,58.1906666666667,-155.291,2.72,0.4,ml,10,132,,0.08,av,av91911826,2023-06-07T00:26:49.250Z,"85 km NW of Karluk, Alaska",earthquake,0.27,0.32,0.333706754938059,10,reviewed,av,av
2023-06-05T12:30:15.543Z,61.2608,-150.7524,48.3,1.1,ml,,,,0.66,ak,ak0237675oah,2023-06-13T07:02:24.642Z,"22 km NE of Beluga, Alaska",earthquake,,0.5,,,reviewed,ak,ak
2023-06-05T12:29:51.320Z,58.1751666666667,-155.3135,-2.2,-0.56,ml,4,231,,0.05,av,av91106833,2023-06-07T00:23:42.470Z,"84 km NW of Karluk, Alaska",earthquake,0.49,1.63,0.169402778216225,4,reviewed,av,av
2023-06-05T12:29:35.060Z,58.1768333333333,-155.317666666667,1.21,-0.33,ml,6,175,,0.07,av,av91911821,2023-06-07T23:20:54.360Z,"84 km NW of Karluk, Alaska",earthquake,0.41,0.87,0.243997090071582,6,reviewed,av,av
2023-06-05T12:27:54.970Z,19.1354999542236,-155.487670898438,31.7700004577637,2.12,ml,23,171,,0.140000001,hv,hv73440662,2023-06-05T12:33:26.630Z,"7 km S of Pāhala, Hawaii",earthquake,0.78,0.959999979,0.25,6,automatic,hv,hv
2023-06-05T12:27:27.750Z,38.8013333,-122.7711667,2.43,0.45,md,19,92,0.008978,0.04,nc,nc73897241,2023-06-07T01:01:14.009Z,"3km NNW of The Geysers, CA",earthquake,0.22,0.45,0.109,16,reviewed,nc,nc
2023-06-05T12:26:46.704Z,36.4645,-116.1131,7.7,2.4,ml,36,66.84,0.136,0.1338,nn,nn00860861,2023-06-05T23:47:28.284Z,"30 km NNW of Pahrump, Nevada",earthquake,,1.2,0.32,17,reviewed,nn,nn
2023-06-05T12:22:57.300Z,19.2448329925537,-155.383163452148,31.6299991607666,1.97000003,md,43,158,,0.129999995,hv,hv73440657,2023-06-05T12:26:10.070Z,"11 km ENE of Pāhala, Hawaii",earthquake,0.55,0.800000012,0.980000019,8,automatic,hv,hv
2023-06-05T12:19:30.883Z,52.6,-169.7503,81.378,3.4,ml,36,203,0.188,0.53,us,us7000k84g,2023-06-16T06:07:32.040Z,"70 km WSW of Nikolski, Alaska",earthquake,8.27,10.158,0.083,19,reviewed,us,us
2023-06-05T12:05:45.920Z,38.7911682,-122.7594986,1.58,0.77,md,12,72,0.009444,0.02,nc,nc73897236,2023-06-05T14:05:15.108Z,"2km N of The Geysers, CA",earthquake,0.26,0.65,0.17,11,automatic,nc,nc
2023-06-05T12:04:11.499Z,0.9724,126.5805,53.373,4.4,mb,33,77,0.811,0.77,us,us7000k6dz,2023-06-17T07:41:01.040Z,"91 km WNW of Ternate, Indonesia",earthquake,7.62,6.431,0.123,19,reviewed,us,us
2023-06-05T11:55:30.521Z,-15.8993,-72.0405,10,5,mb,67,125,2.946,0.68,us,us7000k6du,2023-06-17T07:00:11.839Z,"southern Peru",earthquake,8.47,1.863,0.048,138,reviewed,us,us
2023-06-05T11:52:06.850Z,52.0792,-175.6157,91.5,2.2,ml,,,,0.24,ak,ak023766p2gc,2023-06-13T19:38:48.508Z,"73 km ENE of Adak, Alaska",earthquake,,0.7,,,reviewed,ak,ak
2023-06-05T11:49:09.170Z,21.3588333333333,-157.521333333333,4.22,1.85,ml,6,162,,0.1,hv,hv72000553,2023-06-12T23:51:20.660Z,"Oahu region, Hawaii",earthquake,0.81,1.71,0.0703284364182203,4,reviewed,hv,hv
2023-06-05T11:43:54.380Z,58.1746666666667,-155.3335,0.75,-0.18,ml,4,250,,0.04,av,av91911786,2023-06-06T23:24:45.760Z,"85 km NW of Karluk, Alaska",earthquake,0.56,1.17,0.16485606345683,4,reviewed,av,av
2023-06-05T11:23:50.946Z,61.4234,-149.927,36.5,1.2,ml,,,,0.67,ak,ak023766iy1g,2023-06-13T07:02:24.189Z,"",earthquake,,0.6,,,reviewed,ak,ak
2023-06-05T11:18:39.830Z,53.531,-163.4461,32.113,2.7,ml,20,238,1.207,0.42,us,us7000k84j,2023-06-16T06:11:47.040Z,"Unimak Island region, Alaska",earthquake,6.16,15.174,0.128,8,reviewed,us,us
2023-06-05T11:13:01.460Z,60.0386666666667,-153.064166666667,1.34,-0.37,ml,4,144,,0.14,av,av91911766,2023-06-06T23:27:26.510Z,"64 km ENE of Pedro Bay, Alaska",earthquake,1.94,1.28,0.123345227425285,4,reviewed,av,av
2023-06-05T11:11:36.270Z,61.1826666666667,-152.271166666667,5.66,-0.41,ml,6,233,,0.15,av,av91911761,2023-06-06T23:29:54.240Z,"62 km WNW of Tyonek, Alaska",earthquake,0.8,0.7,0.25057178938353,6,reviewed,av,av
2023-06-05T11:07:12.550Z,33.6486667,-116.7115,15.88,0.17,ml,14,78,0.03736,0.09,ci,ci40478624,2023-06-05T23:53:36.020Z,"10km S of Idyllwild, CA",earthquake,0.32,0.39,0.067,7,reviewed,ci,ci
2023-06-05T11:01:59.820Z,19.1483325958252,-155.488006591797,29.2299995422363,1.83000004,md,36,162,,0.100000001,hv,hv73440582,2023-06-05T11:05:05.730Z,"Island of Hawaii, Hawaii",earthquake,0.59,0.75,0.910000026,3,automatic,hv,hv
2023-06-05T10:57:25.800Z,19.2504997253418,-155.389007568359,29.5400009155273,2.19,ml,51,136,,0.150000006,hv,hv73440577,2023-06-05T11:14:04.040Z,"10 km ENE of Pāhala, Hawaii",earthquake,0.5,0.699999988,3.25,25,automatic,hv,hv
2023-06-05T10:57:03.310Z,19.3736667633057,-155.28450012207,0.509999990463257,1.93,ml,10,201,,0.109999999,hv,hv73440572,2023-06-05T11:02:34.060Z,"Island of Hawaii, Hawaii",earthquake,0.4,0.25,3.02,28,automatic,hv,hv
2023-06-05T10:49:43.503Z,62.6783,-151.9142,104.5,1.2,ml,,,,0.51,ak,ak02376632wt,2023-06-13T07:02:23.969Z,"62 km WNW of Petersville, Alaska",earthquake,,0.5,,,reviewed,ak,ak
2023-06-05T10:48:12.030Z,19.1275,-155.367166666667,29.45,1.55,md,40,187,,0.11,hv,hv73440562,2023-06-06T02:31:25.880Z,"14 km SE of Pāhala, Hawaii",earthquake,0.49,0.67,0.107381780815571,17,reviewed,hv,hv
2023-06-05T10:48:02.400Z,33.316,-116.7971667,6.5,0.13,ml,16,89,0.06642,0.16,ci,ci40478616,2023-06-05T13:20:40.259Z,"8km SE of Palomar Observatory, CA",earthquake,0.41,0.74,0.02,3,reviewed,ci,ci
2023-06-05T10:43:09.780Z,58.1836666666667,-155.287166666667,1.16,-0.28,ml,6,194,,0.07,av,av91911746,2023-06-06T23:19:17.900Z,"84 km NW of Karluk, Alaska",earthquake,0.32,1.18,0.224296036122972,6,reviewed,av,av
2023-06-05T10:40:05.710Z,64.8682,-147.698,10.3,0.8,ml,,,,0.61,ak,ak023766126a,2023-06-13T07:02:23.770Z,"3 km NNE of Fairbanks, Alaska",earthquake,,0.3,,,reviewed,ak,ak
2023-06-05T10:25:53.253Z,67.0746,-158.5715,1.1,3.1,ml,,,,0.75,ak,ak023765xy44,2023-06-13T19:38:47.248Z,"",earthquake,,0.5,,,reviewed,ak,ak
2023-06-05T10:17:21.144Z,60.7356,-150.4656,47.9,1.8,ml,,,,0.73,ak,ak023765w5uo,2023-06-13T07:02:23.233Z,"24 km SSE of Point Possession, Alaska",earthquake,,0.3,,,reviewed,ak,ak
2023-06-05T10:16:02.570Z,35.6395,-117.4605,6.88,0.99,ml,15,60,0.03938,0.15,ci,ci40478608,2023-06-05T23:50:04.598Z,"15km SSW of Searles Valley, CA",earthquake,0.29,0.58,0.13,9,reviewed,ci,ci
2023-06-05T10:12:14.161Z,61.3757,-150.9726,65.1,1.1,ml,,,,0.53,ak,ak023765v2ps,2023-06-13T07:02:23.022Z,"Southern Alaska",earthquake,,0.6,,,reviewed,ak,ak
2023-06-05T10:11:02.770Z,38.8055,-122.8111649,2,0.98,md,17,59,0.01264,0.02,nc,nc73897221,2023-06-05T10:48:13.839Z,"6km WNW of The Geysers, CA",earthquake,0.24,0.53,0.19,20,automatic,nc,nc
2023-06-05T10:09:23.890Z,38.7773323,-122.7566681,1.05,1.11,md,17,83,0.01667,0.04,nc,nc73897216,2023-06-05T12:45:13.594Z,"0km W of The Geysers, CA",earthquake,0.25,0.51,0.22,16,automatic,nc,nc
2023-06-05T10:08:54.559Z,31.604291,-103.9432295,6.697143555000001,1.9,ml,18,55,0.06544857192,0.1,tx,tx2023kxzb,2023-06-06T21:54:48.080Z,"34 km WSW of Mentone, Texas",earthquake,0.4404766542,0.8782079544,0.2,17,reviewed,tx,tx
2023-06-05T10:08:43.940Z,38.834,-122.8188333,1.66,0.29,md,13,61,0.01261,0.01,nc,nc73897211,2023-06-06T06:19:14.107Z,"8km NW of The Geysers, CA",earthquake,0.33,0.56,0.144,11,reviewed,nc,nc
2023-06-05T10:00:37.580Z,38.8440018,-122.8404999,3.28,0.23,md,8,133,0.006674,0.05,nc,nc73897206,2023-06-05T11:50:12.210Z,"10km NW of The Geysers, CA",earthquake,0.53,1.32,0.1,8,automatic,nc,nc
2023-06-05T10:00:21.908Z,67.398,-168.4872,22.9,2.5,ml,,,,0.81,ak,ak023765siry,2023-06-13T19:38:48.313Z,"Bering Strait",earthquake,,2.9,,,reviewed,ak,ak
2023-06-05T09:58:19.700Z,33.2476667,-116.288,11.57,1.18,ml,52,36,0.0618,0.17,ci,ci40478600,2023-06-05T23:48:29.650Z,"8km E of Borrego Springs, CA",earthquake,0.18,0.35,0.103,27,reviewed,ci,ci
2023-06-05T09:56:57.243Z,65.3562,-144.7171,13.3,1.1,ml,,,,0.91,ak,ak023765j5zh,2023-06-13T07:02:22.821Z,"24 km S of Central, Alaska",earthquake,,0.4,,,reviewed,ak,ak
2023-06-05T09:46:28.644Z,56.838,-158.0472,7.9,1.8,ml,,,,0.54,ak,ak023765gxjv,2023-06-13T19:38:47.061Z,"64 km NNE of Chignik, Alaska",earthquake,,0.3,,,reviewed,ak,ak
2023-06-05T09:44:44.080Z,19.6218,-65.7411,94,3.75,md,7,246,1.3899,0.4,pr,pr2023156000,2023-06-05T10:43:55.364Z,"132 km N of Suárez, Puerto Rico",earthquake,5.26,10.34,0.09,5,reviewed,pr,pr
2023-06-05T09:41:35.010Z,-15.1165,-173.5061,10,4.7,mb,42,109,2.975,0.36,us,us7000k6df,2023-06-05T10:07:07.040Z,"Tonga",earthquake,10.26,1.882,0.056,98,reviewed,us,us
2023-06-05T09:35:52.670Z,39.615,-119.9607,6.6,1.7,ml,25,67.97,0.008,0.1845,nn,nn00860859,2023-06-05T16:14:17.029Z,"7 km S of Cold Springs, Nevada",earthquake,,0.9,0.17,8,reviewed,nn,nn
2023-06-05T09:31:03.310Z,54.7501666666667,-163.69,-1.13,0.77,ml,4,240,,0.11,av,av91106828,2023-06-06T23:13:54.800Z,"21 km WSW of False Pass, Alaska",earthquake,3.32,2.3,0.477141335896749,4,reviewed,av,av
2023-06-05T09:30:54.140Z,36.2476666666667,-89.4496666666667,6.52,1.45,md,12,80,0.02938,0.05,nm,nm60527566,2023-06-13T17:14:38.940Z,"southeastern Missouri",earthquake,0.27,0.64,0.082755525039238,9,reviewed,nm,nm
2023-06-05T09:19:56.305Z,64.883,-151.0187,14.1,2.1,ml,,,,0.86,ak,ak023765b8g2,2023-06-13T07:02:22.393Z,"22 km SW of Manley Hot Springs, Alaska",earthquake,,0.1,,,reviewed,ak,ak
2023-06-05T09:18:56.744Z,63.2053,-150.4519,108.3,1.1,ml,,,,0.32,ak,ak023765b0qy,2023-06-13T07:02:26.624Z,"73 km ESE of Denali National Park, Alaska",earthquake,,0.8,,,reviewed,ak,ak
2023-06-05T09:10:44.900Z,37.8731667,-122.253,8.63,1.07,md,41,37,0.004106,0.05,nc,nc73897196,2023-06-07T00:50:12.937Z,"2km E of Berkeley, CA",earthquake,0.13,0.27,0.155,27,reviewed,nc,nc
2023-06-05T08:53:05.140Z,61.2943333333333,-152.352666666667,1.1,-0.38,ml,7,116,,0.32,av,av91911676,2023-06-06T22:34:35.270Z,"70 km WNW of Tyonek, Alaska",earthquake,0.94,2.6,0.157587774663571,7,reviewed,av,av
2023-06-05T08:44:40.427Z,39.6158,-119.9803,5.1,1.1,ml,11,123.16,0.017,0.1375,nn,nn00860876,2023-06-05T18:39:59.673Z,"7 km S of Cold Springs, Nevada",earthquake,,1.3,0.31,4,reviewed,nn,nn
2023-06-05T08:39:18.347Z,39.6137,-119.9683,6.1,1.1,ml,9,120.86,0.008,0.1215,nn,nn00860875,2023-06-05T18:36:49.914Z,"7 km S of Cold Springs, Nevada",earthquake,,1.1,0.3,6,reviewed,nn,nn
2023-06-05T08:36:19.320Z,38.791832,-122.7553329,3.53,0.78,md,10,84,0.009423,0.02,nc,nc73897191,2023-06-05T09:02:14.203Z,"2km N of The Geysers, CA",earthquake,0.47,1.96,0.18,10,automatic,nc,nc
2023-06-05T08:34:37.578Z,63.2278,-145.096,3.6,1,ml,,,,0.59,ak,ak023764sz4d,2023-06-13T07:02:26.413Z,"30 km ENE of Paxson, Alaska",earthquake,,0.3,,,reviewed,ak,ak
2023-06-05T08:31:53.416Z,61.6589,-146.9966,25.1,0.9,ml,,,,0.78,ak,ak023764sd57,2023-06-13T07:02:22.152Z,"32 km SSE of Eureka Roadhouse, Alaska",earthquake,,0.7,,,reviewed,ak,ak
2023-06-05T08:31:05.207Z,39.6164,-119.9728,6.6,1.3,ml,19,80.88,0.013,0.1829,nn,nn00860856,2023-06-05T16:45:20.289Z,"7 km S of Cold Springs, Nevada",earthquake,,1,0.12,9,reviewed,nn,nn
2023-06-05T08:29:50.892Z,60.011,-152.2894,76.1,1.6,ml,,,,0.6,ak,ak023764rxiu,2023-06-13T07:02:21.928Z,"31 km WNW of Happy Valley, Alaska",earthquake,,0.5,,,reviewed,ak,ak
2023-06-05T08:25:53.270Z,33.5065,-116.4795,12.06,0.48,ml,14,134,0.1032,0.19,ci,ci40478592,2023-06-05T13:21:32.518Z,"19km ESE of Anza, CA",earthquake,0.48,0.87,0.105,10,reviewed,ci,ci
2023-06-05T08:23:47.810Z,32.778,-116.1301667,12.49,0.62,ml,17,66,0.03103,0.11,ci,ci40478584,2023-06-05T23:39:39.442Z,"14km WNW of Ocotillo, CA",earthquake,0.23,0.49,0.065,6,reviewed,ci,ci
2023-06-05T08:23:36.679Z,37.3104,-117.5694,0,1.3,ml,10,103.94,0.099,0.1493,nn,nn00860853,2023-06-05T17:41:12.394Z,"49 km S of Silver Peak, Nevada",earthquake,,0,0.44,5,reviewed,nn,nn
2023-06-05T08:22:19.380Z,38.4571667,-122.639,7.57,2.35,md,114,20,0.02942,0.12,nc,nc73897186,2023-06-06T20:35:33.925Z,"6km E of Santa Rosa, CA",earthquake,0.11,0.31,0.154,113,reviewed,nc,nc
2023-06-05T08:19:18.890Z,58.1708333333333,-155.380166666667,2.62,0.39,ml,11,73,,0.12,av,av91911646,2023-06-13T07:01:05.709Z,"86 km NW of Karluk, Alaska",earthquake,0.23,0.37,0.161938526155788,11,reviewed,av,av
2023-06-05T08:18:06.334Z,31.85577393,-101.7977087,9.806355794,2,ml,14,64,0.07798998165,0.1,tx,tx2023kxvk,2023-06-05T22:43:40.045Z,"29 km W of Garden City, Texas",earthquake,0.7235089282,1.015741231,0.1,25,reviewed,tx,tx
2023-06-05T08:17:42.130Z,36.7851667,-121.3698333,3.99,1.3,md,24,122,0.06562,0.07,nc,nc73897181,2023-06-07T02:44:13.613Z,"3km S of Ridgemark, CA",earthquake,0.25,0.62,0.239,20,reviewed,nc,nc
2023-06-05T08:16:11.400Z,58.1806666666667,-155.3195,1.46,-0.39,ml,7,106,,0.06,av,av91911641,2023-06-07T23:27:59.130Z,"85 km NW of Karluk, Alaska",earthquake,0.21,0.68,0.322141284283073,7,reviewed,av,av
2023-06-05T08:13:45.285Z,54.4393,-161.5902,12.1,2.1,ml,,,,0.69,ak,ak023764ohog,2023-06-13T07:02:26.224Z,"Alaska Peninsula",earthquake,,1.2,,,reviewed,ak,ak
2023-06-05T08:09:24.430Z,38.8191681,-122.7854996,1.44,1.19,md,23,47,0.006997,0.03,nc,nc73897176,2023-06-05T10:13:15.645Z,"5km NNW of The Geysers, CA",earthquake,0.19,0.38,0.15,23,automatic,nc,nc
2023-06-05T08:06:51.900Z,58.1768333333333,-155.295333333333,-2.2,-0.29,ml,5,129,,0.03,av,av91911636,2023-06-06T22:49:56.870Z,"84 km NW of Karluk, Alaska",earthquake,0.22,4.48,0.26273413350606,5,reviewed,av,av
2023-06-05T07:59:39.050Z,46.854166666666664,-121.7565,1.24,0.08,ml,17,94,0.02352,0.07,uw,uw61930571,2023-06-05T17:56:18.550Z,"23 km ENE of Ashford, Washington",earthquake,0.21,0.43,0.14762187809472002,6,reviewed,uw,uw
2023-06-05T07:57:40.357Z,53.8046,-164.2186,41.5,2.2,ml,,,,0.18,ak,ak023764ch77,2023-06-10T02:00:08.537Z,"108 km ESE of Akutan, Alaska",earthquake,,1.4,,,reviewed,ak,ak
2023-06-05T07:52:42.513Z,62.5963,-152.177,6.7,1,ml,,,,0.79,ak,ak023764berk,2023-06-10T02:00:05.211Z,"73 km W of Petersville, Alaska",earthquake,,0.4,,,reviewed,ak,ak
2023-06-05T07:51:54.511Z,59.6438,-153.4161,109,1.7,ml,,,,0.4,ak,ak023764b7y9,2023-06-10T02:00:04.986Z,"41 km ESE of Pedro Bay, Alaska",earthquake,,0.5,,,reviewed,ak,ak
2023-06-05T07:43:48.030Z,53.3755,-168.251833333333,-1,0.26,ml,6,294,,0.33,av,av91911616,2023-06-06T22:22:40.960Z,"",earthquake,0.89,1.29,0.537058524846268,6,reviewed,av,av
2023-06-05T07:39:16.650Z,33.418,-116.627,5.84,1.35,ml,57,48,0.07926,0.18,ci,ci40478576,2023-06-05T23:38:05.470Z,"15km N of Warner Springs, CA",earthquake,0.15,0.54,0.155,27,reviewed,ci,ci
2023-06-05T07:29:48.960Z,19.1459999084473,-155.363662719727,30.1700000762939,1.99000001,md,50,184,,0.119999997,hv,hv73440422,2023-06-05T07:34:05.300Z,"13 km ESE of Pāhala, Hawaii",earthquake,0.6,0.800000012,1.55999994,26,automatic,hv,hv
2023-06-05T07:27:11.902Z,61.107,-152.0175,92.5,1.3,ml,,,,0.6,ak,ak0237645zcu,2023-06-10T02:00:04.770Z,"47 km W of Tyonek, Alaska",earthquake,,0.9,,,reviewed,ak,ak
2023-06-05T07:26:03.970Z,36.653,-121.277,5.38,1.05,md,17,158,0.05183,0.08,nc,nc73897166,2023-06-07T00:06:12.692Z,"16km SSE of Tres Pinos, CA",earthquake,0.36,0.72,0.283,18,reviewed,nc,nc
2023-06-05T07:20:38.529Z,21.8604,-76.3359,10,4.2,mb,89,101,1.808,0.78,us,us7000k6d4,2023-06-05T08:16:31.040Z,"Cuba region",earthquake,3.77,1.859,0.05,117,reviewed,us,us
2023-06-05T07:20:03.130Z,33.7126667,-116.8245,15.56,0.68,ml,21,101,0.08471,0.15,ci,ci40478568,2023-06-05T13:21:41.992Z,"8km ESE of Valle Vista, CA",earthquake,0.31,0.51,0.133,14,reviewed,ci,ci
2023-06-05T07:19:02.594Z,64.9718,-147.3594,0,1,ml,,,,0.53,ak,ak023764493d,2023-06-15T00:07:29.271Z,"12 km E of Fox, Alaska",explosion,,0,,,reviewed,ak,ak
2023-06-05T07:14:49.220Z,58.1845,-155.276166666667,2.29,-0.39,ml,6,148,,0.06,av,av91911596,2023-06-06T22:29:02.580Z,"84 km NW of Karluk, Alaska",earthquake,0.25,0.61,0.323017800834441,6,reviewed,av,av
2023-06-05T07:07:10.705Z,57.8103,-153.2448,44,2.2,ml,,,,0.51,ak,ak0237641p3y,2023-06-10T02:00:08.284Z,"22 km WSW of Port Lions, Alaska",earthquake,,0.9,,,reviewed,ak,ak
2023-06-05T06:58:54.258Z,39.4084,-118.4634,13.2,1,ml,5,108.46,0.284,0.0935,nn,nn00860874,2023-06-05T18:33:41.108Z,"21 km E of Fallon Station, Nevada",earthquake,,2.8,0.05,2,reviewed,nn,nn
2023-06-05T06:55:25.600Z,58.239,-155.117166666667,6.88,0.24,ml,11,81,,0.09,av,av91911581,2023-06-06T21:49:41.270Z,"Alaska Peninsula",earthquake,0.22,0.56,0.269282596685903,11,reviewed,av,av
2023-06-05T06:49:25.350Z,58.176,-155.314166666667,0.69,-0.34,ml,6,167,,0.05,av,av91911566,2023-06-06T21:52:49.460Z,"84 km NW of Karluk, Alaska",earthquake,0.28,1.24,0.321142001326915,6,reviewed,av,av
2023-06-05T06:40:18.400Z,65.39,-144.6443,8,0.9,ml,,,,0.88,ak,ak023763ncrb,2023-06-10T02:00:04.366Z,"21 km SSE of Central, Alaska",earthquake,,0.5,,,reviewed,ak,ak
2023-06-05T06:37:45.120Z,51.8218333333333,-178.1365,-1.8,1.38,ml,4,192,,0.22,av,av91106818,2023-06-06T22:15:36.990Z,"Andreanof Islands, Aleutian Islands, Alaska",earthquake,1.39,2.88,0.214015998165494,4,reviewed,av,av
2023-06-05T06:34:48.020Z,34.171,-116.962,7.1,1.87,ml,82,20,0.08024,0.13,ci,ci40478560,2023-06-05T23:17:49.240Z,"9km SSW of Big Bear Lake, CA",earthquake,0.13,0.42,0.191,27,reviewed,ci,ci
2023-06-05T06:08:47.230Z,33.4903333,-116.4351667,13.47,0.39,ml,12,112,0.03391,0.1,ci,ci40478536,2023-06-05T23:04:41.803Z,"22km SSW of La Quinta, CA",earthquake,0.44,0.62,0.168,5,reviewed,ci,ci
2023-06-05T06:07:59.080Z,33.4838333,-116.4445,10.28,1.57,ml,60,26,0.04247,0.21,ci,ci40478528,2023-06-05T13:23:02.990Z,"23km ESE of Anza, CA",earthquake,0.2,0.38,0.201,27,reviewed,ci,ci
2023-06-05T06:06:23.806Z,40.2139,-119.821,1.9,0.7,ml,3,252.75,0.081,0.0156,nn,nn00860873,2023-06-05T18:30:33.564Z,"27 km ENE of Herlong, California",earthquake,,39.8,0,1,reviewed,nn,nn
2023-06-05T06:02:11.610Z,59.8316,-152.9348,104,1.8,ml,,,,0.42,ak,ak023763f6xm,2023-06-10T02:00:04.109Z,"62 km W of Anchor Point, Alaska",earthquake,,0.5,,,reviewed,ak,ak
2023-06-05T05:59:35.900Z,58.2493333333333,-155.072333333333,3.95,-0.44,ml,6,107,,0.19,av,av91911521,2023-06-06T21:45:04.950Z,"84 km NNW of Karluk, Alaska",earthquake,0.4,0.89,0.292807583362924,6,reviewed,av,av
2023-06-05T05:57:21.190Z,19.2373332977295,-155.394668579102,28.6599998474121,1.83000004,md,33,157,,0.100000001,hv,hv73440377,2023-06-05T06:00:41.570Z,"9 km ENE of Pāhala, Hawaii",earthquake,0.59,0.939999998,1.35000002,6,automatic,hv,hv
2023-06-05T05:55:43.150Z,58.1878333333333,-155.317166666667,1.71,-0.11,ml,8,101,,0.07,av,av91911516,2023-06-06T21:41:42.670Z,"85 km NW of Karluk, Alaska",earthquake,0.23,0.52,0.268021834783947,8,reviewed,av,av
2023-06-05T05:54:36.051Z,58.1865,-155.3091,0.2,1,ml,,,,0.39,ak,ak0237634yjl,2023-06-15T00:07:29.080Z,"",earthquake,,0.5,,,reviewed,ak,ak
2023-06-05T05:50:19.366Z,58.0653,-153.3505,51.8,1.5,ml,,,,0.34,ak,ak02376342cw,2023-06-10T02:00:08.091Z,"26 km W of Aleneva, Alaska",earthquake,,1.8,,,reviewed,ak,ak
2023-06-05T05:35:41.871Z,61.5114,-151.0045,75.2,1.8,ml,,,,0.51,ak,ak0237630w9k,2023-06-10T02:00:03.637Z,"26 km W of Susitna, Alaska",earthquake,,0.5,,,reviewed,ak,ak
2023-06-05T05:34:56.210Z,33.6838333,-116.7908333,16.17,0.34,ml,17,147,0.06949,0.1,ci,ci40478504,2023-06-05T22:57:20.548Z,"9km SW of Idyllwild, CA",earthquake,0.25,0.36,0.091,10,reviewed,ci,ci
2023-06-05T05:28:41.860Z,38.7804985,-122.765831,1.02,1.08,md,10,81,0.009763,0.02,nc,nc73897151,2023-06-05T05:52:15.067Z,"1km WNW of The Geysers, CA",earthquake,0.28,0.56,0.26,10,automatic,nc,nc
2023-06-05T05:26:16.920Z,58.1916666666667,-155.292166666667,2.87,0.09,ml,10,91,,0.12,av,av91911476,2023-06-06T21:27:27.720Z,"85 km NW of Karluk, Alaska",earthquake,0.3,0.6,0.182048050666637,9,reviewed,av,av
2023-06-05T05:26:13.050Z,38.726,-122.409,6.49,1.15,md,29,57,0.06381,0.09,nc,nc73897146,2023-06-06T08:14:11.784Z,"16km SE of Hidden Valley Lake, CA",earthquake,0.2,0.55,0.128,27,reviewed,nc,nc
2023-06-05T05:24:26.142Z,-24.0925,-67.2204,205.018,4,mb,17,89,1.436,0.54,us,us7000k6ck,2023-06-05T15:56:28.040Z,"92 km W of San Antonio de los Cobres, Argentina",earthquake,6.02,11.107,0.233,5,reviewed,us,us
2023-06-05T05:20:23.510Z,58.1655,-155.3265,1.42,-0.23,ml,6,118,,0.06,av,av91911471,2023-06-06T21:23:30.490Z,"84 km NW of Karluk, Alaska",earthquake,0.21,1.11,0.228343399499149,6,reviewed,av,av
2023-06-05T05:16:20.340Z,44.6661666666667,-114.374166666667,7.12,2.17,ml,23,45,0.5524,0.2,mb,mb90016783,2023-06-05T14:07:00.540Z,"21 km NNW of Challis, Idaho",earthquake,0.46,0.9,0.287744196803509,23,reviewed,mb,mb
2023-06-05T05:09:47.040Z,19.3349990844727,-155.14533996582,3.46000003814697,1.78999996,md,35,181,,0.150000006,hv,hv73440352,2023-06-05T05:13:06.780Z,"14 km S of Fern Forest, Hawaii",earthquake,0.52,1.33000004,0.910000026,16,automatic,hv,hv
2023-06-05T05:03:39.180Z,44.6983333333333,-114.344666666667,4.14,1.55,ml,12,120,0.7734,0.27,mb,mb90016828,2023-06-05T15:16:18.580Z,"23 km NNW of Challis, Idaho",earthquake,1.19,2.46,0.360713808962714,12,reviewed,mb,mb
2023-06-05T05:03:10.140Z,64.7374,-149.0244,14.9,0.9,ml,,,,0.61,ak,ak023762tyz7,2023-06-10T02:00:03.411Z,"15 km NNE of Four Mile Road, Alaska",earthquake,,0.2,,,reviewed,ak,ak
2023-06-05T05:02:04.630Z,33.6033333,-116.8061667,6.93,0.25,ml,20,76,0.0364,0.11,ci,ci40478496,2023-06-05T22:53:58.515Z,"13km WNW of Anza, CA",earthquake,0.23,0.4,0.078,11,reviewed,ci,ci
2023-06-05T04:57:23.290Z,58.1863333333333,-155.271666666667,1.95,-0.15,ml,6,145,,0.06,av,av91911461,2023-06-06T21:00:06.970Z,"84 km NW of Karluk, Alaska",earthquake,0.22,0.49,0.285278432155861,6,reviewed,av,av
2023-06-05T04:56:14.310Z,58.1795,-155.334333333333,1.97,-0.29,ml,7,167,,0.08,av,av91911456,2023-06-06T20:54:26.260Z,"85 km NW of Karluk, Alaska",earthquake,0.24,0.43,0.213658599562417,7,reviewed,av,av
2023-06-05T04:50:24.310Z,58.258,-154.938833333333,3.64,0.27,ml,8,160,,0.23,av,av91911446,2023-06-06T20:51:44.170Z,"81 km NNW of Karluk, Alaska",earthquake,0.53,1.44,0.351071285593794,8,reviewed,av,av
2023-06-05T04:46:06.960Z,38.8510017,-122.7806702,1.36,0.22,md,9,156,0.009027,0.02,nc,nc73897141,2023-06-05T05:02:13.743Z,"6km WNW of Cobb, CA",earthquake,0.37,0.51,0.09,8,automatic,nc,nc
2023-06-05T04:37:43.821Z,54.5676,-159.8649,17.6,2.1,ml,,,,0.33,ak,ak023762fwby,2023-06-10T02:00:07.895Z,"94 km SSE of Sand Point, Alaska",earthquake,,1.4,,,reviewed,ak,ak
2023-06-05T04:34:48.456Z,63.9589,-153.0385,0.8,1,ml,,,,0.68,ak,ak023762f9jh,2023-06-10T02:00:07.700Z,"36 km WNW of Lake Minchumina, Alaska",earthquake,,1,,,reviewed,ak,ak
2023-06-05T04:30:55.004Z,62.7233,-151.213,82.8,1.1,ml,,,,0.53,ak,ak023762ef6k,2023-06-10T02:00:07.510Z,"34 km NW of Petersville, Alaska",earthquake,,1.6,,,reviewed,ak,ak
2023-06-05T04:16:33.124Z,66.4018,-150.9151,4.3,0.8,ml,,,,0.64,ak,ak023762bdkb,2023-06-10T02:00:03.210Z,"63 km SSE of Bettles, Alaska",earthquake,,0.5,,,reviewed,ak,ak
2023-06-05T04:16:14.973Z,28.5183,-88.029,5,3.3,ml,50,131,2.775,0.75,us,us7000k6cb,2023-06-06T12:53:08.526Z,"Gulf of Mexico",earthquake,8.47,2.003,0.077,22,reviewed,us,us
2023-06-05T04:11:30.695Z,59.894,-152.7044,86.5,1.3,ml,,,,0.27,ak,ak023762aap9,2023-06-10T02:00:07.318Z,"50 km WNW of Anchor Point, Alaska",earthquake,,1.1,,,reviewed,ak,ak
2023-06-05T04:02:05.409Z,53.967,-163.6234,30.167,2.6,ml,16,215,0.761,0.47,us,us7000k7kg,2023-06-14T03:10:02.040Z,"99 km S of False Pass, Alaska",earthquake,5.84,9.369,0.128,8,reviewed,us,us
2023-06-05T03:59:35.236Z,57.7624,-156.4189,133.1,1.9,ml,,,,0.28,ak,ak023761z5tf,2023-06-10T02:00:06.878Z,"64 km ENE of Ugashik, Alaska",earthquake,,1,,,reviewed,ak,ak
2023-06-05T03:54:04.790Z,19.1928329467773,-155.500839233398,31.7900009155273,2.05,ml,44,72,,0.100000001,hv,hv73440277,2023-06-05T03:59:35.050Z,"2 km WSW of Pāhala, Hawaii",earthquake,0.49,0.850000024,3.32,7,automatic,hv,hv
2023-06-05T03:53:54.204Z,59.5349,-153.4616,15.6,1.3,ml,,,,0.66,ak,ak023761xwzt,2023-06-15T00:07:28.850Z,"45 km SE of Pedro Bay, Alaska",earthquake,,0.5,,,reviewed,ak,ak
2023-06-05T03:50:08.805Z,59.3063,-149.3606,15.1,2.4,ml,,,,0.63,ak,ak023761x649,2023-06-10T02:00:02.678Z,"85 km S of Lowell Point, Alaska",earthquake,,1.9,,,reviewed,ak,ak
2023-06-05T03:48:20.010Z,58.1838333333333,-155.323833333333,1.22,-0.19,ml,6,160,,0.04,av,av91911366,2023-06-06T20:13:30.150Z,"85 km NW of Karluk, Alaska",earthquake,0.22,0.68,0.306967853930901,6,reviewed,av,av
2023-06-05T03:48:07.700Z,52.9128333333333,-169.5825,-1.73,0.89,ml,4,176,,0.32,av,av91106803,2023-06-06T20:33:15.030Z,"48 km W of Nikolski, Alaska",earthquake,2.78,0.77,0.344416394978836,4,reviewed,av,av
2023-06-05T03:47:23.070Z,58.2403333333333,-155.137,2.34,-0.17,ml,5,220,,0.07,av,av91911361,2023-06-06T20:15:26.230Z,"85 km NNW of Karluk, Alaska",earthquake,0.43,0.54,0.141152353091205,5,reviewed,av,av
2023-06-05T03:41:03.830Z,58.1848333333333,-155.337333333333,1.39,-0.32,ml,5,162,,0.05,av,av91911356,2023-06-06T20:17:49.530Z,"Alaska Peninsula",earthquake,0.23,0.73,0.215716945700255,5,reviewed,av,av
2023-06-05T03:36:48.256Z,64.5554,-152.1362,13.3,0.7,ml,,,,0.39,ak,ak023761u9ce,2023-06-10T02:00:02.492Z,"68 km S of Tanana, Alaska",earthquake,,0.6,,,reviewed,ak,ak
2023-06-05T03:31:40.917Z,-34.805,54.287,10,4.3,mb,13,123,11.663,0.17,us,us7000k7zm,2023-06-14T03:07:43.040Z,"Southwest Indian Ridge",earthquake,15.65,1.897,0.189,8,reviewed,us,us
2023-06-05T03:28:37.580Z,48.75866666666667,-121.83066666666667,3.51,1.28,ml,5,155,0.1386,0.25,uw,uw61930561,2023-06-05T18:16:34.830Z,"16 km SSE of Glacier, Washington",earthquake,1.15,31.61,0.09670054988541499,6,reviewed,uw,uw
2023-06-05T03:22:40.120Z,58.2388333333333,-155.125166666667,6.87,0.53,ml,14,78,,0.11,av,av91911346,2023-06-10T01:58:55.189Z,"84 km NNW of Karluk, Alaska",earthquake,0.24,0.45,0.313666675141918,14,reviewed,av,av
2023-06-05T03:20:45.100Z,33.3405,-116.919,15.9,0.91,ml,33,34,0.04895,0.15,ci,ci40478472,2023-06-05T22:40:26.973Z,"5km WSW of Palomar Observatory, CA",earthquake,0.22,0.51,0.116,20,reviewed,ci,ci
2023-06-05T03:17:51.440Z,67.2581,-160.743,14.9,1.8,ml,,,,0.74,ak,ak023761q6zs,2023-06-10T02:00:06.668Z,"34 km NNW of Kiana, Alaska",earthquake,,1.2,,,reviewed,ak,ak
2023-06-05T03:14:13.612Z,-62.0422,156.5427,10,4.6,mb,25,105,17.469,0.87,us,us7000k7zl,2023-06-14T02:55:39.040Z,"",earthquake,15.83,1.862,0.129,18,reviewed,us,us
2023-06-05T03:12:42.963Z,64.9463,-148.6468,10.9,1.3,ml,,,,0.77,ak,ak023761p3qr,2023-06-10T02:00:02.256Z,"31 km WNW of Ester, Alaska",earthquake,,0.2,,,reviewed,ak,ak
2023-06-05T03:08:59.587Z,60.9401,-150.6622,46.3,1,ml,,,,0.27,ak,ak023761oa6e,2023-06-10T02:00:06.455Z,"2 km NE of Point Possession, Alaska",earthquake,,1.6,,,reviewed,ak,ak
2023-06-05T03:07:26.490Z,60.0586666666667,-153.133166666667,5.36,-0.29,ml,4,268,,0.19,av,av91911331,2023-06-06T19:45:18.670Z,"62 km ENE of Pedro Bay, Alaska",earthquake,1.24,1.59,0.123178771323117,4,reviewed,av,av
2023-06-05T02:59:47.680Z,58.2483333333333,-155.142,3.75,0.17,ml,10,76,,0.11,av,av91911321,2023-06-10T01:58:50.811Z,"85 km NNW of Karluk, Alaska",earthquake,0.29,0.56,0.244179317269963,10,reviewed,av,av
2023-06-05T02:58:21.300Z,58.24,-155.122333333333,6.66,0.5,ml,15,79,,0.17,av,av91911316,2023-06-10T01:58:48.631Z,"84 km NNW of Karluk, Alaska",earthquake,0.34,0.63,0.343861316735011,15,reviewed,av,av
2023-06-05T02:52:42.690Z,17.9278333333333,-66.9566666666667,15.11,2.21,md,10,230,0.08738,0.05,pr,pr71412408,2023-06-05T03:17:12.590Z,"7 km SW of Guánica, Puerto Rico",earthquake,0.52,0.6,0.0475206844477027,4,reviewed,pr,pr
2023-06-05T02:45:58.419Z,-62.3246,155.4265,10,5.8,mww,56,102,15.408,0.62,us,us7000k6bx,2023-06-06T02:50:29.972Z,"Balleny Islands region",earthquake,12.5,1.882,0.073,18,reviewed,us,us
2023-06-05T02:45:02.170Z,60.0348333333333,-153.099333333333,1.11,-0.31,ml,4,195,,0.12,av,av91911301,2023-06-06T19:23:13.740Z,"Southern Alaska",earthquake,0.51,0.31,0.169286623612481,4,reviewed,av,av
2023-06-05T02:42:35.230Z,38.8133333,-122.7775,0.72,0.39,md,17,70,0.002489,0.03,nc,nc73897131,2023-06-06T05:55:14.965Z,"4km NNW of The Geysers, CA",earthquake,0.16,0.2,0.13,16,reviewed,nc,nc
2023-06-05T02:41:26.400Z,60.0453333333333,-153.105,-2.67,-0.82,ml,4,222,,0.09,av,av91911296,2023-06-06T19:25:16.310Z,"62 km ENE of Pedro Bay, Alaska",earthquake,0.49,2.17,0.2574156117245,4,reviewed,av,av
2023-06-05T02:41:08.728Z,64.7105,-156.0679,7.7,1.2,ml,,,,0.63,ak,ak0237619tan,2023-06-10T02:00:02.058Z,"27 km W of Ruby, Alaska",earthquake,,0.6,,,reviewed,ak,ak
2023-06-05T02:35:11.020Z,35.1301667,-118.6735,12.01,1.24,ml,21,69,0.1014,0.13,ci,ci40478456,2023-06-05T22:35:15.402Z,"17km ESE of Arvin, CA",earthquake,0.25,0.49,0.175,13,reviewed,ci,ci
2023-06-05T02:35:06.224Z,38.4606,142.3542,39.148,4.4,mb,62,133,2.53,0.85,us,us7000k6bw,2023-06-05T03:16:51.040Z,"79 km E of Onagawa Chō, Japan",earthquake,7.73,7.545,0.083,42,reviewed,us,us
2023-06-05T02:31:57.090Z,18.012,-66.788,15.5,1.67,md,6,176,0.0943,0.08,pr,pr71412388,2023-06-05T02:51:56.760Z,"0 km SSE of Guayanilla, Puerto Rico",earthquake,0.5,0.94,0.160643394155051,4,reviewed,pr,pr
2023-06-05T02:30:52.990Z,59.3601666666667,-153.422,-1.18,0.57,ml,4,200,,0.1,av,av91911286,2023-06-06T19:32:11.990Z,"61 km SE of Pedro Bay, Alaska",earthquake,0.21,0.52,0.179623406309187,4,reviewed,av,av
2023-06-05T02:30:04.980Z,19.1551666259766,-155.365173339844,28.5400009155273,2.08,ml,41,187,,0.119999997,hv,hv73440192,2023-06-05T02:35:36.920Z,"13 km ESE of Pāhala, Hawaii",earthquake,0.57,0.829999983,3.62,6,automatic,hv,hv
2023-06-05T02:29:38.690Z,34.3311667,-116.9288333,4.81,1.16,ml,31,74,0.06902,0.11,ci,ci40478448,2023-06-05T22:31:23.190Z,"10km N of Big Bear Lake, CA",earthquake,0.16,0.6,0.123,29,reviewed,ci,ci
2023-06-05T02:28:17.730Z,35.8318333,-119.0205,16.28,1.5,ml,15,80,0.05293,0.17,ci,ci40478440,2023-06-05T22:24:43.755Z,"22km ENE of Delano, CA",earthquake,0.34,0.75,0.138,10,reviewed,ci,ci
2023-06-05T02:27:22.600Z,58.1701666666667,-155.368666666667,2.61,0.54,ml,13,70,,0.07,av,av91911276,2023-06-06T19:38:04.390Z,"Alaska Peninsula",earthquake,0.19,0.28,0.252615148365767,14,reviewed,av,av
2023-06-05T02:23:49.460Z,58.2451666666667,-155.077,4.82,-0.11,ml,7,103,,0.2,av,av91911266,2023-06-06T19:40:51.210Z,"83 km NNW of Karluk, Alaska",earthquake,0.49,0.96,0.20575558707404,7,reviewed,av,av
2023-06-05T02:19:30.503Z,59.8434,-150.9389,44.2,1.4,ml,,,,0.64,ak,ak023761557r,2023-06-10T02:00:01.839Z,"1 km SSE of Fox River, Alaska",earthquake,,0.8,,,reviewed,ak,ak
2023-06-05T02:17:29.662Z,-40.0867,-16.7374,10,4.8,mb,29,115,29.954,0.49,us,us7000k6cm,2023-06-14T02:44:14.040Z,"southern Mid-Atlantic Ridge",earthquake,14.23,1.869,0.116,23,reviewed,us,us
2023-06-05T02:15:57.350Z,60.046,-153.101833333333,-1.25,-0.86,ml,4,221,,0.06,av,av91911246,2023-06-06T19:42:22.700Z,"63 km ENE of Pedro Bay, Alaska",earthquake,0.44,3.51,0.435208135873474,4,reviewed,av,av
2023-06-05T02:15:02.670Z,19.3974990844727,-155.324829101562,3.88000011444092,1.87,ml,33,64,,0.159999996,hv,hv73440177,2023-06-05T02:20:33.300Z,"10 km WSW of Volcano, Hawaii",earthquake,0.29,0.730000019,0.45,11,automatic,hv,hv
2023-06-05T02:12:36.120Z,38.8215,-122.8425,2.12,0.33,md,26,72,0.006054,0.02,nc,nc73897126,2023-06-06T23:44:12.567Z,"9km WNW of The Geysers, CA",earthquake,0.18,0.31,0.233,24,reviewed,nc,nc
2023-06-05T02:10:18.233Z,55.4397,-161.9767,163.5,2.3,ml,,,,0.57,ak,ak02376136zs,2023-06-15T00:07:29.456Z,"47 km NNE of King Cove, Alaska",earthquake,,0.8,,,reviewed,ak,ak
2023-06-05T02:09:45.108Z,12.7887,95.5011,10,4.6,mb,35,105,3.865,1.05,us,us7000k6bt,2023-06-05T13:23:29.565Z,"Andaman Islands, India region",earthquake,10.01,1.922,0.105,27,reviewed,us,us
2023-06-05T02:00:59.861Z,67.8186,-164.4195,13.4,2.4,ml,,,,0.47,ak,ak02376114v6,2023-06-10T02:00:06.049Z,"11 km NNE of Kivalina, Alaska",earthquake,,0.8,,,reviewed,ak,ak
2023-06-05T01:55:17.680Z,36.7868333,-121.3748333,4.87,1.28,md,25,83,0.06242,0.15,nc,nc73897121,2023-06-07T01:26:14.293Z,"3km SSW of Ridgemark, CA",earthquake,0.27,0.75,0.335,19,reviewed,nc,nc
2023-06-05T01:50:55.570Z,36.9598333,-121.5905,7.25,1.37,md,32,51,0.008144,0.14,nc,nc73897116,2023-06-06T22:40:11.165Z,"6km SSW of Gilroy, CA",earthquake,0.26,0.48,0.205,27,reviewed,nc,nc
2023-06-05T01:50:16.495Z,-40.2515,-16.8345,10,4.6,mb,16,87,32.274,0.52,us,us7000k7zk,2023-06-14T01:59:57.040Z,"southern Mid-Atlantic Ridge",earthquake,11.64,1.717,0.136,16,reviewed,us,us
2023-06-05T01:48:42.090Z,58.1726666666667,-155.353666666667,0.93,-0.43,ml,6,123,,0.05,av,av91911236,2023-06-06T19:07:46.200Z,"85 km NW of Karluk, Alaska",earthquake,0.19,1.09,0.123032272126135,6,reviewed,av,av
2023-06-05T01:47:42.982Z,61.7012,-151.9461,104.8,1.5,ml,,,,0.44,ak,ak023760pqm2,2023-06-10T02:00:05.816Z,"43 km SW of Skwentna, Alaska",earthquake,,1,,,reviewed,ak,ak
2023-06-05T01:43:55.803Z,12.6644,47.9116,10,4.6,mb,90,96,5.08,0.91,us,us7000k6bp,2023-06-05T02:04:04.040Z,"169 km N of Las Khorey, Somalia",earthquake,8.29,1.887,0.061,80,reviewed,us,us
2023-06-05T01:43:17.310Z,60.2633,-151.0363,57.1,1.9,ml,,,,0.68,ak,ak023760otqm,2023-06-10T02:00:01.558Z,"15 km ESE of Kasilof, Alaska",earthquake,,0.6,,,reviewed,ak,ak
2023-06-05T01:39:30.746Z,60.5529,-151.9285,80.1,1.1,ml,,,,0.42,ak,ak023760nzxu,2023-06-10T02:00:05.611Z,"34 km WSW of Salamatof, Alaska",earthquake,,1.5,,,reviewed,ak,ak
2023-06-05T01:21:31.990Z,34.0381667,-117.0025,13.06,1.23,ml,51,53,0.07817,0.12,ci,ci40478408,2023-06-05T21:20:20.450Z,"4km E of Yucaipa, CA",earthquake,0.16,0.44,0.228,24,reviewed,ci,ci
2023-06-05T01:12:50.800Z,58.1926666666667,-155.276,2.47,-0.29,ml,7,140,,0.08,av,av91911206,2023-06-06T18:53:46.840Z,"84 km NW of Karluk, Alaska",earthquake,0.22,0.41,0.169913348810019,7,reviewed,av,av
2023-06-05T01:12:27.330Z,13.6491,144.8872,138.689,4.5,mb,43,85,1.807,0.6,us,us7000k6bk,2023-06-05T12:11:36.980Z,"Guam region",earthquake,6.99,7.896,0.057,91,reviewed,us,us
2023-06-05T01:11:04.420Z,33.2905,-116.2323333,10.04,1.35,ml,64,26,0.09922,0.18,ci,ci40478400,2023-06-05T21:08:03.690Z,"14km ENE of Borrego Springs, CA",earthquake,0.15,0.45,0.125,28,reviewed,ci,ci
2023-06-05T01:03:04.140Z,19.5538330078125,-155.44416809082,17.4599990844727,1.89999998,md,29,134,,0.119999997,hv,hv73440122,2023-06-05T01:06:16.870Z,"25 km WNW of Volcano, Hawaii",earthquake,0.52,0.689999998,0.689999998,12,automatic,hv,hv
2023-06-05T00:59:31.716Z,61.0226,-151.8089,78.8,1.1,ml,,,,0.31,ak,ak0237606uqb,2023-06-10T02:00:05.414Z,"36 km W of Tyonek, Alaska",earthquake,,1.4,,,reviewed,ak,ak
2023-06-05T00:55:31.070Z,38.8138333,-122.7785,0.33,0.34,md,9,109,0.001801,0.02,nc,nc73897111,2023-06-06T07:05:15.368Z,"4km NNW of The Geysers, CA",earthquake,0.46,0.47,0.554,9,reviewed,nc,nc
2023-06-05T00:55:12.130Z,58.1921666666667,-155.275333333333,2.3,0.8,ml,13,53,,0.08,av,av91911186,2023-06-10T01:58:35.125Z,"84 km NW of Karluk, Alaska",earthquake,0.18,0.33,0.328829279101332,13,reviewed,av,av
2023-06-05T00:53:28.770Z,58.182,-155.304,2.18,-0.3,ml,7,101,,0.06,av,av91911181,2023-06-06T18:28:18.190Z,"84 km NW of Karluk, Alaska",earthquake,0.25,0.5,0.283535583704952,8,reviewed,av,av
2023-06-05T00:53:05.301Z,-56.7401,147.3783,10,4.6,mb,29,88,6.923,0.51,us,us7000k6bg,2023-06-15T21:53:18.040Z,"west of Macquarie Island",earthquake,10.95,1.844,0.119,21,reviewed,us,us
2023-06-05T00:47:20.115Z,31.6731878,-104.4925959,6.131567383,2.2,ml,18,70,0.008347554804,0.2,tx,tx2023kxgo,2023-06-05T21:20:41.361Z,"56 km S of Whites City, New Mexico",earthquake,1.369795146,0.8992679783,0.2,16,reviewed,tx,tx
2023-06-05T00:46:14.250Z,58.1748333333333,-155.2955,0.25,-0.36,ml,6,163,,0.07,av,av91911176,2023-06-06T18:25:35.440Z,"83 km NW of Karluk, Alaska",earthquake,0.34,1.99,0.389057749837399,6,reviewed,av,av
2023-06-05T00:44:23.800Z,58.1788333333333,-155.298333333333,2.06,0.26,ml,12,60,,0.09,av,av91780352,2023-06-05T04:38:40.580Z,"84 km NW of Karluk, Alaska",earthquake,0.16,0.37,0.215332182363541,12,reviewed,av,av
2023-06-05T00:38:24.274Z,60.4822,-152.5818,101.4,2.1,ml,,,,0.59,ak,ak0237602c15,2023-06-15T00:07:28.518Z,"69 km NW of Ninilchik, Alaska",earthquake,,0.6,,,reviewed,ak,ak
2023-06-05T00:37:53.711Z,-56.7049,147.5903,10,5.3,mww,82,45,13.811,0.62,us,us7000k6bc,2023-06-15T21:49:07.040Z,"west of Macquarie Island",earthquake,10.77,1.733,0.093,11,reviewed,us,us
2023-06-05T00:37:47.994Z,-22.692,170.9225,35,4.5,mb,16,158,3.212,0.71,us,us7000k7zn,2023-06-15T20:49:47.040Z,"southeast of the Loyalty Islands",earthquake,9.42,1.909,0.192,8,reviewed,us,us
2023-06-05T00:32:22.970Z,38.7926674,-122.7621689,2.25,0.75,md,7,104,0.02514,0.02,nc,nc73897106,2023-06-05T00:51:15.150Z,"2km NNW of The Geysers, CA",earthquake,0.49,2.05,0.11,7,automatic,nc,nc
2023-06-05T00:26:38.200Z,18.6993333333333,-64.9838333333333,20.18,3.42,md,17,247,0.3461,0.14,pr,pr71412378,2023-06-05T00:41:49.970Z,"39 km N of Charlotte Amalie, U.S. Virgin Islands",earthquake,0.71,12.35,0.123864357388862,6,reviewed,pr,pr
2023-06-05T00:22:45.280Z,38.772,-122.7136667,1.81,0.47,md,16,63,0.01188,0.03,nc,nc73897101,2023-06-06T05:33:15.833Z,"2km W of Anderson Springs, CA",earthquake,0.23,0.28,0.21,11,reviewed,nc,nc
2023-06-05T00:14:51.690Z,36.776,-115.9084,5.9,0.5,ml,24,123.95,0.036,0.1531,nn,nn00860850,2023-06-05T21:42:47.338Z,"31 km NW of Indian Springs, Nevada",earthquake,,1,0.29,11,reviewed,nn,nn
2023-06-05T00:13:11.580Z,38.8345,-122.8175,1.69,1.39,md,44,50,0.01251,0.06,nc,nc73897096,2023-06-07T00:35:15.858Z,"8km NW of The Geysers, CA",earthquake,0.15,0.22,0.16,37,reviewed,nc,nc
2023-06-04T23:57:57.700Z,49.02316666666667,-122.517,12.18,2.06,ml,22,200,0.09491,0.22,uw,uw61930541,2023-06-05T17:39:59.420Z,"5 km SW of Aldergrove, Canada",earthquake,0.59,0.87,0.13468187250318664,20,reviewed,uw,uw
2023-06-04T23:54:39.123Z,60.6444,-146.6112,16.8,0.6,ml,,,,0.65,ak,ak02374qbdlc,2023-06-09T16:34:15.957Z,"24 km S of Tatitlek, Alaska",earthquake,,0.4,,,reviewed,ak,ak
2023-06-04T23:40:42.498Z,59.8937,-153.2442,130.9,1.6,ml,,,,0.3,ak,ak02374q8edi,2023-06-09T16:34:15.763Z,"Southern Alaska",earthquake,,0.8,,,reviewed,ak,ak
2023-06-04T23:37:12.810Z,33.6403333,-116.7001667,14.03,1.08,ml,40,39,0.07078,0.16,ci,ci40478352,2023-06-05T13:24:12.670Z,"10km NNW of Anza, CA",earthquake,0.22,0.34,0.173,27,reviewed,ci,ci
2023-06-04T23:37:10.983Z,10.3545,126.8436,10,4.4,mb,17,146,3.495,0.55,us,us7000k7fb,2023-06-15T04:51:34.040Z,"95 km ENE of Santa Monica, Philippines",earthquake,13.6,1.935,0.162,11,reviewed,us,us
2023-06-04T23:36:18.765Z,62.7853,-141.2358,8.3,1.4,ml,,,,0.44,ak,ak02374q7iqh,2023-06-12T21:53:23.896Z,"13 km NNW of Alcan Border, Alaska",earthquake,,0.4,,,reviewed,ak,ak
2023-06-04T23:30:25.900Z,33.492,-116.54,9.27,0.89,ml,33,51,0.05205,0.17,ci,ci40478344,2023-06-05T13:24:22.450Z,"14km ESE of Anza, CA",earthquake,0.23,0.55,0.13,24,reviewed,ci,ci
2023-06-04T23:30:24.938Z,-17.4244,-174.2043,113.002,4.1,mb,12,112,2.392,0.87,us,us7000k7fa,2023-06-15T04:25:23.040Z,"137 km N of Neiafu, Tonga",earthquake,6.69,9.432,0.197,7,reviewed,us,us
2023-06-04T23:23:21.550Z,60.1748,-151.9134,88.2,1.2,ml,,,,0.79,ak,ak02374q4q22,2023-06-09T16:34:15.369Z,"19 km NW of Ninilchik, Alaska",earthquake,,1,,,reviewed,ak,ak
2023-06-04T23:20:58.720Z,33.45,-116.578,10.97,0.72,ml,34,55,0.04896,0.12,ci,ci40478336,2023-06-08T20:11:04.931Z,"15km SE of Anza, CA",earthquake,0.16,0.38,0.19,16,reviewed,ci,ci
2023-06-04T23:17:11.100Z,58.1868333333333,-155.308333333333,1.27,1.11,ml,8,100,,0.04,av,av91106743,2023-06-06T16:25:51.610Z,"Alaska Peninsula",earthquake,0.23,0.77,0.34150148492148,9,reviewed,av,av
2023-06-04T23:16:09.250Z,19.6966,-65.7298,16,3.76,md,11,250,1.4319,0.37,pr,pr2023155001,2023-06-04T23:42:08.293Z,"140 km N of Suárez, Puerto Rico",earthquake,2.5,6.19,0.04,6,reviewed,pr,pr
2023-06-04T23:14:09.090Z,35.0345,-117.6786667,0.26,1.4,ml,20,47,0.1009,0.19,ci,ci40478328,2023-06-06T20:56:37.003Z,"5km NW of Boron, CA",quarry blast,0.49,31.61,0.143,16,reviewed,ci,ci
2023-06-04T23:12:20.920Z,18.843,-67.3251666666667,9.88,3.35,md,13,278,0.3861,0.21,pr,pr71412353,2023-06-04T23:24:09.490Z,"45 km NNW of San Antonio, Puerto Rico",earthquake,0.8,0.44,0.0740890665816987,7,reviewed,pr,pr
2023-06-04T23:10:25.370Z,34.034,-116.9995,12.25,2.24,ml,110,20,0.07948,0.16,ci,ci40478320,2023-06-08T20:06:48.250Z,"4km E of Yucaipa, CA",earthquake,0.1,0.3,0.154,96,reviewed,ci,ci
2023-06-04T23:06:01.747Z,64.7749,-150.9321,12.6,1.2,ml,,,,0.84,ak,ak02374q11vm,2023-06-09T16:34:15.159Z,"28 km SSW of Manley Hot Springs, Alaska",earthquake,,0.2,,,reviewed,ak,ak
2023-06-04T22:52:23.885Z,61.2186,-147.0404,1.5,1.5,ml,,,,0.85,ak,ak02374ppiy4,2023-06-09T16:34:14.939Z,"38 km WNW of Valdez, Alaska",earthquake,,0.2,,,reviewed,ak,ak
2023-06-04T22:46:48.786Z,61.0457,-149.752,35,1,ml,,,,0.67,ak,ak02374poahs,2023-06-09T16:34:14.741Z,"15 km NNW of Hope, Alaska",earthquake,,0.5,,,reviewed,ak,ak
2023-06-04T22:45:17.620Z,58.2631666666667,-155.148333333333,5.61,0.4,ml,9,122,,0.19,av,av91106783,2023-06-07T23:22:06.960Z,"87 km NNW of Karluk, Alaska",earthquake,0.66,0.84,0.282148098769187,9,reviewed,av,av
2023-06-04T22:36:02.797Z,57.9361,-156.1453,129.2,2.2,ml,,,,0.35,ak,ak02374pm1uw,2023-06-15T04:03:01.040Z,"79 km ESE of Egegik, Alaska",earthquake,,0.6,,,reviewed,ak,ak
2023-06-04T22:34:42.520Z,19.1518333333333,-65.3295,24.63,3.23,md,11,266,0.8411,0.22,pr,pr71412343,2023-06-04T23:01:52.840Z,"94 km N of Culebra, Puerto Rico",earthquake,1.22,18.28,0.09269124653335,6,reviewed,pr,pr
2023-06-04T22:27:21.130Z,38.8475,-122.8041667,2.23,-0.46,md,3,271,0.0141,0.01,nc,nc73897086,2023-06-06T09:41:05.244Z,"8km WNW of Cobb, CA",earthquake,2.47,1.23,0.077,2,reviewed,nc,nc
2023-06-04T22:26:58.780Z,58.1758333333333,-155.2985,1.1,0.4,ml,7,163,,0.05,av,av91106758,2023-06-09T16:33:06.675Z,"84 km NW of Karluk, Alaska",earthquake,0.27,1.09,0.271209642644259,7,reviewed,av,av
2023-06-04T22:24:50.760Z,47.281166666666664,-122.2605,19.13,1.28,ml,26,67,0.02858,0.2,uw,uw61930526,2023-06-05T17:17:02.500Z,"0 km WNW of Algona, Washington",earthquake,0.41,0.77,0.1426243416923978,13,reviewed,uw,uw
2023-06-04T22:23:01.270Z,58.165,-155.374666666667,0.29,0.72,ml,7,119,,0.05,av,av91106738,2023-06-06T15:51:17.900Z,"85 km NW of Karluk, Alaska",earthquake,0.22,2.31,0.181990593560843,7,reviewed,av,av
2023-06-04T22:10:32.036Z,25.1786,128.2935,10,5.1,mb,84,67,1.651,0.45,us,us7000k6at,2023-06-15T03:56:33.040Z,"",earthquake,6.97,1.83,0.039,209,reviewed,us,us
2023-06-04T21:57:49.649Z,61.3853,-147.744,12.8,1.2,ml,,,,0.79,ak,ak02374p57um,2023-06-09T16:34:14.300Z,"47 km S of Glacier View, Alaska",earthquake,,0.4,,,reviewed,ak,ak
2023-06-04T21:46:33.385Z,-20.6936,-68.907,109.249,4.1,mb,29,52,0.596,0.52,us,us7000k6aq,2023-06-15T03:46:23.040Z,"87 km ESE of La Tirana, Chile",earthquake,5.16,6.763,0.185,8,reviewed,us,us
2023-06-04T21:44:44.240Z,38.8188324,-122.8225021,2.38,0.75,md,14,111,0.01068,0.02,nc,nc73897076,2023-06-04T22:01:12.215Z,"7km NW of The Geysers, CA",earthquake,0.36,0.81,0.33,14,automatic,nc,nc
2023-06-04T21:44:15.872Z,64.6035,-160.2852,9.3,1.2,ml,,,,0.65,ak,ak02374p2d3c,2023-06-12T21:53:24.280Z,"51 km ENE of Shaktoolik, Alaska",earthquake,,0.8,,,reviewed,ak,ak
2023-06-04T21:38:39.339Z,59.5913,-152.1455,64.2,1.5,ml,,,,0.74,ak,ak02374p14ew,2023-06-09T16:34:14.085Z,"27 km SW of Anchor Point, Alaska",earthquake,,0.7,,,reviewed,ak,ak
2023-06-04T21:31:00.039Z,58.2436,-155.1428,2.3,1.3,ml,,,,0.62,ak,ak02374ozjg8,2023-06-09T16:34:13.895Z,"Alaska Peninsula",earthquake,,0.2,,,reviewed,ak,ak
2023-06-04T21:25:28.205Z,60.7188,-151.4323,68.5,1.3,ml,,,,0.48,ak,ak02374oybct,2023-06-09T16:34:13.673Z,"8 km WNW of Nikiski, Alaska",earthquake,,0.8,,,reviewed,ak,ak
2023-06-04T21:25:22.350Z,38.7893333,-122.7613297,1.81,1.11,md,18,62,0.01135,0.03,nc,nc73897071,2023-06-04T21:59:11.204Z,"1km NNW of The Geysers, CA",earthquake,0.26,0.46,0.15,19,automatic,nc,nc
2023-06-04T21:22:37.180Z,38.783165,-122.7093353,3.34,1.07,md,8,119,0.0169,0.01,nc,nc73897066,2023-06-04T21:39:15.107Z,"2km WNW of Anderson Springs, CA",earthquake,0.79,1.83,0.06,8,automatic,nc,nc
2023-06-04T21:14:07.930Z,46.8601666666667,-112.530666666667,10.1,0.89,ml,11,102,0.05056,0.09,mb,mb90016778,2023-06-05T13:56:30.660Z,"15 km SE of Lincoln, Montana",earthquake,0.36,0.68,0.139288968586706,3,reviewed,mb,mb
2023-06-04T21:11:32.715Z,63.2581,-149.8965,94.5,1.1,ml,,,,0.46,ak,ak02374ovbp0,2023-06-09T16:34:13.453Z,"49 km WSW of Cantwell, Alaska",earthquake,,0.6,,,reviewed,ak,ak
2023-06-04T21:10:13.930Z,-8.1556,122.0958,212.37,4,mb,22,142,0.497,0.63,us,us7000k7f8,2023-06-15T03:35:44.040Z,"Flores region, Indonesia",earthquake,8.61,5.32,0.15,13,reviewed,us,us
2023-06-04T20:45:25.691Z,61.4344,-151.5843,80,1.1,ml,,,,0.51,ak,ak02374oh5uh,2023-06-09T16:34:16.516Z,"42 km NW of Beluga, Alaska",earthquake,,1.3,,,reviewed,ak,ak
2023-06-04T20:39:09.264Z,38.3401,93.6396,10,4.4,mb,68,62,8.375,0.96,us,us7000k6al,2023-06-11T15:48:15.040Z,"221 km SSW of Dunhuang, China",earthquake,4.75,1.886,0.075,51,reviewed,us,us
2023-06-04T20:36:58.983Z,62.9135,-150.4123,91.5,1.4,ml,,,,0.58,ak,ak02374ofay0,2023-06-09T16:34:13.231Z,"49 km NNE of Petersville, Alaska",earthquake,,0.5,,,reviewed,ak,ak
2023-06-04T20:35:51.880Z,35.5728333333333,-82.8621666666667,2.19,2.23,md,18,77,0.1045,0.22,se,se60500798,2023-06-05T20:34:30.733Z,"3 km N of West Canton, North Carolina",earthquake,0.74,2.49,0.073572794953773,16,reviewed,se,se
2023-06-04T20:22:58.190Z,38.2308333,-112.8641667,7.33,0.64,md,8,181,0.1635,0.08,uu,uu60541641,2023-06-05T16:22:23.740Z,"5 km ENE of Minersville, Utah",earthquake,0.66,3.49,0.147,4,reviewed,uu,uu
2023-06-04T20:20:08.316Z,62.2406,-152.2861,113.8,1.1,ml,,,,0.38,ak,ak02374obrlr,2023-06-09T16:34:16.328Z,"54 km WNW of Skwentna, Alaska",earthquake,,1.5,,,reviewed,ak,ak
2023-06-04T20:12:59.571Z,62.7576,-148.8439,9.2,0.8,ml,,,,0.92,ak,ak02374oa5uq,2023-06-09T16:34:13.021Z,"70 km S of Cantwell, Alaska",earthquake,,0.3,,,reviewed,ak,ak
2023-06-04T20:09:46.860Z,38.8064995,-122.770668,0.64,1.07,md,16,82,0.01033,0.03,nc,nc73897051,2023-06-04T20:26:13.637Z,"4km NNW of The Geysers, CA",earthquake,0.22,0.4,0.18,16,automatic,nc,nc
2023-06-04T20:08:33.080Z,35.7731667,-117.5923333,7.02,1.99,ml,33,66,0.1362,0.11,ci,ci40478256,2023-06-06T20:50:39.300Z,"17km W of Searles Valley, CA",earthquake,0.14,0.39,0.101,23,reviewed,ci,ci
2023-06-04T20:06:28.521Z,18.6635,-74.2567,10,4.2,mb,33,74,1.493,1.03,us,us7000k6ag,2023-06-11T15:45:42.899Z,"5 km ENE of Les Abricots, Haiti",earthquake,3.3,1.909,0.175,9,reviewed,us,us
2023-06-04T19:54:30.600Z,46.8021666666667,-112.753,2.06,1.49,ml,15,66,0.1248,0.09,mb,mb90016773,2023-06-05T13:51:34.760Z,"17 km SSW of Lincoln, Montana",earthquake,0.31,0.89,0.160028964287762,8,reviewed,mb,mb
2023-06-04T19:42:37.649Z,62.1445,-152.1131,104.9,1.4,ml,,,,0.46,ak,ak02374nv41v,2023-06-09T16:34:12.790Z,"41 km WNW of Skwentna, Alaska",earthquake,,0.5,,,reviewed,ak,ak
2023-06-04T19:32:09.780Z,33.3285,-116.1738333,11.47,0.67,ml,28,53,0.1186,0.16,ci,ci40478240,2023-06-08T18:42:13.359Z,"17km SSW of Oasis, CA",earthquake,0.24,0.51,0.077,6,reviewed,ci,ci
2023-06-04T19:27:02.630Z,58.1868333333333,-155.264833333333,1.59,0.04,ml,5,142,,0.03,av,av91106728,2023-06-07T23:27:09.700Z,"83 km NW of Karluk, Alaska",earthquake,0.35,1.18,0.266773636312708,5,reviewed,av,av
2023-06-04T19:24:23.110Z,38.8146667,-122.8123322,2.51,1.08,md,15,47,0.008892,0.02,nc,nc73897036,2023-06-04T19:49:14.374Z,"6km NW of The Geysers, CA",earthquake,0.3,0.78,0.28,16,automatic,nc,nc
2023-06-04T19:13:46.104Z,61.4852,-150.1283,34.6,0.9,ml,,,,0.68,ak,ak02374nowul,2023-06-09T16:34:12.580Z,"10 km WSW of Big Lake, Alaska",earthquake,,1,,,reviewed,ak,ak
2023-06-04T19:05:45.166Z,37.2592,-117.8576,8.3,1.2,ml,9,109.11,0.171,0.2394,nn,nn00860840,2023-06-04T22:17:23.131Z,"39 km ENE of Big Pine, California",earthquake,,1.7,0.82,7,reviewed,nn,nn
2023-06-04T18:51:56.320Z,38.4216667,-119.5776667,0.2,2.25,md,18,59,0.1205,0.04,nc,nc73897021,2023-06-06T23:53:14.616Z,"13km SW of Walker, CA",earthquake,0.18,1.8,0.297,40,reviewed,nc,nc
2023-06-04T18:51:27.370Z,35.8753333,-117.7248333,9.39,0.63,ml,19,59,0.07415,0.14,ci,ci40478208,2023-06-06T20:38:29.907Z,"18km ESE of Little Lake, CA",earthquake,0.28,0.67,0.19,9,reviewed,ci,ci
2023-06-04T18:47:48.310Z,38.806,-122.769,0.6,2.3,md,61,32,0.009026,0.06,nc,nc73897016,2023-06-07T00:06:13.693Z,"3km NNW of The Geysers, CA",earthquake,0.12,0.17,0.177,62,reviewed,nc,nc
2023-06-04T18:47:06.448Z,59.5519,-152.9668,91.1,2.5,ml,,,,0.77,ak,ak02374naoji,2023-06-11T15:38:02.040Z,"63 km WNW of Nanwalek, Alaska",earthquake,,0.3,,,reviewed,ak,ak
2023-06-04T18:46:03.540Z,38.8071671,-122.7720032,0.56,0.74,md,8,80,0.009111,0.02,nc,nc73897011,2023-06-04T19:02:14.048Z,"4km NNW of The Geysers, CA",earthquake,0.36,0.63,0.07,9,automatic,nc,nc
2023-06-04T18:44:02.750Z,58.1723333333333,-155.343833333333,-0.39,0.37,ml,7,120,,0.06,av,av91106753,2023-06-07T23:26:13.300Z,"85 km NW of Karluk, Alaska",earthquake,0.24,4.06,0.236438325805149,7,reviewed,av,av
2023-06-04T18:43:28.872Z,57.2148,-152.6658,35.8,2,ml,,,,0.75,ak,ak02374n9vh6,2023-06-12T21:53:23.696Z,"",earthquake,,2.3,,,reviewed,ak,ak
2023-06-04T18:42:51.359Z,37.2704,-117.5915,7.8,1.4,ml,11,99.53,0.057,0.1821,nn,nn00860835,2023-06-04T22:10:56.962Z,"California-Nevada border region",earthquake,,2.3,0.98,6,reviewed,nn,nn
2023-06-04T18:26:46.850Z,36.4282,-115.9126,2.2,1.7,ml,18,192.21,0.237,0.1135,nn,nn00860833,2023-06-04T22:07:40.871Z,"25 km NNE of Pahrump, Nevada",earthquake,,15.9,0.24,7,reviewed,nn,nn
2023-06-04T18:10:23.070Z,38.8078346,-122.7718353,0.61,0.29,md,8,124,0.008783,0.01,nc,nc73897006,2023-06-04T18:43:14.936Z,"4km NNW of The Geysers, CA",earthquake,0.49,0.59,0.09,8,automatic,nc,nc
2023-06-04T18:09:02.316Z,-20.475,-69.2624,114.909,4.4,mb,13,109,0.348,0.42,us,us7000k6a1,2023-06-11T15:36:58.688Z,"",earthquake,4.43,6.169,0.268,4,reviewed,us,us
2023-06-04T18:05:58.789Z,39.6114,-119.9636,6.5,1.1,ml,8,174.77,0.004,0.1516,nn,nn00860848,2023-06-04T22:29:47.662Z,"",earthquake,,1.3,0.12,3,reviewed,nn,nn
2023-06-04T18:05:09.520Z,38.8003349,-122.7568359,3.67,0.72,md,9,94,0.02532,0.01,nc,nc73897001,2023-06-04T18:06:45.530Z,"3km N of The Geysers, CA",earthquake,0.64,2.04,0.27,9,automatic,nc,nc
2023-06-04T18:03:34.020Z,38.8038333,-122.7845,0.94,1.3,md,40,31,0.009396,0.04,nc,nc73896996,2023-06-06T23:38:13.528Z,"4km NW of The Geysers, CA",earthquake,0.12,0.21,0.22,36,reviewed,nc,nc
2023-06-04T18:02:35.740Z,38.8045006,-122.7845001,0.94,1.1,md,24,59,0.009123,0.03,nc,nc73896991,2023-06-04T18:50:10.965Z,"4km NW of The Geysers, CA",earthquake,0.17,0.33,0.2,25,automatic,nc,nc
2023-06-04T17:53:00.780Z,38.8323326,-122.8183365,1.98,0.77,md,12,66,0.01101,0.01,nc,nc73896986,2023-06-04T18:12:14.753Z,"8km NW of The Geysers, CA",earthquake,0.29,1.01,0.25,13,automatic,nc,nc
2023-06-04T17:46:11.360Z,38.8371658,-122.8034973,2.74,0.84,md,8,118,0.01468,0.02,nc,nc73896981,2023-06-04T18:02:15.703Z,"7km WNW of Cobb, CA",earthquake,0.58,1.87,0.28,8,automatic,nc,nc
2023-06-04T17:37:03.927Z,51.0742,-179.272,35,3.1,ml,13,219,0.947,0.91,us,us7000k7g8,2023-06-13T14:50:01.040Z,"203 km WSW of Adak, Alaska",earthquake,2.98,2.014,0.115,10,reviewed,us,us
2023-06-04T17:27:07.678Z,51.5854,-176.7788,30.483,3.8,ml,14,208,0.303,0.8,us,us7000k7g5,2023-06-13T14:42:58.040Z,"33 km SSW of Adak, Alaska",earthquake,5.8,10.549,0.115,10,reviewed,us,us
2023-06-04T17:26:52.640Z,36.1003333,-120.6758333,2.72,1.02,md,23,131,0.05948,0.11,nc,nc73896976,2023-06-06T18:09:15.071Z,"22km ENE of San Ardo, CA",earthquake,0.41,0.96,0.313,15,reviewed,nc,nc
2023-06-04T17:23:14.266Z,58.2569,-155.1361,0.9,1.1,ml,,,,0.58,ak,ak02374mk4d7,2023-06-12T21:53:23.310Z,"86 km NNW of Karluk, Alaska",earthquake,,0.9,,,reviewed,ak,ak
2023-06-04T17:08:37.874Z,31.60100146,-103.9668833,8.445288086,2.1,ml,15,60,0.009857222532,0.1,tx,tx2023kwrm,2023-06-06T21:46:09.670Z,"35 km NNW of Toyah, Texas",earthquake,0.6107775455999999,0.5835859478,0.1,12,reviewed,tx,tx
2023-06-04T17:06:16.870Z,37.0598333,-120.858,5.73,1.92,md,38,83,0.07463,0.15,nc,nc73896971,2023-06-07T13:39:15.449Z,"1km WNW of Los Banos, CA",earthquake,0.32,0.52,0.18,45,reviewed,nc,nc
2023-06-04T17:02:45.590Z,62.7725,-150.5466,9.3,0.7,ml,,,,0.84,ak,ak02374mfopa,2023-06-09T16:34:11.464Z,"32 km NNE of Petersville, Alaska",earthquake,,0.4,,,reviewed,ak,ak
2023-06-04T16:59:18.763Z,61.5411,-151.0993,64.8,1.4,ml,,,,0.72,ak,ak02374m6ewx,2023-06-09T16:34:11.213Z,"31 km W of Susitna, Alaska",earthquake,,0.4,,,reviewed,ak,ak
2023-06-04T16:55:58.710Z,40.2393333,-121.1436667,6.99,2.17,md,24,78,0.008462,0.17,nc,nc73896966,2023-06-06T11:37:12.099Z,"4km NNE of Prattville, CA",earthquake,0.39,0.5,0.157,29,reviewed,nc,nc
2023-06-04T16:51:05.620Z,46.8885,-121.9225,8.45,0.28,ml,13,142,0.02092,0.09,uw,uw61930476,2023-06-05T04:57:58.480Z,"16 km NNE of Ashford, Washington",earthquake,0.51,0.44,0.0594423079729578,6,reviewed,uw,uw
2023-06-04T16:49:04.790Z,34.2526667,-119.7505,-0.35,1.64,ml,19,155,0.1899,0.23,ci,ci40478152,2023-06-08T18:33:59.287Z,"19km SSW of Santa Barbara, CA",earthquake,0.45,0.77,0.142,13,reviewed,ci,ci
2023-06-04T16:41:44.370Z,34.239,-119.7366667,-0.05,3.08,ml,40,122,0.1945,0.27,ci,ci40478144,2023-06-06T04:33:54.764Z,"21km S of Santa Barbara, CA",earthquake,0.34,0.71,0.146,50,reviewed,ci,ci
2023-06-04T16:41:43.011Z,36.7782,-115.9496,9.3,-0.2,ml,12,214.03,0.058,0.1024,nn,nn00860849,2023-06-04T22:32:57.487Z,"34 km NW of Indian Springs, Nevada",earthquake,,1.5,0.09,4,reviewed,nn,nn
2023-06-04T16:37:35.360Z,34.2443333,-119.7366667,-0.35,1.82,ml,20,123,0.1968,0.22,ci,ci40478136,2023-06-08T18:06:31.057Z,"20km S of Santa Barbara, CA",earthquake,0.41,0.68,0.104,15,reviewed,ci,ci
2023-06-04T16:13:49.830Z,38.8376656,-122.8073349,1.82,0.73,md,9,60,0.01329,0.03,nc,nc73896951,2023-06-04T16:48:15.249Z,"8km WNW of Cobb, CA",earthquake,0.42,1.48,0.44,9,automatic,nc,nc
2023-06-04T16:12:18.880Z,58.1723333333333,-155.341666666667,-0.41,0.51,ml,9,81,,0.07,av,av91106718,2023-06-06T15:34:07.500Z,"85 km NW of Karluk, Alaska",earthquake,0.24,4.31,0.267859325911795,9,reviewed,av,av
2023-06-04T15:55:33.820Z,39.5451667,-123.185,9.04,1.95,md,22,114,0.01799,0.12,nc,nc73896946,2023-06-06T07:29:11.491Z,"21km ENE of Brooktrails, CA",earthquake,0.27,0.36,0.162,33,reviewed,nc,nc
2023-06-04T15:52:20.990Z,36.4926666666667,-89.5518333333333,8.5,1.31,md,13,64,0.04692,0.09,nm,nm60500793,2023-06-05T14:43:45.610Z,"6 km ESE of Marston, Missouri",earthquake,0.25,0.67,0.0590073860739191,8,reviewed,nm,nm
2023-06-04T15:51:36.170Z,38.8069992,-122.7711639,0.64,0.88,md,11,81,0.009716,0.02,nc,nc73896941,2023-06-04T16:26:15.235Z,"4km NNW of The Geysers, CA",earthquake,0.29,0.57,0.2,12,automatic,nc,nc
2023-06-04T15:51:13.900Z,36.4381666666667,-89.5293333333333,9.61,1.67,md,28,40,0.05573,0.07,nm,nm60527531,2023-06-05T12:45:36.550Z,"8 km NW of Tiptonville, Tennessee",earthquake,0.14,0.38,0.167464471142101,20,reviewed,nm,nm
2023-06-04T15:40:31.370Z,38.8081665,-122.7738342,0.87,0.28,md,8,116,0.007383,0.02,nc,nc73896931,2023-06-04T16:03:15.963Z,"4km NNW of The Geysers, CA",earthquake,0.36,0.76,0.08,8,automatic,nc,nc
2023-06-04T15:40:03.421Z,63.0205,-150.9888,111.2,1.3,ml,,,,0.44,ak,ak02374lgviy,2023-06-09T15:40:47.327Z,"59 km N of Petersville, Alaska",earthquake,,0.5,,,reviewed,ak,ak
2023-06-04T15:37:09.360Z,39.3285,-123.1636667,6.86,1.49,md,18,61,0.05282,0.09,nc,nc73896926,2023-06-06T19:15:16.003Z,"8km NNE of Redwood Valley, CA",earthquake,0.27,0.86,0.105,18,reviewed,nc,nc
2023-06-04T15:35:28.099Z,56.3515,-157.5922,86.3,2.8,ml,,,,0.72,ak,ak02374lfutm,2023-06-09T15:40:47.042Z,"50 km E of Chignik, Alaska",earthquake,,0.9,,,reviewed,ak,ak
2023-06-04T15:28:01.339Z,59.7744,-152.5137,85.7,1.7,ml,,,,0.47,ak,ak02374leapr,2023-06-09T15:40:46.798Z,"38 km W of Anchor Point, Alaska",earthquake,,0.4,,,reviewed,ak,ak
2023-06-04T15:20:31.270Z,58.1913333333333,-155.265833333333,2.89,0.28,ml,7,138,,0.09,av,av91106748,2023-06-06T16:33:05.630Z,"84 km NW of Karluk, Alaska",earthquake,0.42,0.94,0.300211956008668,7,reviewed,av,av
2023-06-04T15:20:20.430Z,62.5544,-149.4647,5.6,1,ml,,,,0.81,ak,ak02374lcmic,2023-06-09T15:40:46.589Z,"34 km ENE of Chase, Alaska",earthquake,,0.3,,,reviewed,ak,ak
2023-06-04T15:18:15.800Z,33.4276667,-116.3768333,13.05,0.86,ml,27,108,0.1038,0.14,ci,ci40477936,2023-06-08T17:53:04.710Z,"19km N of Borrego Springs, CA",earthquake,0.27,0.84,0.145,17,reviewed,ci,ci
2023-06-04T15:17:54.684Z,-24.9871,179.5295,488.928,4,mb,20,111,4.826,1.1,us,us7000k7f7,2023-06-17T13:30:56.040Z,"south of the Fiji Islands",earthquake,14.88,10.655,0.122,18,reviewed,us,us
2023-06-04T15:08:17.870Z,33.7671667,-116.9065,11.64,0.55,ml,12,105,0.08117,0.13,ci,ci40477920,2023-06-04T18:14:29.127Z,"2km NNW of Valle Vista, CA",earthquake,0.41,0.62,0.069,7,reviewed,ci,ci
2023-06-04T14:55:27.359Z,1.69,125.6619,104.191,4.9,mb,85,75,1.933,0.88,us,us7000k69i,2023-06-04T15:15:39.040Z,"65 km ENE of Bitung, Indonesia",earthquake,5.56,6.563,0.065,73,reviewed,us,us
2023-06-04T14:55:25.000Z,38.7783333,-122.7568333,1.51,1.1,md,46,42,0.01031,0.06,nc,nc73896921,2023-06-07T07:34:18.248Z,"0km NNW of The Geysers, CA",earthquake,0.13,0.21,0.212,38,reviewed,nc,nc
2023-06-04T14:55:04.260Z,46.851,-121.75966666666666,1.51,0.27,ml,17,87,0.02285,0.08,uw,uw61930456,2023-06-05T04:32:20.990Z,"Washington",earthquake,0.2,0.41,0.18351888637687752,8,reviewed,uw,uw
2023-06-04T14:54:48.160Z,61.5503,-146.6552,16.7,1.3,ml,,,,0.68,ak,ak02374kyjcc,2023-06-09T15:40:46.331Z,"49 km NNW of Valdez, Alaska",earthquake,,0.3,,,reviewed,ak,ak
2023-06-04T14:50:13.132Z,59.5281,-152.7035,88.1,2,ml,,,,0.59,ak,ak02374kxlqu,2023-06-09T15:40:46.065Z,"48 km WNW of Nanwalek, Alaska",earthquake,,0.4,,,reviewed,ak,ak
2023-06-04T14:45:01.619Z,52.7355,-174.5543,140.463,3,ml,14,177,0.4,0.72,us,us7000k7fy,2023-06-17T13:14:38.040Z,"Andreanof Islands, Aleutian Islands, Alaska",earthquake,14.22,16.175,0.128,8,reviewed,us,us
2023-06-04T14:37:34.330Z,38.8286667,-122.811,1.55,1.26,md,46,34,0.005313,0.04,nc,nc73896916,2023-06-07T07:05:21.058Z,"7km NW of The Geysers, CA",earthquake,0.1,0.16,0.149,40,reviewed,nc,nc
2023-06-04T14:36:04.780Z,38.8065,-122.7711667,0.53,1.47,md,50,30,0.01004,0.05,nc,nc73896911,2023-06-07T05:43:12.608Z,"4km NNW of The Geysers, CA",earthquake,0.1,0.17,0.157,46,reviewed,nc,nc
2023-06-04T14:16:19.320Z,58.2487,-155.1362,3.3,1.4,ml,,,,0.17,ak,ak02374kqbzu,2023-06-09T15:40:45.876Z,"85 km NNW of Karluk, Alaska",earthquake,,0.3,,,reviewed,ak,ak
2023-06-04T14:14:04.185Z,58.1875,-155.2798,2.6,1.4,ml,,,,0.42,ak,ak02374kpvdd,2023-06-09T15:40:45.690Z,"84 km NW of Karluk, Alaska",earthquake,,0.3,,,reviewed,ak,ak
2023-06-04T14:13:24.216Z,58.2368,-155.1852,4.7,1.1,ml,,,,0.67,ak,ak02374kpp7o,2023-06-09T15:40:45.498Z,"86 km NNW of Karluk, Alaska",earthquake,,0.2,,,reviewed,ak,ak
2023-06-04T14:11:44.740Z,33.992,-116.569,9.68,0.86,ml,47,57,0.05638,0.17,ci,ci40477904,2023-06-08T17:44:54.480Z,"6km S of Morongo Valley, CA",earthquake,0.2,0.42,0.143,22,reviewed,ci,ci
2023-06-04T14:08:24.122Z,53.671,-165.5745,53.5,1.6,ml,,,,0.13,ak,ak02374komlf,2023-06-12T21:17:59.639Z,"53 km SSE of Akutan, Alaska",earthquake,,2.8,,,reviewed,ak,ak
2023-06-04T14:06:15.950Z,38.7926667,-122.7991667,2.02,-0.09,md,12,73,0.0053,0.03,nc,nc73896906,2023-06-06T05:02:39.180Z,"4km WNW of The Geysers, CA",earthquake,0.22,0.24,0.195,12,reviewed,nc,nc
2023-06-04T14:01:51.153Z,37.2861,-117.5785,6.3,1.5,ml,13,76.96,0.076,0.1531,nn,nn00860830,2023-06-04T16:03:39.774Z,"52 km S of Silver Peak, Nevada",earthquake,,1.6,0.69,7,reviewed,nn,nn
2023-06-04T14:00:19.267Z,62.3843,-152.2468,118,1.9,ml,,,,0.6,ak,ak02374kmwip,2023-06-09T15:40:45.218Z,"62 km NW of Skwentna, Alaska",earthquake,,0.6,,,reviewed,ak,ak
2023-06-04T13:59:38.040Z,38.836834,-122.8088303,1.87,0.69,md,8,92,0.01345,0.02,nc,nc73896901,2023-06-04T14:16:13.297Z,"8km WNW of Cobb, CA",earthquake,0.49,1.66,0.12,8,automatic,nc,nc
2023-06-04T13:59:13.727Z,37.2204,142.2909,35,4.5,mb,46,138,3.342,0.93,us,us7000k69f,2023-06-04T14:44:13.040Z,"off the east coast of Honshu, Japan",earthquake,7.89,1.902,0.096,32,reviewed,us,us
2023-06-04T13:55:24.062Z,38.4213,-96.8457,4.02,3.2,mb_lg,35,94,0.703,0.32,us,us7000k69b,2023-06-05T23:53:26.714Z,"12 km SE of Lincolnville, Kansas",earthquake,2.29,7.854,0.041,158,reviewed,us,us
2023-06-04T13:48:41.191Z,-8.2787,107.8668,42.908,4.4,mb,22,121,0.839,0.77,us,us7000k69c,2023-06-04T14:26:00.040Z,"106 km SSW of Singaparna, Indonesia",earthquake,9.5,8.817,0.13,17,reviewed,us,us
2023-06-04T13:42:37.691Z,62.2759,-148.7934,17.2,0.7,ml,,,,0.66,ak,ak02374kahm7,2023-06-09T15:40:45.014Z,"55 km N of Sutton-Alpine, Alaska",earthquake,,0.6,,,reviewed,ak,ak
2023-06-04T13:21:41.760Z,39.6248333,-121.8885,21.63,2.11,md,7,223,0.2272,0.06,nc,nc73896896,2023-06-06T11:07:13.893Z,"8km WSW of Durham, CA",earthquake,0.65,2.44,0.306,12,reviewed,nc,nc
2023-06-04T13:13:55.952Z,67.382,-156.3417,0.5,1.5,ml,,,,0.74,ak,ak02374k4c17,2023-06-09T15:40:48.148Z,"57 km NNE of Kobuk, Alaska",earthquake,,0.2,,,reviewed,ak,ak
2023-06-04T13:11:10.820Z,19.0515,-64.9716666666667,24.61,3.35,md,19,270,0.6955,0.12,pr,pr71412313,2023-06-04T13:51:41.040Z,"Virgin Islands",earthquake,0.78,9.66,0.0871221512656759,10,reviewed,pr,pr
2023-06-04T13:02:18.313Z,60.0504,-151.4184,53.3,1.1,ml,,,,0.55,ak,ak02374k1w93,2023-06-09T15:40:47.957Z,"13 km E of Ninilchik, Alaska",earthquake,,0.3,,,reviewed,ak,ak
2023-06-04T12:55:32.431Z,67.3694,-156.2852,1.6,1.1,ml,,,,0.4,ak,ak02374jruor,2023-06-09T15:40:47.761Z,"57 km NNE of Kobuk, Alaska",earthquake,,0.5,,,reviewed,ak,ak
2023-06-04T12:50:39.920Z,34.0358333,-116.845,19.69,1.54,ml,64,69,0.03092,0.22,ci,ci40477864,2023-06-04T13:34:58.470Z,"13km NNE of Banning, CA",earthquake,0.24,0.51,0.155,29,reviewed,ci,ci
2023-06-04T12:48:13.940Z,19.7468333333333,-65.7181666666667,38.19,3.44,md,9,307,1.471,0.24,pr,pr71412303,2023-06-04T13:17:08.390Z,"Puerto Rico region",earthquake,2.34,17.25,0.0286937082542891,5,reviewed,pr,pr
2023-06-04T12:47:19.147Z,36.7825,-115.8255,8.5,0.3,ml,11,244.31,0.096,0.1362,nn,nn00860828,2023-06-04T13:38:38.871Z,"Nevada",earthquake,,3,0.15,4,reviewed,nn,nn
2023-06-04T12:43:27.710Z,32.943,-115.5531667,7.05,0.72,ml,10,96,0.0419,0.17,ci,ci40477856,2023-06-08T20:13:18.725Z,"4km SSW of Brawley, CA",earthquake,0.4,1.03,0.379,2,reviewed,ci,ci
2023-06-04T12:41:06.610Z,32.9483333,-115.546,8.04,1.21,ml,26,74,0.04834,0.29,ci,ci40477848,2023-06-08T17:27:11.436Z,"4km SSW of Brawley, CA",earthquake,0.34,0.71,0.19,15,reviewed,ci,ci
2023-06-04T12:38:46.095Z,31.57314567,-104.1571204,8.188208008,2,ml,27,67,0.02721205291,0.2,tx,tx2023kwio,2023-06-06T21:51:22.442Z,"44 km NW of Toyah, Texas",earthquake,0.7612591741,0.8612937669,0.2,24,reviewed,tx,tx
2023-06-04T12:30:47.070Z,33.4403333,-116.4405,7.8,0.91,ml,54,89,0.08377,0.19,ci,ci40477832,2023-06-08T16:55:23.560Z,"21km NNW of Borrego Springs, CA",earthquake,0.19,0.61,0.097,24,reviewed,ci,ci
2023-06-04T12:19:17.968Z,65.8345,-150.368,10.3,0.8,ml,,,,0.79,ak,ak02374jk3sf,2023-06-09T15:40:44.813Z,"37 km NNW of Rampart, Alaska",earthquake,,0.3,,,reviewed,ak,ak
2023-06-04T12:15:33.660Z,38.7771683,-122.7565002,0.86,0.96,md,10,106,0.0166,0.03,nc,nc73896881,2023-06-04T12:32:15.656Z,"0km SSW of The Geysers, CA",earthquake,0.3,0.68,0.2,9,automatic,nc,nc
2023-06-04T12:14:38.880Z,38.2293333,-112.857,6.72,1.03,ml,17,113,0.1661,0.13,uu,uu60541631,2023-06-05T14:20:52.660Z,"6 km ENE of Minersville, Utah",earthquake,0.46,2.98,0.11,3,reviewed,uu,uu
2023-06-04T12:14:23.023Z,-25.2145,179.7446,497.807,4.6,mb,63,54,4.536,0.68,us,us7000k691,2023-06-12T04:55:07.040Z,"south of the Fiji Islands",earthquake,11.12,6.831,0.035,250,reviewed,us,us
2023-06-04T12:13:17.255Z,60.4435,-151.5291,69.2,1.4,ml,,,,0.6,ak,ak02374jitpc,2023-06-09T15:40:44.576Z,"13 km WNW of Kalifornsky, Alaska",earthquake,,0.7,,,reviewed,ak,ak
2023-06-04T12:12:25.590Z,32.944,-115.5451667,9.78,1.35,ml,28,73,0.04438,0.28,ci,ci40477824,2023-06-08T16:47:15.511Z,"4km SSW of Brawley, CA",earthquake,0.35,0.82,0.205,18,reviewed,ci,ci
2023-06-04T12:10:12.402Z,61.7561,-149.6364,10,0.8,ml,,,,0.77,ak,ak02374ji5vh,2023-06-09T15:40:44.368Z,"14 km N of Meadow Lakes, Alaska",earthquake,,0.5,,,reviewed,ak,ak
2023-06-04T12:03:07.830Z,38.8135,-122.7843333,1.65,0.45,md,12,66,0.00286,0.02,nc,nc73896876,2023-06-06T17:41:18.418Z,"5km NNW of The Geysers, CA",earthquake,0.33,0.52,0.052,10,reviewed,nc,nc
2023-06-04T12:02:40.670Z,38.813,-122.7851667,1.59,1.82,md,58,37,0.003511,0.06,nc,nc73896871,2023-06-06T20:15:16.351Z,"5km NNW of The Geysers, CA",earthquake,0.12,0.2,0.212,57,reviewed,nc,nc
2023-06-04T12:02:09.050Z,38.2125,-112.8596667,1.6,0.63,md,13,187,0.1525,0.14,uu,uu60541626,2023-06-05T16:09:00.680Z,"5 km E of Minersville, Utah",earthquake,0.85,31.61,0.141,5,reviewed,uu,uu
2023-06-04T11:54:52.650Z,37.4406667,-118.8408333,2.74,1.56,md,19,268,0.1465,0.05,nc,nc73896866,2023-06-06T18:50:14.861Z,"20km SW of Toms Place, CA",earthquake,0.99,1.7,0.091,15,reviewed,nc,nc
2023-06-04T11:53:36.150Z,48.65116666666667,-123.08683333333333,20.2,0.54,ml,8,193,0.04709,0.19,uw,uw61930436,2023-06-04T18:43:52.690Z,"",earthquake,0.85,1.06,0.17117476753097793,3,reviewed,uw,uw
2023-06-04T11:40:51.900Z,38.5513333,-122.764,8.74,1.84,md,88,35,0.05688,0.11,nc,nc73896861,2023-06-06T07:44:12.593Z,"4km NNW of Larkfield-Wikiup, CA",earthquake,0.13,0.26,0.2,81,reviewed,nc,nc
2023-06-04T11:38:17.342Z,-2.2634,138.5162,33.343,4,mb,16,72,2.199,0.34,us,us7000k7f6,2023-06-11T07:07:56.040Z,"238 km W of Abepura, Indonesia",earthquake,7.86,5.082,0.156,11,reviewed,us,us
2023-06-04T11:35:09.195Z,59.9751,-139.4067,0,1.3,ml,,,,0.55,ak,ak02374j234s,2023-06-12T21:17:59.446Z,"50 km NNE of Yakutat, Alaska",ice quake,,0,,,reviewed,ak,ak
2023-06-04T11:29:30.040Z,19.4099998474121,-155.315994262695,2.40000009536743,1.76,ml,29,67,,0.230000004,hv,hv73439377,2023-06-04T11:35:00.640Z,"",earthquake,0.37,0.49000001,0.23,4,automatic,hv,hv
2023-06-04T11:27:25.329Z,-4.9779,151.4185,123.994,4.1,mb,26,66,1.078,0.58,us,us7000k695,2023-06-12T04:58:28.040Z,"New Britain region, Papua New Guinea",earthquake,9.75,7.514,0.127,17,reviewed,us,us
2023-06-04T11:21:49.650Z,33.589,-116.8118333,3.65,0.58,ml,29,55,0.04012,0.18,ci,ci40477816,2023-06-04T13:35:07.520Z,"13km WNW of Anza, CA",earthquake,0.25,0.52,0.107,19,reviewed,ci,ci
2023-06-04T11:11:40.600Z,38.8303337,-122.8181686,1.14,0.39,md,7,146,0.00938,0.03,nc,nc73896856,2023-06-04T11:49:14.380Z,"8km NW of The Geysers, CA",earthquake,0.52,1.14,0.09,4,automatic,nc,nc
2023-06-04T11:03:57.658Z,59.7653,-150.5962,31,2.1,ml,,,,0.87,ak,ak02374ivbro,2023-06-09T15:40:43.896Z,"22 km ESE of Fox River, Alaska",earthquake,,0.2,,,reviewed,ak,ak
2023-06-04T11:01:47.876Z,59.7825,-152.9662,99.2,1.9,ml,,,,0.56,ak,ak02374iuvkc,2023-06-09T15:40:43.672Z,"",earthquake,,0.5,,,reviewed,ak,ak
2023-06-04T10:59:24.798Z,-5.249,146.6295,134.926,4,mb,19,149,4.162,0.29,us,us7000k7f5,2023-06-11T07:01:09.040Z,"93 km E of Madang, Papua New Guinea",earthquake,13.14,8.817,0.15,12,reviewed,us,us
2023-06-04T10:58:32.070Z,36.0771667,-120.5525,6.13,0.68,md,17,177,0.03636,0.03,nc,nc73896846,2023-06-06T07:02:20.919Z,"19km WSW of Coalinga, CA",earthquake,0.36,0.48,0.106,7,reviewed,nc,nc
2023-06-04T10:57:46.220Z,32.5718333,-116.3905,14.73,0.92,ml,19,124,0.1066,0.15,ci,ci40477808,2023-06-04T13:34:58.832Z,"8km ESE of Campo, CA",earthquake,0.38,0.67,0.255,7,reviewed,ci,ci
2023-06-04T10:57:13.514Z,54.9848,-159.9246,35,3.1,ml,33,203,0.484,0.59,us,us7000k7fx,2023-06-16T07:54:00.040Z,"53 km SE of Sand Point, Alaska",earthquake,3.13,2.015,0.081,20,reviewed,us,us
2023-06-04T10:56:10.990Z,33.5346667,-116.6813333,9.99,0.36,ml,32,41,0.05307,0.12,ci,ci40477800,2023-06-08T15:39:55.009Z,"2km SSW of Anza, CA",earthquake,0.14,0.31,0.147,5,reviewed,ci,ci
2023-06-04T10:53:02.890Z,33.9841667,-116.4445,7.58,0.51,ml,27,81,0.05257,0.13,ci,ci40477792,2023-06-08T15:30:36.221Z,"6km ENE of Desert Hot Springs, CA",earthquake,0.2,0.52,0.204,5,reviewed,ci,ci
2023-06-04T10:47:39.680Z,38.7883339,-122.7668304,1.67,1.02,md,13,79,0.01347,0.02,nc,nc73896841,2023-06-04T10:49:14.534Z,"2km NW of The Geysers, CA",earthquake,0.31,0.64,0.13,14,automatic,nc,nc
2023-06-04T10:45:23.960Z,35.7396667,-120.2818333,9.8,1.63,md,40,97,0.02752,0.05,nc,nc73896836,2023-06-06T10:52:11.785Z,"2km NE of Cholame, CA",earthquake,0.27,0.22,0.206,27,reviewed,nc,nc
2023-06-04T10:44:52.157Z,58.2542,-155.091,2.7,1.4,ml,,,,0.38,ak,ak02374iin2v,2023-06-09T15:40:43.246Z,"85 km NNW of Karluk, Alaska",earthquake,,0.2,,,reviewed,ak,ak
2023-06-04T10:43:34.280Z,38.8371658,-122.80867,2.38,0.27,md,9,59,0.01379,0.01,nc,nc73896831,2023-06-04T10:45:09.021Z,"8km WNW of Cobb, CA",earthquake,0.44,1.5,0.17,10,automatic,nc,nc
2023-06-04T10:37:15.607Z,58.2506,-155.0965,1.6,1.4,ml,,,,0.29,ak,ak02374ih3a9,2023-06-09T15:40:43.054Z,"84 km NNW of Karluk, Alaska",earthquake,,0.5,,,reviewed,ak,ak
2023-06-04T10:34:20.350Z,33.5051667,-115.8418333,9.83,1.32,ml,51,56,0.02863,0.16,ci,ci40477776,2023-06-08T15:15:51.817Z,"9km ESE of North Shore, CA",earthquake,0.15,0.41,0.186,30,reviewed,ci,ci
2023-06-04T10:29:31.350Z,58.177,-155.313666666667,-0.19,0.41,ml,7,165,,0.09,av,av91106403,2023-06-05T20:54:08.050Z,"84 km NW of Karluk, Alaska",earthquake,0.27,2.71,0.278966886116293,5,reviewed,av,av
2023-06-04T10:29:20.850Z,35.6508333,-118.3151667,7.9,0.76,ml,12,82,0.05334,0.13,ci,ci40477768,2023-06-04T13:42:05.984Z,"14km ESE of Wofford Heights, CA",earthquake,0.34,0.68,0.135,5,reviewed,ci,ci
2023-06-04T10:29:00.269Z,36.9508,-114.7238,2.4,1.2,ml,8,145.6,0.525,0.1462,nn,nn00860825,2023-06-05T17:34:55.931Z,"31 km NNW of Moapa Town, Nevada",earthquake,,8.8,0.43,4,reviewed,nn,nn
2023-06-04T10:27:49.110Z,38.7869987,-122.7418365,0.74,0.65,md,8,104,0.005483,0.02,nc,nc73896826,2023-06-04T10:53:19.059Z,"2km NE of The Geysers, CA",earthquake,0.34,1.47,0.35,8,automatic,nc,nc
2023-06-04T10:25:37.180Z,32.9541667,-115.5461667,8.04,1.41,ml,32,74,0.05396,0.24,ci,ci40477760,2023-06-08T15:07:34.609Z,"3km SSW of Brawley, CA",earthquake,0.28,0.54,0.27,23,reviewed,ci,ci
2023-06-04T10:22:00.306Z,60.832,-149.4893,6.3,1,ml,,,,0.83,ak,ak02374iduef,2023-06-09T15:40:42.865Z,"6 km SSW of Sunrise, Alaska",earthquake,,0.5,,,reviewed,ak,ak
2023-06-04T10:21:46.050Z,32.9525,-115.5441667,7.17,1.32,ml,22,74,0.05276,0.31,ci,ci40477752,2023-06-08T14:46:13.414Z,"3km SSW of Brawley, CA",earthquake,0.48,1.04,0.293,14,reviewed,ci,ci
2023-06-04T10:17:37.319Z,53.3069,-165.4379,35,2.8,ml,21,209,0.841,0.76,us,us7000k7fw,2023-06-11T07:14:18.040Z,"94 km SSE of Akutan, Alaska",earthquake,4.78,2.016,0.097,14,reviewed,us,us
2023-06-04T10:15:26.150Z,0.4306,120.2406,562.607,4.3,mb,38,96,0.866,0.43,us,us7000k68i,2023-06-12T04:42:55.040Z,"153 km NNE of Palu, Indonesia",earthquake,11.17,7.559,0.107,25,reviewed,us,us
2023-06-04T10:09:35.150Z,35.5796666666667,-82.8723333333333,0.1,3.24,md,28,43,0.102,0.3,se,se60500788,2023-06-12T04:37:58.040Z,"4 km NNW of West Canton, North Carolina",earthquake,0.52,1.93,0.0542955152368947,21,reviewed,se,se
2023-06-04T10:07:39.262Z,39.6164,-119.9738,5.7,1.3,ml,16,121.74,0.013,0.1427,nn,nn00860822,2023-06-04T13:35:31.604Z,"7 km S of Cold Springs, Nevada",earthquake,,1.1,0.43,6,reviewed,nn,nn
2023-06-04T10:06:45.888Z,60.2134,-151.1905,57.6,1.2,ml,,,,0.62,ak,ak02374iaifg,2023-06-09T15:40:47.549Z,"11 km E of Clam Gulch, Alaska",earthquake,,0.7,,,reviewed,ak,ak
2023-06-04T09:50:41.020Z,34.3985,-119.1598333,1.31,0.95,ml,11,65,0.04254,0.24,ci,ci40477744,2023-06-08T14:36:10.595Z,"9km SE of Ojai, CA",earthquake,0.44,0.74,0.183,4,reviewed,ci,ci
2023-06-04T09:37:56.340Z,61.3158,-150.4271,38.7,1.9,ml,,,,0.8,ak,ak02374hvqrv,2023-06-09T15:40:42.351Z,"24 km WSW of Point MacKenzie, Alaska",earthquake,,0.4,,,reviewed,ak,ak
2023-06-04T09:37:45.180Z,43.76733333333333,-121.1105,3.29,0.54,ml,6,294,0.1344,0.07,uw,uw61930426,2023-06-04T18:23:02.380Z,"29 km ESE of Sunriver, Oregon",earthquake,1.45,8.91,0.06461221626622682,4,reviewed,uw,uw
2023-06-04T09:36:15.423Z,63.2259,-150.6962,130.1,1.3,ml,,,,0.48,ak,ak02374hvg6u,2023-06-09T15:40:42.128Z,"62 km SE of Denali National Park, Alaska",earthquake,,0.6,,,reviewed,ak,ak
2023-06-04T09:35:43.320Z,38.7919998,-122.7783356,3.39,0.76,md,12,92,0.00758,0.02,nc,nc73896816,2023-06-04T10:04:13.748Z,"2km NW of The Geysers, CA",earthquake,0.36,0.73,0.14,10,automatic,nc,nc
2023-06-04T09:34:35.482Z,53.583,-163.3272,30.827,3.1,ml,33,219,1.167,0.27,us,us7000k7fv,2023-06-16T07:44:22.040Z,"141 km S of False Pass, Alaska",earthquake,2.77,9.668,0.091,16,reviewed,us,us
2023-06-04T09:32:31.840Z,18.0215,-66.8293333333333,15.24,2.43,md,6,149,0.06627,0.19,pr,pr71412293,2023-06-04T09:40:28.920Z,"Puerto Rico region",earthquake,0.76,1.35,0.10684949956997,6,reviewed,pr,pr
2023-06-04T09:28:42.350Z,38.8068333,-122.768,-0.39,0.36,md,14,86,0.008965,0.05,nc,nc73896811,2023-06-06T06:53:17.302Z,"3km NNW of The Geysers, CA",earthquake,0.18,0.44,0.188,13,reviewed,nc,nc
2023-06-04T09:25:51.540Z,38.8321667,-122.8155,1.71,0.43,md,19,52,0.00973,0.02,nc,nc73896806,2023-06-06T00:00:16.080Z,"8km NW of The Geysers, CA",earthquake,0.25,0.41,0.12,19,reviewed,nc,nc
2023-06-04T09:23:25.749Z,58.2497,-155.0641,4.2,1.1,ml,,,,0.43,ak,ak02374hsoi1,2023-06-09T15:40:41.725Z,"83 km NNW of Karluk, Alaska",earthquake,,0.3,,,reviewed,ak,ak
2023-06-04T09:20:49.405Z,61.6212,-146.1408,26.9,1.3,ml,,,,0.79,ak,ak02374hs31n,2023-06-09T15:40:41.473Z,"Southern Alaska",earthquake,,0.4,,,reviewed,ak,ak
2023-06-04T09:08:17.883Z,59.8905,-139.5237,0,1.5,ml,,,,0.6,ak,ak02374hpgf1,2023-06-12T21:17:58.801Z,"39 km NNE of Yakutat, Alaska",ice quake,,0,,,reviewed,ak,ak
2023-06-04T09:03:22.980Z,43.276,-110.705,5.93,1.09,ml,7,198,0.1873,0.08,mb,mb90016763,2023-06-05T15:56:38.090Z,"6 km E of Hoback, Wyoming",earthquake,0.79,3.78,0.235316140244152,8,reviewed,mb,mb
2023-06-04T09:02:39.660Z,38.8084984,-122.7740021,0.45,0.63,md,6,122,0.007061,0.04,nc,nc73896801,2023-06-04T09:21:14.510Z,"4km NNW of The Geysers, CA",earthquake,0.53,1.16,0.19,8,automatic,nc,nc
2023-06-04T08:56:23.133Z,58.2444,-155.1657,3.9,1,ml,,,,0.4,ak,ak02374hebau,2023-06-09T15:40:40.907Z,"86 km NNW of Karluk, Alaska",earthquake,,0.1,,,reviewed,ak,ak
2023-06-04T08:52:59.370Z,38.8330002,-122.8171692,1.47,0.67,md,12,70,0.01108,0.01,nc,nc73896796,2023-06-04T09:10:12.444Z,"8km NW of The Geysers, CA",earthquake,0.28,0.6,0.17,13,automatic,nc,nc
2023-06-04T08:51:26.930Z,31.8108333,-116.126,18.48,1.62,ml,16,203,0.2456,0.23,ci,ci37547964,2023-06-08T14:30:10.033Z,"43km ENE of Maneadero, B.C., MX",earthquake,1,1.42,0.098,6,reviewed,ci,ci
2023-06-04T08:51:19.860Z,33.1448333,-116.5218333,8.32,0.97,ml,52,41,0.09728,0.16,ci,ci40477736,2023-06-08T14:24:40.396Z,"10km NE of Julian, CA",earthquake,0.16,0.65,0.162,21,reviewed,ci,ci
2023-06-04T08:49:47.095Z,63.5821,-147.9949,18.3,0.9,ml,,,,0.71,ak,ak02374hcv3j,2023-06-09T15:40:41.095Z,"",earthquake,,0.3,,,reviewed,ak,ak
2023-06-04T08:47:05.990Z,33.6023333,-116.8103333,6.14,0.14,ml,16,84,0.03954,0.14,ci,ci40477728,2023-06-04T13:43:02.523Z,"14km WNW of Anza, CA",earthquake,0.33,0.71,0.202,5,reviewed,ci,ci
2023-06-04T08:45:02.714Z,-23.0536,-70.2456,35,4.2,mb,11,184,0.711,0.24,us,us7000k689,2023-06-04T09:07:34.040Z,"21 km ENE of Mejillones, Chile",earthquake,5.87,1.999,0.216,6,reviewed,us,us
2023-06-04T08:44:40.733Z,61.2635,-151.8053,86.6,1.3,ml,,,,0.6,ak,ak02374hbs43,2023-06-09T15:40:40.701Z,"Southern Alaska",earthquake,,0.4,,,reviewed,ak,ak
2023-06-04T08:43:30.650Z,38.8208351,-122.758667,1.61,1.07,md,15,128,0.01303,0.04,nc,nc73896791,2023-06-04T09:00:13.390Z,"3km W of Cobb, CA",earthquake,0.31,0.55,0.14,16,automatic,nc,nc
2023-06-04T08:34:55.761Z,58.2496,-155.1472,3,3.1,ml,,,,0.57,ak,ak02374h9nlh,2023-06-12T21:17:58.513Z,"Alaska Peninsula",earthquake,,0.2,,,reviewed,ak,ak
2023-06-04T08:31:53.380Z,45.4478333333333,-111.8295,0.17,0.89,ml,11,127,0.2049,0.16,mb,mb90016758,2023-06-04T14:01:43.620Z,"13 km NW of Ennis, Montana",earthquake,0.56,1.87,0.0896535147874893,6,reviewed,mb,mb
2023-06-04T08:25:18.250Z,44.2786666666667,-114.817833333333,3.21,1.86,ml,12,69,0.5689,0.14,mb,mb90016823,2023-06-05T15:05:54.760Z,"11 km NE of Stanley, Idaho",earthquake,0.48,2.65,0.277876045954827,13,reviewed,mb,mb
2023-06-04T08:24:20.148Z,62.5981,-148.9387,11.1,1.1,ml,,,,0.82,ak,ak02374h7g40,2023-06-09T15:40:40.204Z,"62 km ENE of Chase, Alaska",earthquake,,0.2,,,reviewed,ak,ak
2023-06-04T08:20:21.339Z,31.63492142,-103.9944738,6.131567383,1.9,ml,19,55,0.02497794317,0.1,tx,tx2023kvzz,2023-06-05T21:30:07.120Z,"38 km WSW of Mentone, Texas",earthquake,0.4085133075,0.6773697648,0.2,19,reviewed,tx,tx
2023-06-04T08:19:33.780Z,40.5186667,-124.4041667,18.78,2.17,md,25,234,0.06663,0.11,nc,nc73896786,2023-06-06T09:57:13.426Z,"14km WSW of Ferndale, CA",earthquake,0.62,0.26,0.218,22,reviewed,nc,nc
2023-06-04T08:10:37.795Z,58.1862,-155.2777,2,1.4,ml,,,,0.35,ak,ak02374h4hgh,2023-06-12T21:17:58.329Z,"84 km NW of Karluk, Alaska",earthquake,,0.4,,,reviewed,ak,ak
2023-06-04T07:52:40.040Z,35.5033333,-118.4006667,6.19,1.13,ml,26,66,0.17,0.13,ci,ci40477720,2023-06-08T14:15:46.457Z,"12km SE of Bodfish, CA",earthquake,0.19,0.77,0.152,10,reviewed,ci,ci
2023-06-04T07:50:46.040Z,52.0671,-174.4172,8,2.6,ml,,,,0.43,ak,ak02374grn4s,2023-06-09T00:43:41.622Z,"Andreanof Islands, Aleutian Islands, Alaska",earthquake,,2.7,,,reviewed,ak,ak
2023-06-04T07:50:10.198Z,58.2436,-155.0739,1.3,1.4,ml,,,,0.23,ak,ak02374grkcy,2023-06-09T00:43:41.430Z,"83 km NNW of Karluk, Alaska",earthquake,,0.7,,,reviewed,ak,ak
2023-06-04T07:49:04.710Z,47.632333333333335,-121.95316666666666,24.01,0.47000000000000003,md,6,188,0.03657,0.04,uw,uw61930416,2023-06-04T18:11:14.210Z,"0 km E of Ames Lake, Washington",earthquake,0.72,0.74,0.02953565801807234,4,reviewed,uw,uw
2023-06-04T07:42:34.740Z,19.1933326721191,-155.487335205078,35.9000015258789,1.71000004,md,38,84,,0.109999999,hv,hv73439202,2023-06-04T07:45:46.160Z,"1 km SW of Pāhala, Hawaii",earthquake,0.53,0.819999993,0.569999993,3,automatic,hv,hv
2023-06-04T07:39:41.980Z,40.236,-121.1611667,6.28,2.52,md,36,42,0.0168,0.17,nc,nc73896781,2023-06-06T09:42:13.322Z,"2km NNE of Almanor, CA",earthquake,0.3,0.39,0.15,54,reviewed,nc,nc
2023-06-04T07:31:07.600Z,19.5195,-65.7108,102,3.89,md,9,280,1.2665,0.32,pr,pr2023155000,2023-06-04T08:12:49.270Z,"Puerto Rico region",earthquake,4.4,7.57,0.04,6,reviewed,pr,pr
2023-06-04T07:30:42.933Z,-28.4172,-70.8739,67.643,4.1,mb,28,123,0.276,0.92,us,us7000k67y,2023-06-04T08:14:26.040Z,"20 km NNW of Vallenar, Chile",earthquake,5.97,6.059,0.197,7,reviewed,us,us
2023-06-04T07:26:20.620Z,17.8638333333333,-66.8565,13.07,2.47,md,7,250,0.1127,0.09,pr,pr71412268,2023-06-04T07:39:28.130Z,"Puerto Rico region",earthquake,0.8,0.45,0.156259847119449,6,reviewed,pr,pr
2023-06-04T07:22:00.172Z,31.6348178,-103.9911103,6.401501465,2,ml,24,47,0.02725711418,0.1,tx,tx2023kvyb,2023-06-06T21:26:51.189Z,"37 km WSW of Mentone, Texas",earthquake,0.3951605704,0.5443744586,0.2,18,reviewed,tx,tx
2023-06-04T07:13:18.303Z,12.6175,48.0078,10,4.6,mb,39,224,5.163,0.56,us,us7000k67w,2023-06-04T08:26:13.040Z,"162 km N of Las Khorey, Somalia",earthquake,14.32,2.003,0.095,33,reviewed,us,us
2023-06-04T07:11:10.886Z,31.63527559,-103.9916505,6.118713379,1.8,ml,32,56,0.02713339866,0.2,tx,tx2023kvxs,2023-06-06T21:38:16.801Z,"38 km WSW of Mentone, Texas",earthquake,0.3331137071,0.3851260874,0.2,24,reviewed,tx,tx
2023-06-04T07:03:10.480Z,40.2355,-121.1573333,6.84,2.91,md,38,42,0.01523,0.17,nc,nc73896771,2023-06-06T09:25:12.352Z,"3km NE of Almanor, CA",earthquake,0.27,0.37,0.118,82,reviewed,nc,nc
2023-06-04T07:02:58.189Z,62.2557,-151.9772,95.6,1.5,ml,,,,0.45,ak,ak02374ghdk1,2023-06-09T00:43:41.210Z,"42 km NW of Skwentna, Alaska",earthquake,,0.8,,,reviewed,ak,ak
2023-06-04T06:59:20.100Z,38.2353333,-112.8585,8.29,0.63,md,9,197,0.1852,0.12,uu,uu60541621,2023-06-05T15:47:17.280Z,"6 km ENE of Minersville, Utah",earthquake,0.77,3.56,0.276,5,reviewed,uu,uu
2023-06-04T06:58:10.020Z,33.4473333,-116.6318333,5.4,0.35,ml,22,93,0.05334,0.16,ci,ci40477704,2023-06-04T13:43:14.059Z,"13km SSE of Anza, CA",earthquake,0.27,0.79,0.08,11,reviewed,ci,ci
2023-06-04T06:46:58.340Z,33.1431667,-116.5211667,7.15,1.4,ml,46,45,0.1196,0.2,ci,ci40477696,2023-06-04T13:44:21.140Z,"10km NE of Julian, CA",earthquake,0.23,0.81,0.157,26,reviewed,ci,ci
2023-06-04T06:45:28.840Z,32.8546667,-115.6458333,11.28,1.27,ml,27,68,0.06962,0.23,ci,ci40477688,2023-06-08T14:10:09.298Z,"7km W of Imperial, CA",earthquake,0.31,0.56,0.265,9,reviewed,ci,ci
2023-06-04T06:43:11.000Z,38.8269997,-122.7973328,2.69,0.75,md,13,61,0.01058,0.01,nc,nc73896761,2023-06-04T06:59:16.581Z,"6km W of Cobb, CA",earthquake,0.33,0.84,0.29,14,automatic,nc,nc
2023-06-04T06:31:18.310Z,37.3903333,-118.4473333,-1.23,1.24,md,17,156,0.09915,0.06,nc,nc73896756,2023-06-06T09:12:14.114Z,"3km W of Dixon Lane-Meadow Creek, CA",earthquake,0.42,0.59,0.144,12,reviewed,nc,nc
2023-06-04T06:29:44.060Z,33.6011667,-117.9418333,12.23,1.41,ml,41,198,0.0525,0.21,ci,ci40477680,2023-06-07T21:00:27.948Z,"2km SSW of Newport Beach, CA",earthquake,0.39,0.35,0.117,29,reviewed,ci,ci
2023-06-04T06:28:45.490Z,38.806,-122.7823333,1.76,0.41,md,14,62,0.007362,0.01,nc,nc73896751,2023-06-05T23:54:15.574Z,"4km NW of The Geysers, CA",earthquake,0.26,0.49,0.109,13,reviewed,nc,nc
2023-06-04T06:19:47.944Z,61.1178,-151.2423,68.6,1.1,ml,,,,0.44,ak,ak02374fzkh6,2023-06-09T00:43:42.962Z,"7 km NW of Tyonek, Alaska",earthquake,,1.2,,,reviewed,ak,ak
2023-06-04T06:19:37.630Z,18.2091666666667,-68.0196666666667,98.65,3.32,md,11,327,0.5423,0.2,pr,pr71412263,2023-06-04T06:39:49.080Z,"Mona Passage",earthquake,1.93,1.47,0.0592172298041103,7,reviewed,pr,pr
2023-06-04T06:14:53.185Z,62.1066,-148.1235,34.1,1,ml,,,,0.6,ak,ak02374fygg1,2023-06-09T00:43:40.999Z,"Central Alaska",earthquake,,1,,,reviewed,ak,ak
2023-06-04T06:10:02.630Z,58.1806666666667,-155.316833333333,-0.44,-0.15,ml,4,249,,0.02,av,av91910281,2023-06-04T10:37:57.800Z,"85 km NW of Karluk, Alaska",earthquake,0.68,3.76,0.299251928683781,4,reviewed,av,av
2023-06-04T06:05:25.975Z,-23.5529,-67.7469,118.936,4.7,mwr,72,50,0.718,1.48,us,us7000k67l,2023-06-04T06:28:37.040Z,"84 km SSE of San Pedro de Atacama, Chile",earthquake,4.23,6.679,,,reviewed,us,guc
2023-06-04T06:00:23.800Z,38.8554993,-122.8481674,1.73,0.63,md,9,148,0.0194,0.01,nc,nc73896746,2023-06-04T06:16:13.284Z,"12km WNW of Cobb, CA",earthquake,0.34,0.78,0.14,10,automatic,nc,nc
2023-06-04T05:53:50.389Z,57.8743,-155.0648,74.1,1.5,ml,,,,0.3,ak,ak02374flfem,2023-06-09T00:43:42.767Z,"49 km NW of Karluk, Alaska",earthquake,,1,,,reviewed,ak,ak
2023-06-04T05:53:40.208Z,64.4959,-147.3689,13.6,0.8,ml,,,,0.69,ak,ak02374flemc,2023-06-09T00:43:43.177Z,"22 km W of Salcha, Alaska",earthquake,,0.3,,,reviewed,ak,ak
2023-06-04T05:52:03.710Z,-3.0459,137.3141,48.84,5,mb,76,50,3.426,0.79,us,us7000k67k,2023-06-04T06:12:44.040Z,"204 km E of Nabire, Indonesia",earthquake,7.58,6.755,0.046,152,reviewed,us,us
2023-06-04T05:48:02.200Z,19.3943328857422,-155.279495239258,1.12000000476837,1.85000002,md,15,57,,0.129999995,hv,hv73439032,2023-06-04T05:51:10.670Z,"7 km SW of Volcano, Hawaii",earthquake,0.22,0.230000004,0.589999974,13,automatic,hv,hv
2023-06-04T05:46:50.560Z,33.3475,-116.9333333,18.35,0.57,ml,18,49,0.05948,0.16,ci,ci40477664,2023-06-04T13:44:24.700Z,"6km W of Palomar Observatory, CA",earthquake,0.37,0.75,0.117,7,reviewed,ci,ci
2023-06-04T05:46:19.870Z,33.6483333,-116.7303333,13.19,1,ml,43,52,0.06135,0.19,ci,ci40477656,2023-06-04T13:44:17.683Z,"10km S of Idyllwild, CA",earthquake,0.22,0.37,0.224,27,reviewed,ci,ci
2023-06-04T05:46:18.970Z,58.1776666666667,-155.279333333333,1.2,-0.32,ml,4,156,,0.06,av,av91910266,2023-06-04T10:32:00.840Z,"83 km NW of Karluk, Alaska",earthquake,0.33,1.28,0.241535553624291,4,reviewed,av,av
2023-06-04T05:43:19.028Z,63.2804,-149.7312,93.1,1.7,ml,,,,0.62,ak,ak02374fj7ug,2023-06-09T00:43:40.746Z,"41 km WSW of Cantwell, Alaska",earthquake,,0.7,,,reviewed,ak,ak
2023-06-04T05:41:30.620Z,38.7895012,-122.7661667,2.47,0.82,md,16,74,0.0122,0.02,nc,nc73896741,2023-06-04T05:58:12.170Z,"2km NNW of The Geysers, CA",earthquake,0.34,0.59,0.16,17,automatic,nc,nc
2023-06-04T05:25:03.708Z,61.7173,-151.7505,90.7,1,ml,,,,0.29,ak,ak02374ffbr6,2023-06-09T00:43:42.584Z,"35 km SSW of Skwentna, Alaska",earthquake,,1.7,,,reviewed,ak,ak
2023-06-04T05:13:39.213Z,58.0473,-153.1053,53.9,2.5,ml,,,,0.4,ak,ak02374fctwa,2023-06-09T00:43:40.470Z,"11 km W of Aleneva, Alaska",earthquake,,0.9,,,reviewed,ak,ak
2023-06-04T05:10:26.000Z,33.9981667,-116.8425,18.08,1.4,ml,62,35,0.04682,0.17,ci,ci40477648,2023-06-07T20:00:08.570Z,"9km NNE of Banning, CA",earthquake,0.17,0.32,0.2,38,reviewed,ci,ci
2023-06-04T05:08:50.670Z,36.29016667,-97.707,7,0.99,ml,24,61,0.1304743965,0.26,ok,ok2023kvtr,2023-06-05T14:09:30.952Z,"4 km NW of Douglas, Oklahoma",earthquake,,0.8,0.09,4,reviewed,ok,ok
2023-06-04T05:07:34.160Z,36.0421667,-117.7775,1.87,2.53,ml,28,105,0.01962,0.14,ci,ci40477640,2023-06-07T16:23:15.252Z,"15km E of Coso Junction, CA",earthquake,0.18,0.22,0.122,54,reviewed,ci,ci
2023-06-04T05:07:11.780Z,58.2078333333333,-155.137333333333,4.06,-0.75,ml,6,81,,0.11,av,av91910231,2023-06-04T10:05:07.340Z,"81 km NNW of Karluk, Alaska",earthquake,0.37,2.26,0.371263630305132,6,reviewed,av,av
2023-06-04T05:01:19.960Z,58.1833333333333,-155.271,1.43,-0.07,ml,5,148,,0.04,av,av91910221,2023-06-04T09:59:56.700Z,"83 km NW of Karluk, Alaska",earthquake,0.31,1.18,0.156636038625293,5,reviewed,av,av
2023-06-04T05:00:42.940Z,19.3929996490479,-155.272994995117,1.50999999046326,1.71,ml,20,42,,0.200000003,hv,hv73438987,2023-06-04T05:06:12.040Z,"6 km SW of Volcano, Hawaii",earthquake,0.25,0.330000013,0.2,8,automatic,hv,hv
2023-06-04T04:59:48.530Z,38.8063316,-122.770668,-0.36,0.76,md,8,122,0.01028,0.03,nc,nc73896716,2023-06-04T05:27:12.977Z,"4km NNW of The Geysers, CA",earthquake,0.28,0.91,0.25,9,automatic,nc,nc
2023-06-04T04:56:44.940Z,19.3933333333333,-155.274333333333,1.49,2.47,ml,44,44,,0.13,hv,hv73438982,2023-06-07T22:38:53.040Z,"6 km SW of Volcano, Hawaii",earthquake,0.18,0.15,0.140592296915983,23,reviewed,hv,hv
2023-06-04T04:54:49.893Z,61.4476,-151.5795,72.3,2.5,ml,,,,0.55,ak,ak02374f07fg,2023-06-09T00:43:40.163Z,"43 km NW of Beluga, Alaska",earthquake,,0.3,,,reviewed,ak,ak
2023-06-04T04:52:51.288Z,39.6138,-119.9714,6.7,1.2,ml,15,113.94,0.01,0.1029,nn,nn00860814,2023-06-05T17:19:24.481Z,"7 km S of Cold Springs, Nevada",earthquake,,0.9,0.09,8,reviewed,nn,nn
2023-06-04T04:51:11.751Z,34.1007,46.4222,10,4.5,mb,76,145,1.711,0.52,us,us7000k67c,2023-06-04T05:52:48.289Z,"western Iran",earthquake,8.49,1.901,0.071,58,reviewed,us,us
2023-06-04T04:50:33.860Z,58.1858333333333,-155.296166666667,1.26,0.4,ml,5,103,,0.04,av,av91910201,2023-06-09T00:42:38.295Z,"",earthquake,0.25,0.93,0.332387864836074,5,reviewed,av,av
2023-06-04T04:43:02.890Z,33.1406667,-116.5265,7.72,3.16,ml,114,15,0.0974,0.19,ci,ci40477624,2023-06-09T05:29:35.212Z,"10km NE of Julian, CA",earthquake,0.11,0.61,0.153,128,reviewed,ci,ci
2023-06-04T04:36:59.460Z,58.1823333333333,-155.276666666667,1.35,-0.03,ml,5,151,,0.03,av,av91910186,2023-06-04T07:02:01.260Z,"83 km NW of Karluk, Alaska",earthquake,0.29,0.97,0.266100917449017,5,reviewed,av,av
2023-06-04T04:35:27.970Z,58.1845,-155.271333333333,1.23,-0.02,ml,4,146,,0.02,av,av91910181,2023-06-04T06:59:44.580Z,"",earthquake,0.39,1.08,0.352926050416488,5,reviewed,av,av
2023-06-04T04:33:56.990Z,58.192,-155.2707,3.9,1.6,ml,,,,0.72,ak,ak02374evq0o,2023-06-12T20:34:50.165Z,"84 km NW of Karluk, Alaska",earthquake,,0.2,,,reviewed,ak,ak
2023-06-04T04:31:38.810Z,40.5191667,-124.4043333,19.76,2.05,md,19,235,0.06705,0.08,nc,nc73896706,2023-06-06T08:44:12.954Z,"14km WSW of Ferndale, CA",earthquake,0.53,0.32,0.224,19,reviewed,nc,nc
2023-06-04T04:26:21.197Z,60.3914,-152.7635,11.2,1.2,ml,,,,0.72,ak,ak02374eu55z,2023-06-09T00:43:39.759Z,"71 km WNW of Ninilchik, Alaska",earthquake,,0.6,,,reviewed,ak,ak
2023-06-04T04:15:42.830Z,58.2738333333333,-155.032166666667,6.21,0.11,ml,5,212,,0.2,av,av91910146,2023-06-04T06:52:21.250Z,"85 km NNW of Karluk, Alaska",earthquake,1.36,1.29,0.322964838914939,5,reviewed,av,av
2023-06-04T04:14:47.625Z,14.5405,39.8911,10,4.7,mb,62,78,4.153,0.5,us,us7000k679,2023-06-06T07:38:32.733Z,"54 km ENE of Ādīgrat, Ethiopia",earthquake,11.15,1.88,0.065,73,reviewed,us,us
2023-06-04T04:08:31.910Z,60.0353333333333,-153.094833333333,0.85,0.06,ml,4,190,,0.09,av,av91106393,2023-06-05T20:52:11.030Z,"62 km ENE of Pedro Bay, Alaska",earthquake,0.42,1.18,0.198508940010206,4,reviewed,av,av
2023-06-04T04:08:11.980Z,58.18,-155.277833333333,0.6,-0.07,ml,6,174,,0.09,av,av91910141,2023-06-04T05:38:34.920Z,"83 km NW of Karluk, Alaska",earthquake,0.34,2.08,0.208020581257616,6,reviewed,av,av
2023-06-04T04:06:43.280Z,58.1775,-155.284333333333,1.2,-0.4,ml,4,157,,0.03,av,av91910136,2023-06-04T05:36:14.090Z,"83 km NW of Karluk, Alaska",earthquake,0.29,1.12,0.170700405529907,4,reviewed,av,av
2023-06-04T04:05:32.840Z,38.8138351,-122.8150024,2.75,0.79,md,11,108,0.01029,0.02,nc,nc73896701,2023-06-04T04:23:14.602Z,"6km NW of The Geysers, CA",earthquake,0.48,0.97,0.26,11,automatic,nc,nc
2023-06-04T03:55:27.340Z,19.1469993591309,-155.47917175293,33.8300018310547,1.89999998,md,32,165,,0.109999999,hv,hv73438932,2023-06-04T03:58:40.840Z,"6 km S of Pāhala, Hawaii",earthquake,0.72,0.819999993,0.330000013,9,automatic,hv,hv
2023-06-04T03:45:11.250Z,44.8143333,-110.9698333,7.43,0.46,md,10,182,0.06078,0.09,uu,uu60541616,2023-06-05T15:49:53.970Z,"18 km ENE of Hebgen Lake Estates, Montana",earthquake,0.54,0.7,0.153,6,reviewed,uu,uu
2023-06-04T03:40:41.980Z,36.04,-117.7741667,2.19,0.81,ml,8,113,0.01643,0.1,ci,ci40477600,2023-06-08T20:14:29.850Z,"16km E of Coso Junction, CA",earthquake,0.32,0.21,0.134,3,reviewed,ci,ci
2023-06-04T03:38:41.310Z,33.6031667,-116.8073333,6.38,0.43,ml,23,41,0.0373,0.13,ci,ci40477592,2023-06-04T13:44:47.417Z,"14km WNW of Anza, CA",earthquake,0.2,0.51,0.132,10,reviewed,ci,ci
2023-06-04T03:38:31.710Z,58.186,-155.278666666667,2.8,0.9,ml,10,91,,0.09,av,av91910111,2023-06-09T00:42:33.414Z,"Alaska Peninsula",earthquake,0.24,0.62,0.171064912062649,5,reviewed,av,av
2023-06-04T03:37:33.200Z,58.1896666666667,-155.277333333333,1.89,-0.23,ml,8,143,,0.05,av,av91910096,2023-06-04T05:28:15.670Z,"84 km NW of Karluk, Alaska",earthquake,0.21,0.47,0.340973094624024,8,reviewed,av,av
2023-06-04T03:32:23.249Z,52.3945,-179.318,203.196,3.9,mb,29,114,0.769,0.85,us,us7000k79s,2023-06-12T20:34:49.949Z,"192 km WNW of Adak, Alaska",earthquake,6.2,6.973,0.182,8,reviewed,us,us
2023-06-04T03:29:06.550Z,36.0425,-117.7735,1.86,0.96,ml,8,110,0.0185,0.06,ci,ci40477584,2023-06-08T20:14:34.241Z,"16km E of Coso Junction, CA",earthquake,0.22,0.17,0.155,3,reviewed,ci,ci
2023-06-04T03:28:35.220Z,58.1758333333333,-155.297333333333,1.98,-0.07,ml,5,153,,0.04,av,av91910081,2023-06-04T05:24:47.770Z,"84 km NW of Karluk, Alaska",earthquake,0.28,1.43,0.167640689895329,5,reviewed,av,av
2023-06-04T03:27:21.128Z,8.8554,126.261,64.397,4.5,mb,20,96,1.898,0.6,us,us7000k7ey,2023-06-10T22:09:41.040Z,"Mindanao, Philippines",earthquake,11.27,7.906,0.135,18,reviewed,us,us
2023-06-04T03:23:27.956Z,60.0386,-152.9835,96.7,1.8,ml,,,,0.7,ak,ak02374e82x3,2023-06-09T00:43:39.326Z,"68 km ENE of Pedro Bay, Alaska",earthquake,,0.5,,,reviewed,ak,ak
2023-06-04T03:20:47.260Z,58.2063333333333,-155.1375,4.64,-0.16,ml,6,82,,0.08,av,av91910066,2023-06-04T05:20:55.150Z,"81 km NNW of Karluk, Alaska",earthquake,0.28,0.97,0.348076721198744,7,reviewed,av,av
2023-06-04T03:16:57.335Z,-15.2616,-173.0868,35,5.3,mb,72,67,2.641,1.28,us,us7000k676,2023-06-04T03:36:34.040Z,"107 km NE of Hihifo, Tonga",earthquake,7.44,1.889,0.027,452,reviewed,us,us
2023-06-04T03:11:32.635Z,59.6868,-153.6514,125.8,1.9,ml,,,,0.52,ak,ak02374e5in5,2023-06-09T00:43:39.097Z,"Southern Alaska",earthquake,,0.5,,,reviewed,ak,ak
2023-06-04T03:07:02.468Z,64.9935,-147.3531,0,0.9,ml,,,,0.37,ak,ak02374e4ljx,2023-06-09T00:43:38.913Z,"13 km ENE of Fox, Alaska",explosion,,0,,,reviewed,ak,ak
2023-06-04T03:03:23.850Z,17.9428333333333,-66.8528333333333,9.79,2.35,md,6,216,0.04074,0.09,pr,pr71412258,2023-06-04T03:13:50.520Z,"5 km SE of Maria Antonia, Puerto Rico",earthquake,0.71,0.6,0.0344393307789583,5,reviewed,pr,pr
2023-06-04T02:52:49.260Z,33.711,-116.7618333,14.77,0.63,ml,21,77,0.03973,0.16,ci,ci40477568,2023-06-04T13:45:15.122Z,"5km SW of Idyllwild, CA",earthquake,0.34,0.55,0.177,14,reviewed,ci,ci
2023-06-04T02:50:11.100Z,58.1763333333333,-155.336,0.99,-0.33,ml,5,172,,0.05,av,av91910051,2023-06-05T21:04:06.920Z,"85 km NW of Karluk, Alaska",earthquake,0.24,1.16,0.213728919705065,5,reviewed,av,av
2023-06-04T02:50:05.932Z,62.8219,-149.7954,78.2,1.6,ml,,,,0.55,ak,ak02374dse1t,2023-06-09T00:43:38.681Z,"44 km NNE of Chase, Alaska",earthquake,,0.4,,,reviewed,ak,ak
2023-06-04T02:48:32.580Z,58.1778333333333,-155.334333333333,1.78,0.5,ml,11,81,,0.06,av,av91910046,2023-06-09T00:42:26.160Z,"Alaska Peninsula",earthquake,0.17,0.42,0.286048550015937,12,reviewed,av,av
2023-06-04T02:47:57.790Z,38.791832,-122.779335,3.37,0.87,md,16,85,0.006841,0.02,nc,nc73896691,2023-06-04T03:04:12.121Z,"3km NW of The Geysers, CA",earthquake,0.38,0.53,0.39,14,automatic,nc,nc
2023-06-04T02:41:57.790Z,32.6641667,-115.794,9.77,2.21,ml,37,49,0.05893,0.22,ci,ci40477552,2023-06-07T15:35:07.720Z,"20km ESE of Ocotillo, CA",earthquake,0.26,0.51,0.149,51,reviewed,ci,ci
2023-06-04T02:41:54.910Z,18.104,-66.0738333333333,66.01,2.81,md,12,119,0.07262,0.21,pr,pr71412253,2023-06-04T18:02:32.889Z,"4 km SE of G. L. Garcia, Puerto Rico",earthquake,1.14,0.97,0.14489876920458,9,reviewed,pr,pr
2023-06-04T02:39:36.150Z,58.2676666666667,-155.102833333333,5.52,-0.25,ml,5,118,,0.17,av,av91910036,2023-06-04T02:54:28.810Z,"86 km NNW of Karluk, Alaska",earthquake,1.36,0.65,0.204757860501592,5,reviewed,av,av
2023-06-04T02:38:50.891Z,62.1485,-149.6204,47.4,1.1,ml,,,,0.27,ak,ak02374dpwv0,2023-06-09T00:43:38.454Z,"12 km E of Susitna North, Alaska",earthquake,,0.8,,,reviewed,ak,ak
2023-06-04T02:28:44.979Z,63.2878,-150.5106,125.8,1.3,ml,,,,0.43,ak,ak02374dnrnh,2023-06-09T00:43:38.222Z,"66 km ESE of Denali National Park, Alaska",earthquake,,1.4,,,reviewed,ak,ak
2023-06-04T02:23:09.460Z,36.5953333,-121.2038333,8.13,1.88,md,45,118,0.02786,0.08,nc,nc73896686,2023-06-06T00:56:14.147Z,"9km NW of Pinnacles, CA",earthquake,0.2,0.27,0.186,45,reviewed,nc,nc
2023-06-04T02:21:56.390Z,38.7656667,-122.7276667,2.85,1.12,md,46,53,0.004621,0.04,nc,nc73896681,2023-06-06T03:27:16.093Z,"3km ESE of The Geysers, CA",earthquake,0.16,0.25,0.193,38,reviewed,nc,nc
2023-06-04T02:11:29.290Z,58.2451666666667,-155.1365,3.92,0.25,ml,12,77,,0.09,av,av91910006,2023-06-04T02:29:48.350Z,"85 km NNW of Karluk, Alaska",earthquake,0.25,0.56,0.237171336219682,12,reviewed,av,av
2023-06-04T02:09:52.903Z,16.0055,144.979,10,4.5,mb,37,82,1.09,0.63,us,us7000k7ex,2023-06-10T21:36:29.040Z,"120 km NW of Saipan, Northern Mariana Islands",earthquake,8.93,1.881,0.119,22,reviewed,us,us
2023-06-04T02:07:15.930Z,38.7806664,-122.7559967,1.34,0.78,md,10,113,0.01252,0.02,nc,nc73896676,2023-06-04T02:27:13.908Z,"0km N of The Geysers, CA",earthquake,0.39,0.87,0.15,10,automatic,nc,nc
2023-06-04T02:04:29.320Z,61.2228,-147.571,0,0.9,ml,,,,0.72,ak,ak02374dikx0,2023-06-12T20:34:49.772Z,"62 km NW of Tatitlek, Alaska",ice quake,,0,,,reviewed,ak,ak
2023-06-04T02:03:21.220Z,58.183,-155.277833333333,2.66,0.3,ml,5,109,,0.05,av,av91910001,2023-06-04T02:25:47.120Z,"84 km NW of Karluk, Alaska",earthquake,0.34,0.81,0.228385095377779,5,reviewed,av,av
2023-06-04T02:02:25.250Z,48.6455,-123.097,19.94,1.22,ml,13,151,0.0387,0.2,uw,uw61930386,2023-06-04T05:33:41.500Z,"Washington-British Columbia border region",earthquake,0.56,0.81,0.16493515510871837,11,reviewed,uw,uw
2023-06-04T02:00:41.650Z,38.8206673,-122.7641678,2.19,1.07,md,16,118,0.01077,0.02,nc,nc73896671,2023-06-04T02:17:14.854Z,"4km W of Cobb, CA",earthquake,0.29,0.49,0.16,17,automatic,nc,nc
2023-06-04T01:59:42.610Z,58.1891666666667,-155.351833333333,1.76,-0.42,ml,5,224,,0.02,av,av91909996,2023-06-04T02:23:45.230Z,"87 km NW of Karluk, Alaska",earthquake,0.65,0.51,0.303617906349289,5,reviewed,av,av
2023-06-04T01:58:33.391Z,35.7578,140.0571,76.026,4.8,mwr,77,132,1.688,0.77,us,us7000k66v,2023-06-16T17:32:30.950Z,"4 km S of Shiroi, Japan",earthquake,3.65,7.045,0.071,19,reviewed,us,us
2023-06-04T01:53:13.080Z,58.1786666666667,-155.306666666667,4.06,-0.2,ml,5,221,,0.12,av,av91909991,2023-06-04T02:21:31.840Z,"84 km NW of Karluk, Alaska",earthquake,1.37,0.8,0.190322835004318,5,reviewed,av,av
2023-06-04T01:51:58.120Z,58.1775,-155.357,1.83,0.3,ml,7,120,,0.06,av,av91909986,2023-06-04T02:18:51.600Z,"86 km NW of Karluk, Alaska",earthquake,0.27,0.7,0.123178121904456,7,reviewed,av,av
2023-06-04T01:46:31.066Z,23.0367,143.0649,61.256,4.6,mb,54,70,10.442,0.82,us,us7000k66t,2023-06-04T02:20:10.056Z,"Volcano Islands, Japan region",earthquake,9.2,7.247,0.071,60,reviewed,us,us
2023-06-04T01:44:10.330Z,58.1818333333333,-155.342833333333,2.12,0.03,ml,8,112,,0.05,av,av91909976,2023-06-04T01:57:36.580Z,"86 km NW of Karluk, Alaska",earthquake,0.2,0.46,0.296619247823642,8,reviewed,av,av
2023-06-04T01:42:55.099Z,37.254,-117.5951,6.4,0.7,ml,9,204.77,0.046,0.1485,nn,nn00860809,2023-06-04T13:23:00.379Z,"California-Nevada border region",earthquake,,1.9,1,6,reviewed,nn,nn
2023-06-04T01:40:23.203Z,61.244,-150.7506,47.8,1.4,ml,,,,0.36,ak,ak02374d4uk8,2023-06-09T00:43:37.817Z,"21 km ENE of Beluga, Alaska",earthquake,,1.6,,,reviewed,ak,ak
2023-06-04T01:37:57.390Z,58.1766666666667,-155.334333333333,2.23,0.5,ml,9,113,,0.06,av,av91909971,2023-06-09T00:42:16.502Z,"85 km NW of Karluk, Alaska",earthquake,0.2,0.37,0.281306229607648,9,reviewed,av,av
2023-06-04T01:36:46.700Z,33.3325,-116.3885,12.26,0.67,ml,18,115,0.06847,0.16,ci,ci40477536,2023-06-04T13:45:51.557Z,"9km N of Borrego Springs, CA",earthquake,0.37,0.72,0.09,13,reviewed,ci,ci
2023-06-04T01:32:18.778Z,64.3081,-153.4144,8.7,2.5,ml,,,,0.5,ak,ak02374d34hy,2023-06-09T00:43:37.566Z,"Central Alaska",earthquake,,0.3,,,reviewed,ak,ak
2023-06-04T01:28:23.620Z,44.2591666666667,-114.841666666667,3.79,2.2,ml,17,66,0.762,0.14,mb,mb90016743,2023-06-04T13:51:45.970Z,"9 km ENE of Stanley, Idaho",earthquake,0.39,2.16,0.227980954310426,23,reviewed,mb,mb
2023-06-04T01:25:16.643Z,31.6619753,-104.3842936,7.159887695,2.4,ml,21,57,0.03993765144,0.2,tx,tx2023kvmh,2023-06-05T13:36:48.986Z,"56 km S of Whites City, New Mexico",earthquake,1.178737153,0.9747263315,0.1,20,reviewed,tx,tx
2023-06-04T01:25:04.448Z,-15.1713,-72.9552,9.639,4,mb,17,151,4.048,0.26,us,us7000k66p,2023-06-04T05:28:52.241Z,"5 km WNW of Mungui, Peru",earthquake,8.86,5.29,0.367,2,reviewed,us,us
2023-06-04T01:24:22.260Z,58.1886666666667,-155.277166666667,1.76,0.27,ml,7,144,,0.05,av,av91909966,2023-06-04T01:39:47.550Z,"",earthquake,0.28,0.8,0.295355354417164,7,reviewed,av,av
2023-06-04T01:22:01.980Z,58.1625,-155.351333333333,-0.13,-0.37,ml,5,129,,0.05,av,av91909961,2023-06-04T01:36:45.660Z,"84 km NW of Karluk, Alaska",earthquake,0.24,3.97,0.101850637721167,5,reviewed,av,av
2023-06-04T01:21:14.310Z,38.5361667,-122.766,5.72,1.91,md,82,35,0.06715,0.1,nc,nc73896661,2023-06-06T01:20:10.297Z,"3km NNW of Larkfield-Wikiup, CA",earthquake,0.15,0.41,0.182,77,reviewed,nc,nc
2023-06-04T01:19:51.446Z,59.5257,-152.5,67.8,1.5,ml,,,,0.37,ak,ak02374d0eq0,2023-06-09T00:43:42.371Z,"37 km WNW of Nanwalek, Alaska",earthquake,,1.4,,,reviewed,ak,ak
2023-06-04T01:16:12.121Z,53.5698,-176.8604,10,2.9,ml,16,258,1.556,0.64,us,us7000k79r,2023-06-10T21:19:14.040Z,"189 km N of Adak, Alaska",earthquake,7.46,2.02,0.105,12,reviewed,us,us
2023-06-04T01:16:11.853Z,52.3336,-176.1751,225.4,2.7,ml,,,,0.43,ak,ak02374czjgf,2023-06-12T20:34:49.575Z,"60 km NNE of Adak, Alaska",earthquake,,1,,,reviewed,ak,ak
2023-06-04T01:11:38.899Z,31.65182693,-104.0230765,6.697143555000001,1.8,ml,21,45,0.02789079561,0.2,tx,tx2023kvlv,2023-06-05T21:13:05.823Z,"40 km W of Mentone, Texas",earthquake,0.7211212803,0.6074368599,0.3,16,reviewed,tx,tx
2023-06-04T01:09:41.170Z,38.8081665,-122.7783356,-0.35,0.79,md,9,100,0.005406,0.02,nc,nc73896656,2023-06-04T01:26:13.517Z,"4km NNW of The Geysers, CA",earthquake,0.27,0.69,0.35,9,automatic,nc,nc
2023-06-04T01:06:06.320Z,58.1766666666667,-155.334833333333,1.97,0.78,ml,10,80,,0.07,av,av91909941,2023-06-04T01:34:00.780Z,"85 km NW of Karluk, Alaska",earthquake,0.17,0.34,0.2783856399548,11,reviewed,av,av
2023-06-04T00:56:40.110Z,58.1748333333333,-155.3325,0.83,0.88,ml,6,114,,0.04,av,av91909926,2023-06-04T01:09:08.140Z,"85 km NW of Karluk, Alaska",earthquake,0.2,1.12,0.26194508645432,6,reviewed,av,av
2023-06-04T00:54:50.884Z,53.5664,-163.472,13.656,4.6,mwr,131,95,1.17,0.66,us,us7000k66h,2023-06-13T02:47:49.040Z,"143 km S of False Pass, Alaska",earthquake,5.36,3.952,0.052,35,reviewed,us,us
2023-06-04T00:48:09.950Z,58.183,-155.304166666667,1.03,-0.56,ml,4,156,,0.03,av,av91909921,2023-06-04T01:26:36.640Z,"Alaska Peninsula",earthquake,0.27,0.94,0.281449813482605,4,reviewed,av,av
2023-06-04T00:46:47.720Z,36.0405,-117.7788333,1.7,1.69,ml,27,68,0.0628,0.13,ci,ci40477504,2023-06-06T21:28:28.710Z,"15km E of Coso Junction, CA",earthquake,0.16,0.23,0.182,16,reviewed,ci,ci
2023-06-04T00:43:43.549Z,61.1938,-146.8683,0,1.4,ml,,,,0.86,ak,ak02374ck3qg,2023-06-12T20:34:50.558Z,"28 km WNW of Valdez, Alaska",ice quake,,0,,,reviewed,ak,ak
2023-06-04T00:42:47.827Z,58.175,-155.3276,5.7,1.8,ml,,,,0.62,ak,ak02374cjwcd,2023-06-09T00:43:36.868Z,"85 km NW of Karluk, Alaska",earthquake,,0.3,,,reviewed,ak,ak
2023-06-04T00:41:59.946Z,51.8091,-177.2717,96.252,3.5,mb,45,101,0.053,0.27,us,us7000k79q,2023-06-13T04:04:46.040Z,"44 km W of Adak, Alaska",earthquake,5.67,3.975,0.11,20,reviewed,us,us
2023-06-04T00:41:56.870Z,47.4636666666667,-115.789166666667,0.02,1.53,ml,16,90,0.5703,0.21,mb,mb90016738,2023-06-04T13:40:31.520Z,"Idaho-Montana border region",earthquake,0.43,31.61,0.285663201766565,11,reviewed,mb,mb
2023-06-04T00:32:08.710Z,38.8146667,-122.7776667,0.92,0.17,md,13,113,0.002745,0.02,nc,nc73896646,2023-06-06T00:24:13.940Z,"4km NNW of The Geysers, CA",earthquake,0.31,0.39,0.365,13,reviewed,nc,nc
2023-06-04T00:30:00.740Z,38.8198333,-122.7795,0.85,0.37,md,13,106,0.00663,0.02,nc,nc73896641,2023-06-05T23:07:41.119Z,"5km W of Cobb, CA",earthquake,0.27,0.59,0.181,13,reviewed,nc,nc
2023-06-04T00:29:22.730Z,46.186166666666665,-122.1895,5.85,0.5,ml,10,90,0.01339,0.08,uw,uw61930371,2023-06-04T01:52:24.970Z,"36 km NNE of Amboy, Washington",earthquake,0.34,0.54,0.04308203524781967,5,reviewed,uw,uw
2023-06-04T00:28:36.615Z,54.3313,-162.6082,20,1.8,ml,,,,0.6,ak,ak02374cgvf1,2023-06-09T00:43:42.003Z,"77 km SE of False Pass, Alaska",earthquake,,1.1,,,reviewed,ak,ak
2023-06-04T00:25:10.260Z,-6.8207,130.3819,114.921,5.2,mww,106,32,2.332,0.53,us,us7000k66c,2023-06-24T03:40:07.142Z,"Banda Sea",earthquake,7.79,5.094,0.093,11,reviewed,us,us
2023-06-04T00:20:54.829Z,39.6129,-119.9698,7.1,2.9,ml,35,67.68,0.009,0.1645,nn,nn00860806,2023-06-21T14:25:18.894Z,"7 km S of Cold Springs, Nevada",earthquake,,0.7,0.27,7,reviewed,nn,nn
2023-06-04T00:17:01.078Z,65.0119,-141.1501,6.8,1.7,ml,,,,0.61,ak,ak02374cefqj,2023-06-12T20:34:48.861Z,"25 km N of Eagle, Alaska",earthquake,,0.3,,,reviewed,ak,ak
2023-06-04T00:16:18.643Z,61.273,-147.4381,0,1.1,ml,,,,0.48,ak,ak02374ce9ha,2023-06-12T20:34:48.682Z,"60 km S of Glacier View, Alaska",ice quake,,0,,,reviewed,ak,ak
2023-06-04T00:15:23.980Z,35.6126667,-117.421,8.53,1.61,ml,27,55,0.04253,0.14,ci,ci40477480,2023-06-06T21:20:19.498Z,"17km SSW of Trona, CA",earthquake,0.18,0.29,0.099,21,reviewed,ci,ci
2023-06-04T00:10:13.100Z,19.1555004119873,-155.372665405273,26.8799991607666,1.78999996,md,41,179,,0.100000001,hv,hv73438707,2023-06-04T00:13:19.920Z,"12 km ESE of Pāhala, Hawaii",earthquake,0.61,1.00999999,0.930000007,15,automatic,hv,hv
2023-06-04T00:04:51.866Z,58.7991,-153.6504,7.1,1.4,ml,,,,0.67,ak,ak02374cbrf3,2023-06-12T20:34:50.364Z,"93 km NNW of Aleneva, Alaska",earthquake,,0.7,,,reviewed,ak,ak
2023-06-03T23:56:20.490Z,58.1813333333333,-155.346333333333,0.79,-0.43,ml,4,167,,0.02,av,av91909816,2023-06-04T02:40:57.240Z,"Alaska Peninsula",earthquake,0.26,1.15,0.218923407537977,4,reviewed,av,av
2023-06-03T23:53:58.897Z,-25.4198,-179.5089,457.576,4.3,mb,39,103,4.08,0.49,us,us7000k667,2023-06-12T22:41:43.040Z,"south of the Fiji Islands",earthquake,10.59,8.835,0.104,26,reviewed,us,us
2023-06-03T23:50:23.816Z,56.3879,-156.5013,45.4,2.4,ml,,,,0.51,ak,ak023732r6ky,2023-06-12T02:20:43.629Z,"118 km E of Chignik, Alaska",earthquake,,1.8,,,reviewed,ak,ak
2023-06-03T23:43:33.844Z,39.5954,-119.4004,10.4,1.6,ml,14,74.92,0.116,0.1713,nn,nn00860805,2023-06-04T01:42:57.584Z,"10 km WSW of Wadsworth, Nevada",earthquake,,2.7,0.26,6,reviewed,nn,nn
2023-06-03T23:34:50.350Z,35.8658333,-117.6905,9.46,1.02,ml,23,64,0.08318,0.14,ci,ci40477464,2023-06-06T21:12:12.210Z,"21km ESE of Little Lake, CA",earthquake,0.24,0.55,0.254,13,reviewed,ci,ci
2023-06-03T23:29:24.430Z,58.2416666666667,-155.101833333333,0.61,-0.21,ml,6,116,,0.1,av,av91909786,2023-06-09T06:53:48.720Z,"84 km NNW of Karluk, Alaska",earthquake,0.4,3.23,0.193542879629054,8,reviewed,av,av
2023-06-03T23:28:34.780Z,38.7888336,-122.7901688,1.07,0.79,md,16,111,0.004682,0.03,nc,nc73896621,2023-06-04T00:10:13.022Z,"3km WNW of The Geysers, CA",earthquake,0.25,0.41,0.13,16,automatic,nc,nc
2023-06-03T23:23:47.690Z,58.1718333333333,-155.3725,1.43,-0.29,ml,6,130,,0.07,av,av91909781,2023-06-09T06:46:36.680Z,"Alaska Peninsula",earthquake,0.24,1.2,0.0855058737833592,6,reviewed,av,av
2023-06-03T23:23:00.760Z,60.044,-153.086166666667,-2.22,-0.48,ml,4,195,,0.2,av,av91909776,2023-06-09T03:47:08.530Z,"",snow avalanche,0.71,5.05,0.183396076580602,3,reviewed,av,av
2023-06-03T23:21:24.910Z,65.8649,-156.1948,16.2,1.2,ml,,,,0.79,ak,ak023732kyxd,2023-06-12T02:20:43.451Z,"20 km NNE of Huslia, Alaska",earthquake,,1,,,reviewed,ak,ak
2023-06-03T23:20:08.960Z,38.7944984,-122.82267,1.98,0.62,md,10,105,0.009728,0.03,nc,nc73896616,2023-06-03T23:58:11.941Z,"6km WNW of The Geysers, CA",earthquake,0.41,0.92,0.28,10,automatic,nc,nc
2023-06-03T23:18:57.510Z,38.8476677,-122.81633,1.09,0.81,md,10,101,0.008876,0.04,nc,nc73896611,2023-06-03T23:44:13.845Z,"9km WNW of Cobb, CA",earthquake,0.33,0.91,0.37,11,automatic,nc,nc
2023-06-03T23:12:55.918Z,51.3853,-175.1952,35,2.8,ml,11,248,0.754,0.28,us,us7000k77t,2023-06-11T04:01:26.040Z,"113 km SW of Atka, Alaska",earthquake,4.47,2.013,0.128,8,reviewed,us,us
2023-06-03T23:11:26.710Z,58.1693333333333,-155.392333333333,2.07,-0.04,ml,6,141,,0.05,av,av91909761,2023-06-08T23:25:31.830Z,"86 km NW of Karluk, Alaska",earthquake,0.23,0.77,0.171608486454453,7,reviewed,av,av
2023-06-03T23:05:03.700Z,58.1631666666667,-155.385833333333,3.09,0.85,ml,13,79,,0.1,av,av91909746,2023-06-09T01:34:20.800Z,"86 km NW of Karluk, Alaska",earthquake,0.28,0.72,0.313963906508594,14,reviewed,av,av
2023-06-03T23:01:48.458Z,-18.3273,168.0768,35,4.8,mb,40,72,4.206,0.54,us,us7000k664,2023-06-12T22:31:40.040Z,"70 km SSW of Port-Vila, Vanuatu",earthquake,5.01,1.841,0.091,37,reviewed,us,us
2023-06-03T23:00:09.590Z,19.2776660919189,-155.439163208008,30.2299995422363,1.82000005,md,33,169,,0.109999999,hv,hv73438627,2023-06-03T23:03:22.680Z,"9 km NNE of Pāhala, Hawaii",earthquake,0.71,1.02999997,1.79999995,10,automatic,hv,hv
2023-06-03T22:59:35.340Z,19.422,-155.232,1.61,0.78,md,15,190,,0.1,hv,hv73438622,2023-06-06T00:31:33.860Z,"Island of Hawaii, Hawaii",earthquake,0.3,0.23,0.251466220607849,3,reviewed,hv,hv
2023-06-03T22:58:21.382Z,51.9461,173.0414,10,3.2,ml,8,219,1.018,0.21,us,us7000k7ee,2023-06-11T03:55:10.040Z,"Near Islands, Aleutian Islands, Alaska",earthquake,6.8,1.916,0.128,8,reviewed,us,us
2023-06-03T22:50:45.520Z,30.87016904,-103.4686987,1.889746094,2.2,ml,17,70,0.1333862452,0.3,tx,tx2023kvhf,2023-06-05T14:08:52.081Z,"29 km ESE of Balmorhea, Texas",earthquake,1.090265712,1.326010558,0.1,8,reviewed,tx,tx
2023-06-03T22:49:23.196Z,53.5047,-163.2804,10,4.6,mwr,142,168,1.249,0.84,us,us7000k661,2023-06-12T22:24:07.040Z,"150 km S of False Pass, Alaska",earthquake,5.16,1.88,0.058,29,reviewed,us,us
2023-06-03T22:46:20.690Z,58.1825,-155.3465,0.8,-0.01,ml,6,112,,0.05,av,av91909726,2023-06-09T06:24:34.830Z,"86 km NW of Karluk, Alaska",earthquake,0.19,0.96,0.156812535457814,6,reviewed,av,av
2023-06-03T22:43:56.630Z,58.1933333333333,-155.256833333333,1.76,0.09,ml,8,83,,0.05,av,av91909721,2023-06-09T06:22:24.150Z,"Alaska Peninsula",earthquake,0.28,0.97,0.337586525974823,8,reviewed,av,av
2023-06-03T22:43:17.950Z,38.8058319,-122.7721634,-0.21,1.09,md,11,79,0.009966,0.02,nc,nc73896596,2023-06-03T23:19:14.683Z,"4km NNW of The Geysers, CA",earthquake,0.23,0.57,0.2,12,automatic,nc,nc
2023-06-03T22:41:55.970Z,46.0858333333333,-112.202666666667,8.05,1.51,ml,26,70,0.1335,0.11,mb,mb90016733,2023-06-04T13:23:54.180Z,"Western Montana",earthquake,0.25,1.13,0.186791735007638,11,reviewed,mb,mb
2023-06-03T22:39:43.590Z,15.8869,144.8829,10,4.9,mb,61,66,1.084,0.41,us,us7000k65z,2023-06-03T23:18:17.040Z,"119 km NW of Saipan, Northern Mariana Islands",earthquake,8.13,1.866,0.065,75,reviewed,us,us
2023-06-03T22:38:28.420Z,43.717666666666666,-121.25416666666666,-1.25,0.1,ml,4,197,0.01582,0.09,uw,uw61930366,2023-06-04T04:55:56.020Z,"20 km ESE of Three Rivers, Oregon",earthquake,0.32,0.34,0.11213365247660217,2,reviewed,uw,uw
2023-06-03T22:38:19.653Z,65.2086,-152.5392,11.8,0.6,ml,,,,0.81,ak,ak023732362d,2023-06-12T02:20:41.513Z,"21 km W of Tanana, Alaska",earthquake,,0.5,,,reviewed,ak,ak
2023-06-03T22:36:17.070Z,19.421,-155.225333333333,1.45,2.59,ml,41,65,,0.11,hv,hv73438587,2023-06-04T00:19:08.040Z,"2 km SSE of Volcano, Hawaii",earthquake,0.17,0.21,0.23274386471494,29,reviewed,hv,hv
2023-06-03T22:31:46.960Z,35.666,-117.5251667,7.24,0.8,ml,16,102,0.08262,0.11,ci,ci40477424,2023-06-06T21:03:47.086Z,"14km ENE of Ridgecrest, CA",earthquake,0.25,0.46,0.09,9,reviewed,ci,ci
2023-06-03T22:29:15.240Z,33.1885,-115.6601667,0.08,1.34,ml,8,143,0.03198,0.26,ci,ci40477416,2023-06-04T18:06:56.727Z,"14km WSW of Niland, CA",earthquake,0.61,2.53,0.053,2,reviewed,ci,ci
2023-06-03T22:29:07.590Z,58.1603333333333,-155.378,2.46,0.73,ml,12,77,,0.1,av,av91909701,2023-06-09T01:24:57.530Z,"",earthquake,0.23,0.5,0.243693943463583,12,reviewed,av,av
2023-06-03T22:26:19.650Z,38.7980003,-122.7516632,1.82,0.83,md,11,96,0.006814,0.02,nc,nc73896591,2023-06-03T22:57:20.529Z,"2km N of The Geysers, CA",earthquake,0.3,0.78,0.14,11,automatic,nc,nc
2023-06-03T22:24:33.370Z,53.4755,-163.1805,35,2.6,ml,15,258,1.291,0.38,us,us7000k77s,2023-06-12T02:20:43.251Z,"154 km S of False Pass, Alaska",earthquake,3.11,2.02,0.121,9,reviewed,us,us
2023-06-03T22:23:55.060Z,38.834,-122.8173333,1.81,1.12,md,40,49,0.01201,0.03,nc,nc73896586,2023-06-06T02:59:20.904Z,"8km NW of The Geysers, CA",earthquake,0.14,0.22,0.133,33,reviewed,nc,nc
2023-06-03T22:20:49.631Z,63.4777,-148.9043,8.1,2.4,ml,,,,0.71,ak,ak023731zdhc,2023-06-12T21:46:55.040Z,"9 km NNE of Cantwell, Alaska",earthquake,,0.2,,,reviewed,ak,ak
2023-06-03T22:18:01.128Z,51.758,-174.3137,35,2.6,ml,11,258,0.534,0.5,us,us7000k77r,2023-06-12T05:21:34.040Z,"49 km S of Atka, Alaska",earthquake,3.17,2.026,0.148,10,reviewed,us,us
2023-06-03T22:15:19.440Z,41.5003333,-112.1688333,8.33,0.98,md,10,63,0.1087,0.12,uu,uu60541601,2023-06-05T15:35:26.340Z,"7 km SW of Corinne, Utah",earthquake,0.38,1.45,0.158,6,reviewed,uu,uu
2023-06-03T22:15:15.232Z,61.1267,-147.2745,11.9,1.2,ml,,,,0.64,ak,ak023731y89l,2023-06-08T19:43:36.626Z,"43 km NW of Tatitlek, Alaska",earthquake,,0.4,,,reviewed,ak,ak
2023-06-03T22:12:44.891Z,63.5873,-147.2864,1.9,1.8,ml,,,,0.95,ak,ak023731xnf6,2023-06-08T19:43:36.375Z,"82 km ESE of Denali Park, Alaska",earthquake,,0.2,,,reviewed,ak,ak
2023-06-03T22:10:39.568Z,53.8108,-164.3467,35.9,2.1,ml,,,,0.5,ak,ak023731x7lo,2023-06-12T02:20:43.061Z,"100 km ESE of Akutan, Alaska",earthquake,,5.3,,,reviewed,ak,ak
2023-06-03T22:10:21.645Z,61.6455,-151.812,96.4,1.8,ml,,,,0.61,ak,ak023731x68y,2023-06-08T19:43:36.128Z,"44 km SSW of Skwentna, Alaska",earthquake,,0.4,,,reviewed,ak,ak
2023-06-03T22:03:05.650Z,51.9075,179.574166666667,7.41,0.37,ml,4,135,,0.04,av,av91909671,2023-06-08T23:19:53.710Z,"261 km W of Adak, Alaska",earthquake,0.91,0.83,0.25848169716932,4,reviewed,av,av
2023-06-03T22:00:10.110Z,19.4068336486816,-155.321334838867,2.5699999332428,1.75,ml,27,68,,0.170000002,hv,hv73438532,2023-06-03T22:05:42.980Z,"9 km WSW of Volcano, Hawaii",earthquake,0.31,0.439999998,0.36,7,automatic,hv,hv
2023-06-03T21:59:48.850Z,19.4086666107178,-155.318496704102,2.89000010490417,1.79,ml,7,133,,0.0900000036,hv,hv73438527,2023-06-03T22:05:20.630Z,"9 km WSW of Volcano, Hawaii",earthquake,0.61,0.389999986,0.32,7,automatic,hv,hv
2023-06-03T21:57:27.710Z,38.795166,-122.7968369,0.6,0.76,md,9,80,0.007247,0.04,nc,nc73896581,2023-06-03T22:14:16.254Z,"4km WNW of The Geysers, CA",earthquake,0.34,0.61,0.17,9,automatic,nc,nc
2023-06-03T21:54:49.340Z,17.9528333333333,-66.9541666666667,15,2.29,md,5,218,0.07465,0.06,pr,pr71412243,2023-06-03T22:05:23.120Z,"5 km WSW of Guánica, Puerto Rico",earthquake,0.66,0.69,0.0741420197947613,4,reviewed,pr,pr
2023-06-03T21:52:14.390Z,51.9038333333333,179.610666666667,12.71,0.69,ml,5,176,,0.15,av,av91909661,2023-06-08T23:12:30.040Z,"258 km W of Adak, Alaska",earthquake,1.1,0.85,0.232045252577398,5,reviewed,av,av
2023-06-03T21:49:57.200Z,19.4166660308838,-155.228668212891,2.78999996185303,1.79,ml,24,79,,0.209999993,hv,hv73438512,2023-06-03T22:44:38.495Z,"2 km S of Volcano, Hawaii",earthquake,0.39,0.600000024,0.21,11,automatic,hv,hv
2023-06-03T21:49:32.939Z,-17.9839,-178.4561,586.523,4.4,mb,81,42,3.333,0.48,us,us7000k65n,2023-06-11T05:21:55.040Z,"236 km E of Levuka, Fiji",earthquake,11.81,7.148,0.032,277,reviewed,us,us
2023-06-03T21:45:54.954Z,-20.5408,-178.1793,551.41,4.2,mb,25,75,2.852,0.42,us,us7000k7ec,2023-06-12T03:56:02.040Z,"Fiji region",earthquake,14.73,7.984,0.146,13,reviewed,us,us
2023-06-03T21:43:14.440Z,58.1831666666667,-155.344833333333,1.16,0.37,ml,7,112,,0.06,av,av91909651,2023-06-09T01:18:45.450Z,"86 km NW of Karluk, Alaska",earthquake,0.19,0.79,0.180239439150379,7,reviewed,av,av
2023-06-03T21:32:46.505Z,53.8027,-164.3105,24.9,2,ml,,,,0.64,ak,ak023731gia6,2023-06-12T02:20:42.866Z,"102 km ESE of Akutan, Alaska",earthquake,,2.6,,,reviewed,ak,ak
2023-06-03T21:30:21.404Z,58.4813,-151.4816,7.5,1.7,ml,,,,0.63,ak,ak023731g0ve,2023-06-12T02:20:42.672Z,"86 km NE of Ouzinkie, Alaska",earthquake,,0.5,,,reviewed,ak,ak
2023-06-03T21:28:49.128Z,60.7399,-147.3543,5.7,1.1,ml,,,,0.67,ak,ak023731fnls,2023-06-08T19:43:35.923Z,"39 km WSW of Tatitlek, Alaska",earthquake,,0.2,,,reviewed,ak,ak
2023-06-03T21:26:45.410Z,36.0676667,-117.8608333,2.38,1.09,ml,15,84,0.05004,0.16,ci,ci40477392,2023-06-08T20:29:34.431Z,"8km ENE of Coso Junction, CA",earthquake,0.26,0.28,0.157,4,reviewed,ci,ci
2023-06-03T20:56:33.490Z,60.0183333333333,-153.044333333333,0.14,-0.85,ml,4,112,,0.11,av,av91909626,2023-06-09T03:35:35.710Z,"64 km ENE of Pedro Bay, Alaska",snow avalanche,1.04,2.14,0.253221016654869,4,reviewed,av,av
2023-06-03T20:53:36.504Z,53.7422,-164.2474,35,2.9,ml,16,229,0.802,0.26,us,us7000k77h,2023-06-12T02:20:41.304Z,"109 km ESE of Akutan, Alaska",earthquake,5.03,2.016,0.128,8,reviewed,us,us
2023-06-03T20:52:49.940Z,46.0206666666667,-111.3775,4.9,0.86,ml,5,161,0.1743,0.03,mb,mb90016813,2023-06-05T14:56:35.210Z,"1 km SSW of Ponderosa Pines, Montana",earthquake,0.53,5.72,0.0443050693940327,6,reviewed,mb,mb
2023-06-03T20:51:52.610Z,38.8064995,-122.7898331,1.43,1.06,md,19,38,0.004518,0.03,nc,nc73896566,2023-06-03T21:13:18.891Z,"4km NW of The Geysers, CA",earthquake,0.23,0.45,0.16,22,automatic,nc,nc
2023-06-03T20:46:15.419Z,52.7613,-168.2579,47.4,2.1,ml,,,,0.77,ak,ak023730y0b6,2023-06-12T02:20:42.486Z,"45 km ESE of Nikolski, Alaska",earthquake,,2.2,,,reviewed,ak,ak
2023-06-03T20:45:27.061Z,52.6937,-168.1588,23.7,2.1,ml,,,,0.64,ak,ak023730xtwu,2023-06-08T19:43:35.534Z,"54 km ESE of Nikolski, Alaska",earthquake,,1,,,reviewed,ak,ak
2023-06-03T20:43:57.130Z,58.1878333333333,-155.276333333333,3.16,-0.16,ml,4,179,,0.06,av,av91909606,2023-06-08T23:55:12.030Z,"84 km NW of Karluk, Alaska",earthquake,0.94,1.36,0.157144442215626,4,reviewed,av,av
2023-06-03T20:43:16.030Z,38.8008347,-122.7821655,0.73,1.04,md,15,77,0.01246,0.03,nc,nc73896561,2023-06-03T21:00:20.820Z,"3km NW of The Geysers, CA",earthquake,0.22,0.49,0.22,14,automatic,nc,nc
2023-06-03T20:42:41.469Z,53.5131,-163.1984,10,4,mb,57,168,1.252,0.83,us,us7000k65i,2023-06-23T21:11:12.040Z,"149 km S of False Pass, Alaska",earthquake,4.9,1.906,0.108,23,reviewed,us,us
2023-06-03T20:41:29.552Z,52.9444,-167.1534,17.7,1.9,ml,,,,0.5,ak,ak023730wzlo,2023-06-08T19:43:35.102Z,"111 km SSW of Unalaska, Alaska",earthquake,,0.6,,,reviewed,ak,ak
2023-06-03T20:38:59.640Z,58.2496666666667,-155.094,4.71,0.03,ml,10,96,,0.1,av,av91909591,2023-06-09T06:19:16.950Z,"",earthquake,0.26,0.64,0.242911442377997,10,reviewed,av,av
2023-06-03T20:37:43.927Z,62.4487,-152.0033,99,1,ml,,,,0.31,ak,ak023730w514,2023-06-08T19:43:39.146Z,"60 km NNW of Skwentna, Alaska",earthquake,,1,,,reviewed,ak,ak
2023-06-03T20:35:52.050Z,58.1698333333333,-155.3885,2.18,-0.28,ml,6,139,,0.05,av,av91909586,2023-06-08T23:41:14.430Z,"Alaska Peninsula",earthquake,0.23,1.12,0.13958260381152,6,reviewed,av,av
2023-06-03T20:34:11.359Z,67.4352,-163.6424,15.6,1.4,ml,,,,0.5,ak,ak023730vfdb,2023-06-08T19:43:38.961Z,"32 km WSW of Noatak, Alaska",earthquake,,1.1,,,reviewed,ak,ak
2023-06-03T20:33:26.152Z,53.796,-164.2908,25.6,2,ml,,,,0.36,ak,ak023730v8u8,2023-06-12T02:20:42.299Z,"104 km ESE of Akutan, Alaska",earthquake,,3.8,,,reviewed,ak,ak
2023-06-03T20:27:31.648Z,67.3616,-163.8029,9.6,1.3,ml,,,,0.65,ak,ak023730tyuq,2023-06-12T02:20:42.127Z,"42 km WSW of Noatak, Alaska",earthquake,,1.3,,,reviewed,ak,ak
2023-06-03T20:20:32.260Z,60.0511666666667,-153.050333333333,0.9,-0.81,ml,4,202,,0.1,av,av91909576,2023-06-09T03:29:52.850Z,"65 km ENE of Pedro Bay, Alaska",earthquake,2.77,1.01,0.170740893874549,4,reviewed,av,av
2023-06-03T20:18:13.118Z,39.5161,-120.3131,8.2,1.6,ml,16,145.07,0.081,0.1429,nn,nn00860798,2023-06-03T20:43:44.320Z,"9 km SSE of Sierraville, California",earthquake,,1.8,0.21,7,reviewed,nn,nn
2023-06-03T20:18:10.061Z,67.3636,-163.7721,9,2.8,ml,,,,0.66,ak,ak023730rzte,2023-06-23T21:07:41.040Z,"41 km SW of Noatak, Alaska",earthquake,,0.7,,,reviewed,ak,ak
2023-06-03T20:15:50.970Z,53.906,-166.6805,2.13,0.4,ml,6,188,,0.15,av,av91909571,2023-06-08T23:46:28.660Z,"9 km W of Dutch Harbor, Alaska",earthquake,0.49,0.98,0.143328838449641,6,reviewed,av,av
2023-06-03T20:15:40.023Z,54.2115,-164.5227,68.5,2,ml,,,,0.42,ak,ak023730reij,2023-06-08T19:43:34.642Z,"82 km E of Akutan, Alaska",earthquake,,1.7,,,reviewed,ak,ak
2023-06-03T20:15:37.556Z,36.7833,-116.1334,4.8,-0.4,ml,7,221.49,0.032,0.0819,nn,nn00860804,2023-06-03T21:08:28.793Z,"47 km WNW of Indian Springs, Nevada",earthquake,,2.4,0.2,2,reviewed,nn,nn
2023-06-03T20:13:35.650Z,58.263,-155.118,5.51,-0.24,ml,6,137,,0.15,av,av91909566,2023-06-09T07:06:48.260Z,"86 km NNW of Karluk, Alaska",earthquake,0.85,0.88,0.0921568991335017,6,reviewed,av,av
2023-06-03T20:10:00.346Z,39.6129,-119.9654,6.7,1.5,ml,20,80.47,0.007,0.1336,nn,nn00860796,2023-06-03T20:37:25.562Z,"7 km S of Cold Springs, Nevada",earthquake,,0.9,0.3,7,reviewed,nn,nn
2023-06-03T20:07:13.796Z,64.909,-151.0636,12.5,0.8,ml,,,,0.69,ak,ak023730pn8i,2023-06-08T19:43:34.245Z,"22 km WSW of Manley Hot Springs, Alaska",earthquake,,0.3,,,reviewed,ak,ak
2023-06-03T20:00:04.460Z,61.2374,-147.5257,0,1.1,ml,,,,0.85,ak,ak023730o4hb,2023-06-12T02:20:40.882Z,"61 km NW of Tatitlek, Alaska",ice quake,,0,,,reviewed,ak,ak
2023-06-03T19:58:45.150Z,19.2481670379639,-155.400665283203,31.0400009155273,1.82000005,md,32,150,,0.0900000036,hv,hv73438387,2023-06-03T20:04:39.090Z,"9 km ENE of Pāhala, Hawaii",earthquake,0.66,0.850000024,0.800000012,7,automatic,hv,hv
2023-06-03T19:56:06.560Z,58.2443333333333,-155.150333333333,3.83,0.05,ml,5,126,,0.1,av,av91909556,2023-06-09T07:04:35.630Z,"85 km NNW of Karluk, Alaska",earthquake,0.76,1.87,0.203768833760216,5,reviewed,av,av
2023-06-03T19:54:53.120Z,47.4801666666667,-112.814833333333,4.99,0.72,ml,13,130,0.3267,0.3,mb,mb90016843,2023-06-05T15:51:13.610Z,"31 km W of Augusta, Montana",earthquake,0.69,18.22,0.123305953603829,4,reviewed,mb,mb
2023-06-03T19:54:02.750Z,38.8084984,-122.7763367,1.37,0.75,md,11,72,0.005843,0.02,nc,nc73896556,2023-06-03T20:16:17.553Z,"4km NNW of The Geysers, CA",earthquake,0.32,0.71,0.06,13,automatic,nc,nc
2023-06-03T19:46:10.470Z,33.9375,-116.7231667,19.1,0.61,ml,23,66,0.1186,0.1,ci,ci40477312,2023-06-07T14:57:05.517Z,"6km ENE of Cabazon, CA",earthquake,0.2,0.51,0.13,11,reviewed,ci,ci
2023-06-03T19:43:45.468Z,64.9135,-151.0398,12.5,1,ml,,,,0.71,ak,ak023730bzua,2023-06-08T19:43:38.399Z,"21 km WSW of Manley Hot Springs, Alaska",earthquake,,0.4,,,reviewed,ak,ak
2023-06-03T19:41:26.000Z,64.9086,-151.0384,15.2,2.8,ml,,,,0.82,ak,ak023730biwx,2023-06-23T21:01:38.040Z,"21 km WSW of Manley Hot Springs, Alaska",earthquake,,0.2,,,reviewed,ak,ak
2023-06-03T19:40:01.190Z,60.0536,-140.4089,0.6,1.4,ml,,,,0.86,ak,ak023730b9ai,2023-06-08T19:43:33.754Z,"68 km NW of Yakutat, Alaska",earthquake,,0.3,,,reviewed,ak,ak
2023-06-03T19:38:31.151Z,36.8334,-116.2543,2.8,-0.4,ml,13,83.42,0.048,0.0883,nn,nn00860803,2023-06-03T21:05:21.875Z,"45 km E of Beatty, Nevada",earthquake,,3.8,0.86,6,reviewed,nn,nn
2023-06-03T19:22:07.233Z,-14.9758,166.8602,35,4.7,mb,51,61,6.062,0.85,us,us7000k659,2023-06-23T20:53:22.040Z,"",earthquake,4.15,1.883,0.071,59,reviewed,us,us
2023-06-03T19:16:22.792Z,63.5185,-147.7698,16.7,1,ml,,,,0.89,ak,ak02373065qo,2023-06-08T19:43:33.555Z,"60 km ENE of Cantwell, Alaska",earthquake,,0.3,,,reviewed,ak,ak
2023-06-03T19:14:31.380Z,38.1518333,-112.8153333,2.1,1.42,ml,14,96,0.151,0.08,uu,uu60541586,2023-06-05T15:00:30.890Z,"Utah",earthquake,0.39,6.07,0.079,4,reviewed,uu,uu
2023-06-03T19:11:11.760Z,38.8093338,-122.7781677,1.2,0.4,md,6,103,0.004385,0.01,nc,nc73896546,2023-06-03T19:12:48.660Z,"4km NNW of The Geysers, CA",earthquake,0.58,1.37,0.16,8,automatic,nc,nc
2023-06-03T19:05:54.285Z,53.525,-163.2253,10,2.6,ml,16,252,1.236,0.27,us,us7000k77k,2023-06-08T20:54:33.040Z,"Unimak Island region, Alaska",earthquake,5.72,2.016,0.128,8,reviewed,us,us
2023-06-03T19:03:35.830Z,38.7848333,-122.768,-0.02,0.99,md,39,83,0.0142,0.05,nc,nc73896536,2023-06-05T23:59:19.773Z,"1km NW of The Geysers, CA",earthquake,0.12,0.25,0.242,31,reviewed,nc,nc
2023-06-03T19:03:05.662Z,60.2971,-153.0994,128.6,1.7,ml,,,,0.69,ak,ak0237303c9o,2023-06-08T19:43:33.341Z,"68 km E of Port Alsworth, Alaska",earthquake,,0.7,,,reviewed,ak,ak
2023-06-03T19:02:58.368Z,54.5973,-158.0587,35,3,ml,14,273,1.585,0.82,us,us7000k77e,2023-06-08T20:51:00.040Z,"161 km SSE of Perryville, Alaska",earthquake,3.86,2.024,0.148,6,reviewed,us,us
2023-06-03T19:02:41.990Z,38.8120003,-122.7761688,0.55,0.96,md,8,116,0.003745,0.02,nc,nc73896531,2023-06-03T19:52:16.404Z,"4km NNW of The Geysers, CA",earthquake,0.32,0.77,0.16,9,automatic,nc,nc
2023-06-03T19:02:09.890Z,38.8359985,-122.8156662,1.33,0.71,md,9,70,0.01332,0.01,nc,nc73896526,2023-06-03T19:40:14.322Z,"8km W of Cobb, CA",earthquake,0.32,1.65,0.16,9,automatic,nc,nc
2023-06-03T18:57:29.726Z,42.8265,145.8768,32.171,4.2,mb,20,182,2.171,0.25,us,us7000k7e9,2023-06-20T19:33:59.040Z,"Hokkaido, Japan region",earthquake,5,7.551,0.215,6,reviewed,us,us
2023-06-03T18:53:11.121Z,12.6474,48.5285,10,4.3,mb,22,145,5.667,0.36,us,us7000k7e8,2023-06-20T19:17:59.040Z,"166 km NNW of Bosaso, Somalia",earthquake,12.87,1.575,0.161,12,reviewed,us,us
2023-06-03T18:52:59.650Z,38.7989998,-122.7776642,2.81,0.74,md,9,105,0.01443,0.01,nc,nc73896521,2023-06-03T19:28:14.429Z,"3km NW of The Geysers, CA",earthquake,0.38,0.92,0.05,8,automatic,nc,nc
2023-06-03T18:51:10.300Z,19.2361666666667,-155.421333333333,32.9,1.52,md,28,120,,0.11,hv,hv73438317,2023-06-06T03:05:38.970Z,"",earthquake,0.56,0.67,0.060944835464424,11,reviewed,hv,hv
2023-06-03T18:50:53.370Z,58.183,-155.335333333333,1.68,0.12,ml,5,109,,0.04,av,av91909536,2023-06-09T07:01:59.480Z,"86 km NW of Karluk, Alaska",earthquake,0.21,0.74,0.259719414808796,6,reviewed,av,av
2023-06-03T18:48:13.660Z,31.6708374,-104.5416111,6.773966471,2.5,ml,23,170,0.03485080839,0.1,tx,tx2023kuzf,2023-06-23T15:24:13.248Z,"58 km SSW of Whites City, New Mexico",earthquake,0.9542901024,0.5604382417,0.1,19,reviewed,tx,tx
2023-06-03T18:47:57.310Z,46.2516666666667,-110.990333333333,4.95,1.16,ml,7,192,0.2296,0.15,mb,mb90016808,2023-06-05T14:50:43.640Z,"33 km SSW of White Sulphur Springs, Montana",earthquake,1.14,10.87,0.0962245151714686,4,reviewed,mb,mb
2023-06-03T18:47:41.483Z,-17.3384,-178.7988,550.28,4.1,mb,33,137,5.104,0.46,us,us7000k7ef,2023-06-19T22:16:51.040Z,"",earthquake,17.33,11.083,0.104,27,reviewed,us,us
2023-06-03T18:47:20.651Z,12.534,48.2455,10,4,mb,22,146,5.375,0.4,us,us7000k7e7,2023-06-19T22:06:28.040Z,"152 km N of Las Khorey, Somalia",earthquake,15.4,1.96,0.144,13,reviewed,us,us
2023-06-03T18:46:49.470Z,60.1573333333333,-153.065,5.81,0.02,ml,4,337,,0.28,av,av91909531,2023-06-09T03:21:49.140Z,"Southern Alaska",earthquake,2.88,4.2,0.247144477230781,4,reviewed,av,av
2023-06-03T18:45:15.050Z,58.2368333333333,-155.132833333333,6.33,0.19,ml,9,92,,0.06,av,av91909526,2023-06-09T06:59:27.700Z,"84 km NNW of Karluk, Alaska",earthquake,0.26,0.62,0.1882527249586,9,reviewed,av,av
2023-06-03T18:44:30.642Z,60.0307,-139.518,0,1.4,ml,,,,0.72,ak,ak02372zqqwb,2023-06-12T02:20:40.693Z,"55 km NNE of Yakutat, Alaska",ice quake,,0,,,reviewed,ak,ak
2023-06-03T18:43:11.860Z,58.1873333333333,-155.305166666667,1.29,-0.37,ml,5,118,,0.03,av,av91909516,2023-06-09T06:56:06.660Z,"Alaska Peninsula",earthquake,0.29,0.82,0.425384447110543,5,reviewed,av,av
2023-06-03T18:42:37.210Z,58.2365,-155.123,7.13,-0.09,ml,8,99,,0.1,av,av91909511,2023-06-09T06:16:04.480Z,"84 km NNW of Karluk, Alaska",earthquake,0.54,0.83,0.152300567161459,8,reviewed,av,av
2023-06-03T18:41:28.240Z,58.1868333333333,-155.291833333333,2.07,-0.25,ml,4,150,,0.02,av,av91909506,2023-06-09T06:12:58.540Z,"",earthquake,0.27,0.68,0.358983064845359,4,reviewed,av,av
2023-06-03T18:41:13.520Z,35.6543333,-118.3183333,8.08,0.73,ml,10,166,0.049,0.1,ci,ci40477264,2023-06-04T13:52:06.070Z,"14km ESE of Wofford Heights, CA",earthquake,0.41,0.49,0.372,4,reviewed,ci,ci
2023-06-03T18:36:23.080Z,58.1838333333333,-155.3055,0.27,-0.1,ml,4,156,,0.04,av,av91909496,2023-06-09T06:09:43.490Z,"85 km NW of Karluk, Alaska",earthquake,0.26,1.39,0.223145217576818,4,reviewed,av,av
2023-06-03T18:35:15.120Z,38.8419991,-122.8799973,2.54,0.2,md,11,97,0.004637,0.03,nc,nc73896516,2023-06-03T19:34:11.283Z,"13km ENE of Cloverdale, CA",earthquake,0.39,0.47,0.09,10,automatic,nc,nc
2023-06-03T18:32:59.987Z,31.64722572,-104.4595075,7.725463867,2.3,ml,56,94,0.02509535729,0.3,tx,tx2023kuys,2023-06-06T11:32:07.156Z,"western Texas",earthquake,0.8939658382,0.9494636216,0.1,31,reviewed,tx,tx
2023-06-03T18:32:47.220Z,19.3951666666667,-155.277666666667,1.47,1.73,ml,24,46,,0.11,hv,hv73438302,2023-06-06T00:52:16.440Z,"Island of Hawaii, Hawaii",earthquake,0.19,0.17,0.193405653248073,13,reviewed,hv,hv
2023-06-03T18:28:04.000Z,58.2015,-155.0965,2.64,-0.65,ml,4,238,,0.04,av,av91909491,2023-06-09T06:07:00.690Z,"80 km NNW of Karluk, Alaska",earthquake,0.49,0.64,0.117113424371031,4,reviewed,av,av
2023-06-03T18:24:04.060Z,58.1988333333333,-155.254333333333,2.76,0.7,ml,11,80,,0.1,av,av91909486,2023-06-09T01:08:28.640Z,"",earthquake,0.22,0.34,0.395401845184678,12,reviewed,av,av
2023-06-03T18:20:13.632Z,61.3017,-147.6798,0,1.3,ml,,,,0.71,ak,ak02372zlku9,2023-06-08T19:43:32.732Z,"56 km S of Glacier View, Alaska",ice quake,,0,,,reviewed,ak,ak
2023-06-03T18:19:34.222Z,64.7442,-148.9897,17.2,0.6,ml,,,,0.64,ak,ak02372zle6s,2023-06-08T19:43:32.545Z,"16 km NNE of Four Mile Road, Alaska",earthquake,,0.3,,,reviewed,ak,ak
2023-06-03T18:18:37.402Z,54.6061,-159.7844,6.5,2.1,ml,,,,0.63,ak,ak02372zl6po,2023-06-08T19:43:38.006Z,"south of Alaska",earthquake,,2.1,,,reviewed,ak,ak
2023-06-03T18:07:57.106Z,56.5492,-155.1764,9.1,1.9,ml,,,,0.2,ak,ak02372zivcu,2023-06-08T19:43:37.806Z,"75 km SW of Akhiok, Alaska",earthquake,,2.1,,,reviewed,ak,ak
2023-06-03T18:06:25.043Z,62.87,-151.0826,103,1.1,ml,,,,0.47,ak,ak02372zil5p,2023-06-08T19:43:32.332Z,"44 km NNW of Petersville, Alaska",earthquake,,0.6,,,reviewed,ak,ak
2023-06-03T18:05:46.350Z,38.8198333,-122.7788333,0.79,0.23,md,15,109,0.006722,0.02,nc,nc73896511,2023-06-05T23:26:16.573Z,"5km W of Cobb, CA",earthquake,0.25,0.45,0.216,14,reviewed,nc,nc
2023-06-03T18:01:23.760Z,35.0525,-118.347,-0.93,1.23,ml,19,51,0.06192,0.2,ci,ci40477208,2023-06-08T20:25:55.561Z,"13km SE of Tehachapi, CA",quarry blast,0.42,31.61,0.216,4,reviewed,ci,ci
2023-06-03T17:58:29.659Z,2.7639,126.3384,59.516,4.1,mb,25,110,2.23,1.07,us,us7000k7e4,2023-06-19T21:57:47.040Z,"198 km NE of Bitung, Indonesia",earthquake,9.61,5.754,0.124,20,reviewed,us,us
2023-06-03T17:55:26.549Z,12.3763,48.2867,10,4.3,mb,62,78,5.389,0.5,us,us7000k7e5,2023-06-19T21:42:01.040Z,"",earthquake,11.69,1.907,0.08,46,reviewed,us,us
2023-06-03T17:52:45.200Z,38.7973328,-122.757164,3.23,0.78,md,10,89,0.003843,0.01,nc,nc73896501,2023-06-03T18:07:10.713Z,"2km N of The Geysers, CA",earthquake,0.37,1.5,0.06,10,automatic,nc,nc
2023-06-03T17:48:35.930Z,38.7978325,-122.7990036,0.25,1.08,md,20,40,0.01001,0.03,nc,nc73896496,2023-06-03T18:40:14.933Z,"4km WNW of The Geysers, CA",earthquake,0.16,0.41,0.12,22,automatic,nc,nc
2023-06-03T17:46:14.280Z,33.2248333,-116.74,10.11,0.68,ml,24,54,0.08185,0.22,ci,ci40477200,2023-06-04T13:52:13.156Z,"3km SE of Lake Henshaw, CA",earthquake,0.35,0.91,0.169,15,reviewed,ci,ci
2023-06-03T17:45:39.613Z,61.2464,-147.7364,0,1.1,ml,,,,0.84,ak,ak02372z5i6d,2023-06-08T19:43:32.146Z,"62 km S of Glacier View, Alaska",ice quake,,0,,,reviewed,ak,ak
2023-06-03T17:38:32.495Z,61.079,-147.4028,25.7,2.9,ml,,,,0.68,ak,ak02372z410g,2023-06-19T21:19:43.040Z,"45 km WNW of Tatitlek, Alaska",earthquake,,0.3,,,reviewed,ak,ak
2023-06-03T17:30:18.774Z,67.1712,-143.2271,10.1,2.5,ml,,,,0.64,ak,ak02372z2a9y,2023-06-19T21:10:25.040Z,"61 km NNE of Chalkyitsik, Alaska",earthquake,,0.6,,,reviewed,ak,ak
2023-06-03T17:24:20.200Z,49.351333333333336,-120.51233333333333,-0.37,2.12,ml,10,178,0.5809,0.26,uw,uw61930306,2023-06-04T04:34:04.520Z,"11 km S of Princeton, Canada",explosion,1.46,31.61,0.20186172499715171,7,reviewed,uw,uw
2023-06-03T17:22:31.141Z,36.6866,-116.3115,8.7,-0.4,ml,10,118.51,0.042,0.0578,nn,nn00860795,2023-06-03T18:06:00.378Z,"46 km ESE of Beatty, Nevada",earthquake,,1.6,0.21,3,reviewed,nn,nn
2023-06-03T17:18:59.275Z,37.2841,-117.5995,3.7,1.1,ml,10,138,0.063,0.2057,nn,nn00860791,2023-06-03T17:50:29.426Z,"52 km S of Silver Peak, Nevada",earthquake,,3.2,0.86,7,reviewed,nn,nn
2023-06-03T17:18:24.150Z,58.1803333333333,-155.307833333333,2.63,0.6,ml,10,160,,0.09,av,av91909466,2023-06-09T05:58:52.700Z,"84 km NW of Karluk, Alaska",earthquake,0.28,0.43,0.300990832584499,10,reviewed,av,av
2023-06-03T17:14:55.950Z,19.1995,-155.503333333333,34.74,2.69,ml,56,64,,0.1,hv,hv73438217,2023-06-19T21:04:14.040Z,"2 km W of Pāhala, Hawaii",earthquake,0.38,0.46,0.164151340061308,37,reviewed,hv,hv
2023-06-03T17:10:11.208Z,61.2706,-147.6912,0,1.4,ml,,,,0.66,ak,ak02372yxz97,2023-06-08T19:43:31.212Z,"59 km S of Glacier View, Alaska",ice quake,,0,,,reviewed,ak,ak
2023-06-03T17:08:05.276Z,33.0066,135.8033,16.604,4.3,mb,47,121,1.767,1.2,us,us7000k7eb,2023-06-19T21:01:52.040Z,"51 km S of Kushimoto, Japan",earthquake,7.11,4.769,0.083,44,reviewed,us,us
2023-06-03T17:08:00.780Z,38.7871666,-122.7723312,-0.08,1.12,md,22,82,0.01358,0.04,nc,nc73896486,2023-06-03T19:09:10.134Z,"2km NW of The Geysers, CA",earthquake,0.19,0.47,0.11,21,automatic,nc,nc
2023-06-03T17:06:26.648Z,-6.3421,130.2572,128.202,4.7,mb,83,67,1.842,0.85,us,us7000k64k,2023-06-19T20:25:14.040Z,"287 km WSW of Tual, Indonesia",earthquake,6.54,5.695,0.066,74,reviewed,us,us
2023-06-03T17:05:18.408Z,68.0663,-156.3827,4.6,1.1,ml,,,,0.59,ak,ak02372ywxc3,2023-06-12T02:20:41.947Z,"125 km NNE of Ambler, Alaska",earthquake,,1.2,,,reviewed,ak,ak
2023-06-03T17:04:31.042Z,59.6959,-152.4653,79.8,1.5,ml,,,,0.36,ak,ak02372ywqvj,2023-06-08T19:43:31.398Z,"36 km WSW of Anchor Point, Alaska",earthquake,,0.9,,,reviewed,ak,ak
2023-06-03T17:02:59.880Z,37.4535,-87.647,15.92,2.52,md,21,50,0.2794,0.29,nm,nm60527471,2023-06-20T19:46:28.040Z,"7 km N of Nebo, Kentucky",earthquake,0.52,0.79,0.223886911427454,13,reviewed,nm,nm
2023-06-03T16:59:26.220Z,38.8006668,-122.7750015,1.29,1.07,md,13,80,0.01195,0.04,nc,nc73896481,2023-06-03T17:15:11.419Z,"3km NNW of The Geysers, CA",earthquake,0.26,0.46,0.17,14,automatic,nc,nc
2023-06-03T16:57:26.800Z,38.7896652,-122.7746658,0.27,0.77,md,8,113,0.01093,0.02,nc,nc73896476,2023-06-03T17:09:11.380Z,"2km NW of The Geysers, CA",earthquake,0.32,0.87,0.03,8,automatic,nc,nc
2023-06-03T16:57:06.520Z,38.8035,-122.7788333,-0.42,0.36,md,11,115,0.009852,0.02,nc,nc73896471,2023-06-05T23:14:14.498Z,"4km NNW of The Geysers, CA",earthquake,0.28,0.56,0.228,11,reviewed,nc,nc
2023-06-03T16:54:58.620Z,52.1091666666667,-176.188166666667,10.21,1.37,ml,5,290,,0.09,av,av91909441,2023-06-08T23:28:29.840Z,"40 km NE of Adak, Alaska",earthquake,0.93,1.73,0.230705723965996,4,reviewed,av,av
2023-06-03T16:50:46.920Z,35.619,-117.479,7.47,1.05,ml,24,58,0.0352,0.14,ci,ci40477152,2023-06-07T14:26:04.313Z,"18km E of Ridgecrest, CA",earthquake,0.21,0.42,0.226,11,reviewed,ci,ci
2023-06-03T16:39:31.660Z,38.8078346,-122.7701645,1.42,0.75,md,9,84,0.009844,0.02,nc,nc73896461,2023-06-03T16:51:11.279Z,"4km NNW of The Geysers, CA",earthquake,0.44,0.79,0.04,12,automatic,nc,nc
2023-06-03T16:37:20.740Z,58.1925,-155.288833333333,1.81,0.16,ml,7,143,,0.08,av,av91909431,2023-06-09T05:53:41.450Z,"Alaska Peninsula",earthquake,0.25,0.73,0.190425859765717,7,reviewed,av,av
2023-06-03T16:35:53.682Z,60.273,-149.9927,27.4,1.9,ml,,,,0.58,ak,ak02372yhzvc,2023-06-08T19:43:30.988Z,"25 km SSW of Cooper Landing, Alaska",earthquake,,0.4,,,reviewed,ak,ak
2023-06-03T16:32:27.970Z,44.2805,-115.045166666667,6.71,1.94,ml,9,67,0.7296,0.09,mb,mb90016798,2023-06-05T14:43:40.570Z,"11 km NW of Stanley, Idaho",earthquake,0.35,1.56,0.311407848696286,12,reviewed,mb,mb
2023-06-03T16:28:26.090Z,43.704,-121.25316666666667,2.59,0.04,ml,4,143,0.02311,0.06,uw,uw61930301,2023-06-04T04:09:33.430Z,"20 km E of La Pine, Oregon",earthquake,0.56,1.77,0.037756668290701,2,reviewed,uw,uw
2023-06-03T16:24:33.780Z,38.8088341,-122.7754974,-0.1,1.1,md,18,74,0.005996,0.04,nc,nc73896456,2023-06-03T18:24:10.827Z,"4km NNW of The Geysers, CA",earthquake,0.19,0.38,0.18,18,automatic,nc,nc
2023-06-03T16:21:38.881Z,61.1522,-147.4489,0,0.9,ml,,,,0.72,ak,ak02372yeyqp,2023-06-08T19:43:30.801Z,"Southern Alaska",ice quake,,0,,,reviewed,ak,ak
2023-06-03T16:18:26.320Z,38.7881667,-122.7661667,2.52,1.2,md,45,71,0.01342,0.03,nc,nc73896446,2023-06-06T02:33:15.745Z,"2km NW of The Geysers, CA",earthquake,0.16,0.26,0.238,36,reviewed,nc,nc
2023-06-03T16:18:18.890Z,58.1796666666667,-155.280166666667,0.8,-0.16,ml,4,154,,0.04,av,av91909426,2023-06-09T05:48:44.890Z,"Alaska Peninsula",earthquake,0.3,1.37,0.150847700455152,4,reviewed,av,av
2023-06-03T16:18:07.600Z,38.7866667,-122.7675,2.36,1.25,md,45,74,0.01521,0.04,nc,nc73896441,2023-06-06T02:07:14.588Z,"1km NW of The Geysers, CA",earthquake,0.17,0.26,0.221,38,reviewed,nc,nc
2023-06-03T16:16:06.366Z,63.0284,-150.478,94,1.3,ml,,,,0.57,ak,ak02372ydto8,2023-06-08T19:43:30.588Z,"61 km NNE of Petersville, Alaska",earthquake,,0.5,,,reviewed,ak,ak
2023-06-03T16:15:18.690Z,36.2525,-89.4461666666667,7.24,2.78,md,56,51,0.03048,0.18,nm,nm60527461,2023-06-23T14:18:44.040Z,"3 km ESE of Ridgely, Tennessee",earthquake,0.19,0.41,0.105159562900515,44,reviewed,nm,nm
2023-06-03T16:08:37.750Z,33.2331667,-115.6298333,3.64,1.52,ml,22,61,0.05027,0.18,ci,ci40477112,2023-06-08T20:22:33.534Z,"10km W of Niland, CA",earthquake,0.28,0.4,0.315,6,reviewed,ci,ci
2023-06-03T16:05:34.360Z,38.795166,-122.8228302,2.07,0.77,md,10,103,0.009707,0.03,nc,nc73896431,2023-06-03T17:05:19.371Z,"6km WNW of The Geysers, CA",earthquake,0.45,0.94,0.37,11,automatic,nc,nc
2023-06-03T16:02:18.000Z,19.4041666666667,-155.2835,0.91,0.89,ml,13,67,,0.08,hv,hv73438142,2023-06-06T01:01:44.430Z,"6 km SW of Volcano, Hawaii",earthquake,0.16,0.25,0.179925183203606,2,reviewed,hv,hv
2023-06-03T16:01:38.268Z,61.306,-147.685,0,1,ml,,,,0.53,ak,ak02372yanx5,2023-06-12T02:20:40.178Z,"55 km S of Glacier View, Alaska",ice quake,,0,,,reviewed,ak,ak
2023-06-03T16:01:35.020Z,38.8260002,-122.8041687,2.28,0.76,md,17,58,0.005296,0.03,nc,nc73896416,2023-06-03T16:43:13.232Z,"7km NW of The Geysers, CA",earthquake,0.23,0.7,0.18,18,automatic,nc,nc
2023-06-03T15:51:03.714Z,61.5736,-151.7081,76.4,1.5,ml,,,,0.48,ak,ak02372xzvzz,2023-06-08T18:06:47.857Z,"49 km SSW of Skwentna, Alaska",earthquake,,0.3,,,reviewed,ak,ak
2023-06-03T15:50:09.676Z,62.0331,-152.09,104.3,1.7,ml,,,,0.66,ak,ak02372xzoov,2023-06-08T18:06:47.620Z,"36 km W of Skwentna, Alaska",earthquake,,0.4,,,reviewed,ak,ak
2023-06-03T15:48:10.202Z,58.1145,-153.6274,70.3,1.5,ml,,,,0.31,ak,ak02372xz9a4,2023-06-08T18:06:52.077Z,"Kodiak Island region, Alaska",earthquake,,0.5,,,reviewed,ak,ak
2023-06-03T15:47:34.311Z,63.299,-150.5104,121.8,1.5,ml,,,,0.51,ak,ak02372xz3ju,2023-06-08T18:06:47.375Z,"66 km ESE of Denali National Park, Alaska",earthquake,,0.2,,,reviewed,ak,ak
2023-06-03T15:44:03.965Z,62.0174,-148.6845,18.7,0.8,ml,,,,0.83,ak,ak02372xydvo,2023-06-08T18:06:47.171Z,"27 km N of Sutton-Alpine, Alaska",earthquake,,0.3,,,reviewed,ak,ak
2023-06-03T15:41:19.160Z,18.0311666666667,-66.849,15.66,2.53,md,9,121,0.0628,0.13,pr,pr71412233,2023-06-03T16:09:28.100Z,"0 km SSE of Yauco, Puerto Rico",earthquake,0.46,0.99,0.131994111306168,6,reviewed,pr,pr
2023-06-03T15:37:23.112Z,53.5454,-163.285,35,3.8,mb,50,181,1.208,0.81,us,us7000k652,2023-06-23T14:23:18.040Z,"145 km S of False Pass, Alaska",earthquake,5.02,1.959,0.098,27,reviewed,us,us
2023-06-03T15:28:24.510Z,38.8144989,-122.7610016,2.08,0.89,md,16,112,0.01389,0.03,nc,nc73896411,2023-06-03T15:45:10.854Z,"3km WSW of Cobb, CA",earthquake,0.28,0.54,0.17,15,automatic,nc,nc
2023-06-03T15:26:29.139Z,53.7117,-163.2734,35,4.2,mb,22,161,1.15,0.69,us,us7000k7e1,2023-06-23T14:25:43.040Z,"127 km S of False Pass, Alaska",earthquake,4.83,1.952,0.303,3,reviewed,us,us
2023-06-03T15:26:22.019Z,59.5673,-152.9259,96.2,1.8,ml,,,,0.32,ak,ak02372xukft,2023-06-08T18:06:51.881Z,"61 km WNW of Nanwalek, Alaska",earthquake,,0.7,,,reviewed,ak,ak
2023-06-03T15:24:54.930Z,53.5551,-163.2502,4.84,4.8,mb,127,101,1.203,0.92,us,us7000k642,2023-06-23T14:29:25.040Z,"144 km S of False Pass, Alaska",earthquake,5.14,4.545,0.062,84,reviewed,us,us
2023-06-03T15:23:58.500Z,38.8083344,-122.7776642,-0.22,1.03,md,7,103,0.005454,0.03,nc,nc73896406,2023-06-03T15:25:32.762Z,"4km NNW of The Geysers, CA",earthquake,0.32,0.83,0.21,9,automatic,nc,nc
2023-06-03T15:23:56.760Z,41.1776667,-111.24,11.46,2.54,ml,31,73,0.1404,0.14,uu,uu60541576,2023-06-07T13:34:07.040Z,"25 km WSW of Evanston, Wyoming",earthquake,0.39,0.67,0.165,16,reviewed,uu,uu
2023-06-03T15:23:18.450Z,38.8061676,-122.7713318,0.66,0.76,md,7,119,0.01018,0.02,nc,nc73896401,2023-06-03T16:31:13.151Z,"4km NNW of The Geysers, CA",earthquake,0.34,0.77,0.08,8,automatic,nc,nc
2023-06-03T15:19:41.090Z,48.53216666666667,-123.42533333333333,22.58,1.59,ml,24,74,0.1184,0.22,uw,uw61930296,2023-06-03T21:57:46.110Z,"7 km S of Saanichton, Canada",earthquake,0.43,0.79,0.1389215852017991,16,reviewed,uw,uw
2023-06-03T15:18:26.680Z,38.8053322,-122.774498,-0.07,0.39,md,7,109,0.009275,0.02,nc,nc73896396,2023-06-03T15:33:10.781Z,"4km NNW of The Geysers, CA",earthquake,0.37,0.96,0.18,7,automatic,nc,nc
2023-06-03T15:16:01.311Z,51.4479,-177.756,62.551,2.5,ml,12,212,0.321,0.14,us,us7000k76u,2023-06-16T18:50:42.040Z,"90 km WSW of Adak, Alaska",earthquake,5.87,6.887,0.105,12,reviewed,us,us
2023-06-03T15:10:25.705Z,39.6157,-119.9789,6.6,1.4,ml,14,112.59,0.016,0.1238,nn,nn00860787,2023-06-03T15:31:40.002Z,"7 km S of Cold Springs, Nevada",earthquake,,1,0.29,5,reviewed,nn,nn
2023-06-03T15:10:01.320Z,38.7921667,-122.7801667,1.15,0.13,md,15,79,0.006141,0.02,nc,nc73896391,2023-06-05T20:28:27.204Z,"3km NW of The Geysers, CA",earthquake,0.21,0.32,0.312,14,reviewed,nc,nc
2023-06-03T15:07:28.924Z,39.4591,37.0948,10,4.1,mb,40,39,0.985,1.03,us,us7000k63z,2023-06-07T13:30:01.040Z,"5 km ENE of Ulaş, Turkey",earthquake,2.61,1.935,0.262,4,reviewed,us,us
2023-06-03T15:06:51.870Z,35.6431667,-118.3191667,8.88,0.7,ml,12,158,0.05827,0.17,ci,ci40477080,2023-06-08T20:19:15.281Z,"14km ENE of Lake Isabella, CA",earthquake,0.57,0.7,0.123,5,reviewed,ci,ci
2023-06-03T15:01:57.250Z,38.8113327,-122.7768326,0.22,0.77,md,11,71,0.003572,0.03,nc,nc73896381,2023-06-03T15:19:10.695Z,"4km NNW of The Geysers, CA",earthquake,0.28,0.59,0.18,12,automatic,nc,nc
2023-06-03T15:00:03.720Z,38.8031654,-122.8069992,2.85,0.77,md,10,134,0.01032,0.05,nc,nc73896376,2023-06-03T15:01:37.175Z,"5km WNW of The Geysers, CA",earthquake,0.49,0.97,0.05,11,automatic,nc,nc
2023-06-03T14:58:36.590Z,38.806,-122.7798333,1.76,1.54,md,55,38,0.007279,0.04,nc,nc73896371,2023-06-06T00:40:15.044Z,"4km NNW of The Geysers, CA",earthquake,0.11,0.16,0.169,48,reviewed,nc,nc
2023-06-03T14:52:43.415Z,53.5384,-167.7138,77.9,2,ml,,,,0.31,ak,ak02372xer37,2023-06-08T18:06:46.492Z,"86 km WSW of Unalaska, Alaska",earthquake,,0.3,,,reviewed,ak,ak
2023-06-03T14:49:40.060Z,18.1171666666667,-67.0273333333333,19.06,2.43,md,11,97,0.02404,0.12,pr,pr71412218,2023-06-03T15:06:23.510Z,"Mona Passage",earthquake,0.38,0.45,0.0795755938506271,7,reviewed,pr,pr
2023-06-03T14:49:01.220Z,38.8144989,-122.7606659,1.54,1.1,md,15,113,0.01387,0.04,nc,nc73896361,2023-06-03T16:31:14.151Z,"3km WSW of Cobb, CA",earthquake,0.28,0.49,0.14,18,automatic,nc,nc
2023-06-03T14:41:04.130Z,38.8121681,-122.7776642,0.46,0.97,md,8,82,0.002599,0.01,nc,nc73896346,2023-06-03T15:37:14.802Z,"4km NNW of The Geysers, CA",earthquake,0.27,0.61,0.21,11,automatic,nc,nc
2023-06-03T14:38:30.372Z,36.6971,-116.3224,9,-0.3,ml,3,236.5,0.053,0.0144,nn,nn00860794,2023-06-03T17:56:41.362Z,"45 km ESE of Beatty, Nevada",earthquake,,5.2,0,1,reviewed,nn,nn
2023-06-03T14:35:37.134Z,62.8421,-150.9987,91.2,1.1,ml,,,,0.52,ak,ak02372xb3g1,2023-06-08T18:06:51.470Z,"40 km NNW of Petersville, Alaska",earthquake,,0.3,,,reviewed,ak,ak
2023-06-03T14:35:11.830Z,38.8068352,-122.7803345,1.63,0.75,md,10,91,0.00642,0.02,nc,nc73896341,2023-06-03T14:49:11.524Z,"4km NNW of The Geysers, CA",earthquake,0.44,0.6,0.12,11,automatic,nc,nc
2023-06-03T14:33:44.200Z,19.3921666666667,-155.2785,1.51,1.89,ml,28,52,,0.1,hv,hv73438037,2023-06-13T23:46:09.680Z,"7 km SW of Volcano, Hawaii",earthquake,0.18,0.15,0.173867632877837,12,reviewed,hv,hv
2023-06-03T14:32:28.240Z,46.7848333333333,-112.924,3.69,1.56,ml,29,48,0.2189,0.18,mb,mb90016713,2023-06-03T15:37:39.370Z,"21 km NE of Drummond, Montana",earthquake,0.31,8.4,0.122263954696767,8,reviewed,mb,mb
2023-06-03T14:31:18.340Z,38.8061676,-122.7705002,0.6,0.92,md,14,82,0.01008,0.03,nc,nc73896331,2023-06-03T15:13:13.659Z,"3km NNW of The Geysers, CA",earthquake,0.24,0.45,0.24,15,automatic,nc,nc
2023-06-03T14:29:26.727Z,12.3326,121.915,35.691,4.5,mb,23,103,6.355,0.74,us,us7000k7dy,2023-06-16T18:58:15.040Z,"11 km SW of Odiongan, Philippines",earthquake,11.17,6.802,0.131,17,reviewed,us,us
2023-06-03T14:24:48.872Z,57.3,-155.9745,33.3,1.3,ml,,,,0.66,ak,ak02372x8rh6,2023-06-12T00:36:41.326Z,"88 km ESE of Ugashik, Alaska",earthquake,,1.3,,,reviewed,ak,ak
2023-06-03T14:20:35.340Z,41.168,-111.2355,6.58,1.82,ml,24,40,0.1397,0.25,uu,uu60541566,2023-06-05T14:54:18.750Z,"Utah",earthquake,0.57,1.95,0.196,6,reviewed,uu,uu
2023-06-03T14:20:20.940Z,38.8043327,-122.7786636,2.02,0.26,md,8,89,0.009052,0.02,nc,nc73896326,2023-06-03T15:03:14.599Z,"4km NNW of The Geysers, CA",earthquake,0.53,1.23,0.03,8,automatic,nc,nc
2023-06-03T14:14:20.380Z,38.806,-122.7778333,2.22,0.44,md,20,69,0.007583,0.03,nc,nc73896321,2023-06-05T20:12:55.581Z,"4km NNW of The Geysers, CA",earthquake,0.23,0.42,0.135,15,reviewed,nc,nc
2023-06-03T14:13:34.290Z,38.8116667,-122.7786667,0.33,0.4,md,12,67,0.002239,0.02,nc,nc73896316,2023-06-05T20:04:24.808Z,"4km NNW of The Geysers, CA",earthquake,0.26,0.47,0.124,12,reviewed,nc,nc
2023-06-03T14:13:27.790Z,38.8073333,-122.777,-0.23,0.44,md,20,71,0.00658,0.03,nc,nc73896311,2023-06-05T20:01:24.629Z,"4km NNW of The Geysers, CA",earthquake,0.16,0.36,0.423,18,reviewed,nc,nc
2023-06-03T14:12:56.065Z,-18.3088,-71.393,26.809,4.3,mwr,27,171,1,0.7,us,us7000k63q,2023-06-23T16:40:24.040Z,"73 km S of Pacocha, Peru",earthquake,6.9,6.956,0.073,18,reviewed,us,us
2023-06-03T14:10:49.030Z,35.85383333,-97.196,7,1.42,ml,45,64,0.08998234239,0.16,ok,ok2023kuqa,2023-06-05T13:58:01.806Z,"4 km ENE of Meridian, Oklahoma",earthquake,,0.4,0.2,4,reviewed,ok,ok
2023-06-03T14:10:35.351Z,12.4213,48.2578,10,4.8,mb,128,41,5.368,0.77,us,us7000k63r,2023-06-07T13:19:45.040Z,"139 km N of Las Khorey, Somalia",earthquake,9.59,1.863,0.053,116,reviewed,us,us
2023-06-03T14:08:12.970Z,34.7005,-116.2943333,7.92,1.05,ml,13,58,0.1191,0.17,ci,ci40477064,2023-06-08T20:17:10.452Z,"12km W of Ludlow, CA",earthquake,0.29,1.17,0.099,8,reviewed,ci,ci
2023-06-03T14:03:17.400Z,38.8134995,-122.7949982,1.34,0.76,md,11,61,0.005529,0.03,nc,nc73896306,2023-06-03T14:17:12.310Z,"5km NW of The Geysers, CA",earthquake,0.31,0.81,0.06,12,automatic,nc,nc
2023-06-03T14:02:01.036Z,56.2367,-149.2853,10,2.7,ml,24,219,2.378,0.55,us,us7000k76t,2023-06-16T19:02:01.040Z,"238 km SE of Chiniak, Alaska",earthquake,4.79,2.01,0.062,34,reviewed,us,us
2023-06-03T13:59:59.750Z,34.3098333,-118.4526667,9.42,1.24,ml,25,118,0.02964,0.14,ci,ci40477040,2023-06-06T20:35:36.066Z,"0km WNW of Sylmar, CA",earthquake,0.3,0.44,0.092,16,reviewed,ci,ci
2023-06-03T13:59:56.480Z,38.7885,-122.7731667,-0.4,0.32,md,9,92,0.01244,0.04,nc,nc73896296,2023-06-06T06:43:14.239Z,"2km NW of The Geysers, CA",earthquake,0.2,0.78,0.068,7,reviewed,nc,nc
2023-06-03T13:58:03.292Z,12.5558,48.1003,10,5.5,mww,196,26,5.239,0.54,us,us7000k63p,2023-06-06T21:06:44.305Z,"154 km N of Las Khorey, Somalia",earthquake,8.86,1.811,0.086,13,reviewed,us,us
2023-06-03T13:51:12.220Z,58.4963,-137.0521,4.6,1.3,ml,,,,0.49,ak,ak02372wt1bq,2023-06-12T00:36:41.150Z,"Southeastern Alaska",earthquake,,0.5,,,reviewed,ak,ak
2023-06-03T13:50:31.831Z,38.886,-119.6279,2.1,0,ml,4,236.29,0.017,0.1337,nn,nn00860786,2023-06-03T15:09:49.991Z,"2 km NNE of Carter Springs, Nevada",earthquake,,3.5,0,1,reviewed,nn,nn
2023-06-03T13:50:00.650Z,38.8134995,-122.7770004,0.14,0.86,md,7,95,0.002889,0.02,nc,nc73896291,2023-06-03T13:51:37.360Z,"4km NNW of The Geysers, CA",earthquake,0.31,0.69,0.21,8,automatic,nc,nc
2023-06-03T13:48:35.130Z,38.8146667,-122.8263321,2.65,0.77,md,9,93,0.006202,0.05,nc,nc73896286,2023-06-03T13:50:07.215Z,"7km NW of The Geysers, CA",earthquake,0.83,1.32,0.12,11,automatic,nc,nc
2023-06-03T13:45:53.170Z,38.8111649,-122.776001,0.16,1.05,md,15,79,0.01541,0.04,nc,nc73896276,2023-06-03T14:01:10.214Z,"4km NNW of The Geysers, CA",earthquake,0.21,0.57,0.19,15,automatic,nc,nc
2023-06-03T13:42:49.570Z,38.8113327,-122.7771683,0.33,1.14,md,20,71,0.003354,0.04,nc,nc73896271,2023-06-03T14:42:13.482Z,"4km NNW of The Geysers, CA",earthquake,0.19,0.36,0.18,22,automatic,nc,nc
2023-06-03T13:41:08.060Z,38.7876663,-122.7779999,1.14,1.07,md,13,101,0.009507,0.03,nc,nc73896266,2023-06-03T13:42:43.501Z,"2km WNW of The Geysers, CA",earthquake,0.26,0.45,0.17,13,automatic,nc,nc
2023-06-03T13:39:05.630Z,38.8051667,-122.8013333,1.56,0.39,md,17,40,0.005479,0.01,nc,nc73896261,2023-06-06T06:31:13.173Z,"5km NW of The Geysers, CA",earthquake,0.23,0.41,0.468,15,reviewed,nc,nc
2023-06-03T13:37:48.800Z,38.8144989,-122.7746658,0.29,0.27,md,7,123,0.004863,0.01,nc,nc73896256,2023-06-03T13:39:23.753Z,"4km NNW of The Geysers, CA",earthquake,0.41,0.7,0.06,8,automatic,nc,nc
2023-06-03T13:36:33.170Z,38.8023338,-122.7779999,-0.1,0.39,md,8,125,0.01111,0.03,nc,nc73896251,2023-06-03T13:38:08.498Z,"3km NW of The Geysers, CA",earthquake,0.34,0.9,0.18,8,automatic,nc,nc
2023-06-03T13:34:58.623Z,59.0011,-151.9539,61.8,1.4,ml,,,,0.69,ak,ak02372wphs6,2023-06-08T18:06:50.688Z,"39 km S of Nanwalek, Alaska",earthquake,,0.5,,,reviewed,ak,ak
2023-06-03T13:32:33.220Z,58.1771666666667,-155.3085,-1.36,-0.3,ml,6,165,,0.04,av,av91909351,2023-06-09T05:45:00.960Z,"84 km NW of Karluk, Alaska",earthquake,0.35,3.09,0.257759590547177,6,reviewed,av,av
2023-06-03T13:30:20.310Z,33.3563333,-116.3973333,13.71,1.76,ml,57,43,0.08945,0.19,ci,ci40477024,2023-06-04T13:54:49.110Z,"11km N of Borrego Springs, CA",earthquake,0.22,0.52,0.197,27,reviewed,ci,ci
2023-06-03T13:29:47.860Z,38.788,-122.777,-0.26,0.38,md,20,83,0.009977,0.04,nc,nc73896241,2023-06-05T19:53:24.093Z,"2km WNW of The Geysers, CA",earthquake,0.12,0.59,0.316,19,reviewed,nc,nc
2023-06-03T13:29:18.620Z,38.8116684,-122.7770004,0.51,1.07,md,15,71,0.01477,0.03,nc,nc73896236,2023-06-03T13:30:53.688Z,"4km NNW of The Geysers, CA",earthquake,0.21,0.51,0.11,16,automatic,nc,nc
2023-06-03T13:27:23.140Z,34.8323333,-116.4435,10.36,1.04,ml,10,122,0.0893,0.08,ci,ci40477016,2023-06-06T20:25:45.960Z,"29km WNW of Ludlow, CA",earthquake,0.25,0.38,0.184,6,reviewed,ci,ci
2023-06-03T13:26:45.150Z,38.7971667,-122.7773333,-0.17,1.35,md,45,74,0.00918,0.05,nc,nc73896226,2023-06-05T23:59:18.774Z,"3km NW of The Geysers, CA",earthquake,0.1,0.21,0.191,39,reviewed,nc,nc
2023-06-03T13:18:31.763Z,54.0011,-164.0357,25.6,2,ml,,,,0.72,ak,ak02372wm094,2023-06-08T18:06:50.493Z,"103 km SSW of False Pass, Alaska",earthquake,,1.9,,,reviewed,ak,ak
2023-06-03T13:18:11.695Z,12.6194,48.2622,10,4,mb,26,145,5.407,0.7,us,us7000k7e6,2023-06-16T19:10:50.040Z,"161 km N of Las Khorey, Somalia",earthquake,15.06,1.958,0.119,19,reviewed,us,us
2023-06-03T13:17:16.890Z,43.2821666666667,-110.721333333333,6.43,0.98,ml,6,231,0.1793,0.06,mb,mb90016703,2023-06-03T14:03:40.640Z,"5 km E of Hoback, Wyoming",earthquake,0.88,3.26,0.186980323121193,8,reviewed,mb,mb
2023-06-03T13:14:42.660Z,38.8076667,-122.7803333,1.5,0.32,md,13,94,0.005591,0.02,nc,nc73896206,2023-06-05T20:51:12.586Z,"4km NNW of The Geysers, CA",earthquake,0.29,0.28,0.398,13,reviewed,nc,nc
2023-06-03T13:13:23.470Z,38.7919998,-122.7750015,0.17,0.81,md,6,159,0.01016,0.03,nc,nc73896201,2023-06-03T13:14:58.131Z,"2km NW of The Geysers, CA",earthquake,0.49,1.31,0.11,9,automatic,nc,nc
2023-06-03T13:12:10.340Z,58.2393333333333,-155.1625,3.3,-0.5,ml,6,77,,0.13,av,av91909341,2023-06-09T05:37:58.030Z,"85 km NNW of Karluk, Alaska",earthquake,0.4,1.71,0.253541734100287,6,reviewed,av,av
2023-06-03T13:10:02.390Z,38.8106651,-122.7754974,0.75,0.78,md,8,198,0.00481,0.01,nc,nc73896196,2023-06-03T13:11:37.185Z,"4km NNW of The Geysers, CA",earthquake,0.56,0.66,0.21,8,automatic,nc,nc
2023-06-03T13:06:54.000Z,35.6628333,-118.3211667,7.9,0.91,ml,11,182,0.04077,0.12,ci,ci40477000,2023-06-04T13:54:00.708Z,"13km ESE of Wofford Heights, CA",earthquake,0.65,0.48,0.133,7,reviewed,ci,ci
2023-06-03T13:06:11.450Z,38.788,-122.7773333,1.18,1.06,md,43,80,0.009755,0.03,nc,nc73896191,2023-06-05T19:33:04.966Z,"2km WNW of The Geysers, CA",earthquake,0.13,0.22,0.165,37,reviewed,nc,nc
2023-06-03T13:04:53.160Z,58.2528333333333,-155.053166666667,4.13,0.31,ml,11,116,,0.15,av,av91909331,2023-06-09T05:30:46.130Z,"",earthquake,0.31,0.63,0.267362754777338,11,reviewed,av,av
2023-06-03T13:04:47.160Z,33.2645,-116.2215,11.02,1.18,ml,58,50,0.07662,0.2,ci,ci40476992,2023-06-06T20:09:48.369Z,"14km E of Borrego Springs, CA",earthquake,0.18,0.4,0.085,28,reviewed,ci,ci
2023-06-03T13:04:34.880Z,38.8069992,-122.7763367,-0.29,1.18,md,18,72,0.007114,0.03,nc,nc73896186,2023-06-03T14:00:14.209Z,"4km NNW of The Geysers, CA",earthquake,0.19,0.47,0.14,18,automatic,nc,nc
2023-06-03T13:01:18.910Z,38.81,-122.7771667,0.21,1.22,md,40,44,0.00426,0.04,nc,nc73896176,2023-06-05T23:32:13.606Z,"4km NNW of The Geysers, CA",earthquake,0.09,0.17,0.292,35,reviewed,nc,nc
2023-06-03T13:00:34.850Z,38.8091667,-122.7743333,-0.14,1.35,md,43,42,0.006428,0.05,nc,nc73896171,2023-06-05T23:06:15.447Z,"4km NNW of The Geysers, CA",earthquake,0.11,0.24,0.189,40,reviewed,nc,nc
2023-06-03T12:59:32.660Z,38.8095,-122.7758333,0.05,1.78,md,54,37,0.005334,0.05,nc,nc73896161,2023-06-05T22:40:14.289Z,"4km NNW of The Geysers, CA",earthquake,0.09,0.17,0.19,51,reviewed,nc,nc
2023-06-03T12:59:10.910Z,38.8083333,-122.7765,0.66,0.12,md,20,62,0.005906,0.04,nc,nc73896156,2023-06-05T20:27:15.539Z,"4km NNW of The Geysers, CA",earthquake,0.28,0.34,0.276,18,reviewed,nc,nc
2023-06-03T12:58:19.580Z,38.8066667,-122.7603333,0.78,0.35,md,21,99,0.006052,0.02,nc,nc73896151,2023-06-05T18:45:17.739Z,"3km N of The Geysers, CA",earthquake,0.15,0.2,0.175,17,reviewed,nc,nc
2023-06-03T12:57:37.280Z,46.8765,-112.529333333333,10.55,0.85,ml,11,107,0.05256,0.12,mb,mb90016698,2023-06-03T13:56:41.790Z,"14 km SE of Lincoln, Montana",earthquake,0.48,0.65,0.218716447228468,5,reviewed,mb,mb
2023-06-03T12:56:10.520Z,38.8171667,-122.7683333,0.49,0.31,md,13,75,0.01041,0.04,nc,nc73896146,2023-06-05T18:42:17.509Z,"4km W of Cobb, CA",earthquake,0.22,0.37,0.238,13,reviewed,nc,nc
2023-06-03T12:55:45.440Z,58.1751666666667,-155.310166666667,0.29,0.06,ml,8,166,,0.06,av,av91909326,2023-06-09T03:55:12.410Z,"Alaska Peninsula",earthquake,0.25,1.66,0.270641348714354,8,reviewed,av,av
2023-06-03T12:55:30.680Z,38.8113327,-122.776001,0.01,0.33,md,8,115,0.004134,0.02,nc,nc73896141,2023-06-03T12:57:07.172Z,"4km NNW of The Geysers, CA",earthquake,0.26,0.57,0.11,9,automatic,nc,nc
2023-06-03T12:55:26.130Z,38.816,-122.8295,1.15,0.25,md,12,92,0.007126,0.03,nc,nc73896136,2023-06-05T19:51:12.169Z,"8km NW of The Geysers, CA",earthquake,0.39,0.58,0.39,12,reviewed,nc,nc
2023-06-03T12:54:17.440Z,44.4473333,-111.0061667,14.72,0.84,md,7,197,0.1723,0.21,uu,uu60033454,2023-06-05T16:28:38.510Z,"25 km SSE of West Yellowstone, Montana",earthquake,1.53,2.79,0.295,5,reviewed,uu,uu
2023-06-03T12:54:11.980Z,38.7949982,-122.7801666,0.19,1.08,md,7,95,0.006324,0.02,nc,nc73896131,2023-06-03T12:55:46.965Z,"3km NW of The Geysers, CA",earthquake,0.3,1.06,0.11,9,automatic,nc,nc
2023-06-03T12:54:05.880Z,44.4328333,-111.0443333,15.01,0.59,md,8,214,0.1776,0.2,uu,uu60541556,2023-06-05T16:26:02.770Z,"25 km S of West Yellowstone, Montana",earthquake,1.64,3.16,0.192,4,reviewed,uu,uu
2023-06-03T12:53:36.560Z,38.7890015,-122.7766647,0.8,0.3,md,7,142,0.009733,0.02,nc,nc73896126,2023-06-03T12:55:12.110Z,"2km NW of The Geysers, CA",earthquake,0.42,0.96,0.06,8,automatic,nc,nc
2023-06-03T12:51:13.230Z,38.808,-122.7763333,0.01,0.35,md,17,73,0.006256,0.03,nc,nc71130579,2023-06-05T19:27:16.019Z,"4km NNW of The Geysers, CA",earthquake,0.17,0.34,0.173,16,reviewed,nc,nc
2023-06-03T12:50:22.090Z,35.5673333,-121.3146667,4.23,1.68,md,38,201,0.1742,0.1,nc,nc73896121,2023-06-05T22:13:13.107Z,"14km SW of San Simeon, CA",earthquake,0.33,0.91,0.201,26,reviewed,nc,nc
2023-06-03T12:50:18.780Z,38.811,-122.7766667,-0.55,0.2,md,12,72,0.003866,0.02,nc,nc73896116,2023-06-05T18:51:13.767Z,"4km NNW of The Geysers, CA",earthquake,0.16,1.26,0.35,12,reviewed,nc,nc
2023-06-03T12:50:02.790Z,38.8096657,-122.7774963,0.23,0.39,md,8,107,0.004368,0.03,nc,nc73896111,2023-06-03T12:51:36.975Z,"4km NNW of The Geysers, CA",earthquake,0.33,1.04,0.19,8,automatic,nc,nc
2023-06-03T12:49:15.910Z,38.8106651,-122.7748337,-0.15,1.05,md,11,76,0.005254,0.04,nc,nc73896106,2023-06-03T12:50:52.114Z,"4km NNW of The Geysers, CA",earthquake,0.27,0.55,0.22,12,automatic,nc,nc
2023-06-03T12:45:17.360Z,38.8076668,-122.7758331,-0.51,0.27,md,8,108,0.006749,0.02,nc,nc73896101,2023-06-03T12:46:52.034Z,"4km NNW of The Geysers, CA",earthquake,0.46,0.71,0.13,8,automatic,nc,nc
2023-06-03T12:44:59.960Z,38.7996674,-122.800499,1.07,1.06,md,18,54,0.009229,0.03,nc,nc73896096,2023-06-03T12:46:37.051Z,"5km WNW of The Geysers, CA",earthquake,0.2,0.5,0.09,19,automatic,nc,nc
2023-06-03T12:44:48.170Z,38.8106651,-122.777832,0.23,1.08,md,13,107,0.003417,0.03,nc,nc73896091,2023-06-03T12:46:22.065Z,"4km NNW of The Geysers, CA",earthquake,0.22,0.53,0.15,14,automatic,nc,nc
2023-06-03T12:43:16.890Z,58.2538333333333,-155.135666666667,4.28,-0.23,ml,9,80,,0.12,av,av91909321,2023-06-09T03:50:03.540Z,"86 km NNW of Karluk, Alaska",earthquake,0.33,0.7,0.273132310712702,9,reviewed,av,av
2023-06-03T12:37:23.977Z,39.6103,-119.9844,6.7,1.5,ml,11,73.62,0.018,0.1359,nn,nn00860775,2023-06-03T15:22:16.502Z,"7 km S of Cold Springs, Nevada",earthquake,,1.4,0.23,4,reviewed,nn,nn
2023-06-03T12:35:02.670Z,38.7851677,-122.7741699,0.21,0.43,md,7,124,0.0134,0,nc,nc73896076,2023-06-03T12:36:36.876Z,"2km WNW of The Geysers, CA",earthquake,0.31,1.05,0.17,7,automatic,nc,nc
2023-06-03T12:34:49.360Z,38.8066667,-122.7765,-0.14,1.57,md,47,43,0.00735,0.05,nc,nc73896071,2023-06-05T21:20:13.763Z,"4km NNW of The Geysers, CA",earthquake,0.09,0.22,0.217,42,reviewed,nc,nc
2023-06-03T12:34:12.010Z,38.819,-122.7763333,1.21,0.41,md,5,189,0.006665,0.01,nc,nc73896066,2023-06-05T17:46:42.119Z,"5km W of Cobb, CA",earthquake,0.71,0.71,0.16,5,reviewed,nc,nc
2023-06-03T12:34:09.087Z,71.3928,-138.6769,24.2,2.1,ml,,,,1.13,ak,ak02372w3xts,2023-06-12T00:36:40.965Z,"229 km NE of Kaktovik, Alaska",earthquake,,10,,,reviewed,ak,ak
2023-06-03T12:29:16.322Z,71.5926,-137.7384,24.1,2.2,ml,,,,1.37,ak,ak02372w2wco,2023-06-12T00:36:40.772Z,"269 km NE of Kaktovik, Alaska",earthquake,,4,,,reviewed,ak,ak
2023-06-03T12:28:52.480Z,38.8208333,-122.7763333,1.4,0.39,md,23,57,0.008292,0.04,nc,nc73896046,2023-06-05T17:40:11.440Z,"5km W of Cobb, CA",earthquake,0.18,0.29,0.187,20,reviewed,nc,nc
2023-06-03T12:27:30.810Z,38.7900009,-122.777832,1.34,0.76,md,7,113,0.008497,0.01,nc,nc73896041,2023-06-03T12:29:06.986Z,"2km NW of The Geysers, CA",earthquake,0.48,1.12,0.35,8,automatic,nc,nc
2023-06-03T12:26:22.930Z,38.7923333,-122.7866667,1.11,-0.11,md,14,102,0.001292,0.04,nc,nc73896036,2023-06-04T05:40:35.075Z,"3km WNW of The Geysers, CA",earthquake,0.3,0.39,0.232,16,reviewed,nc,nc
2023-06-03T12:26:10.750Z,38.799,-122.7988333,0.21,0.43,md,23,39,0.00937,0.03,nc,nc73896031,2023-06-04T05:39:14.038Z,"4km WNW of The Geysers, CA",earthquake,0.14,0.33,0.423,21,reviewed,nc,nc
2023-06-03T12:25:23.180Z,38.8199997,-122.8451691,-0.76,0.34,md,7,177,0.01185,0.08,nc,nc73896021,2023-06-03T12:26:56.775Z,"9km WNW of The Geysers, CA",earthquake,1.09,4.84,0.13,7,automatic,nc,nc
2023-06-03T12:24:50.310Z,38.8001667,-122.78,0.18,0.38,md,7,90,0.009326,0.02,nc,nc73896016,2023-06-04T05:04:12.847Z,"3km NW of The Geysers, CA",earthquake,0.24,0.58,0.086,6,reviewed,nc,nc
2023-06-03T12:24:20.300Z,38.7931667,-122.7823333,-0.06,0.4,md,22,79,0.004364,0.04,nc,nc73896011,2023-06-05T17:36:11.162Z,"3km NW of The Geysers, CA",earthquake,0.15,0.28,0.377,20,reviewed,nc,nc
2023-06-03T12:23:09.780Z,38.8163338,-122.7641678,2.33,1.13,md,9,128,0.01326,0.05,nc,nc73896006,2023-06-03T13:29:15.021Z,"4km W of Cobb, CA",earthquake,0.48,0.92,0.37,10,automatic,nc,nc
2023-06-03T12:22:55.915Z,60.2371,-148.4147,14.9,1.6,ml,,,,1.38,ak,ak02372w1ha1,2023-06-12T00:36:39.691Z,"29 km NW of Chenega, Alaska",earthquake,,0.9,,,reviewed,ak,ak
2023-06-03T12:20:31.698Z,71.4249,-138.1543,24.3,2.7,ml,,,,1.29,ak,ak02372w100f,2023-06-12T00:36:40.581Z,"Beaufort Sea",earthquake,,3.6,,,reviewed,ak,ak
2023-06-03T12:20:16.840Z,38.809166,-122.7953339,3.23,1.03,md,26,46,0.001196,0.02,nc,nc73895991,2023-06-03T12:49:51.465Z,"5km NW of The Geysers, CA",earthquake,0.25,0.42,0.13,26,automatic,nc,nc
2023-06-03T12:19:08.834Z,71.7347,-137.1321,24.6,2.9,ml,,,,1.17,ak,ak02372w0rsr,2023-06-12T00:36:39.472Z,"296 km NE of Kaktovik, Alaska",earthquake,,7.8,,,reviewed,ak,ak
2023-06-03T12:18:37.090Z,36.0383333,-117.779,2.36,1.7,ml,23,98,0.01719,0.16,ci,ci40476904,2023-06-06T19:47:28.240Z,"15km E of Coso Junction, CA",earthquake,0.2,0.21,0.224,10,reviewed,ci,ci
2023-06-03T12:18:24.650Z,38.818,-122.7603333,1.9,1.48,md,54,47,0.01453,0.05,nc,nc73895986,2023-06-05T20:51:13.587Z,"3km W of Cobb, CA",earthquake,0.12,0.17,0.171,42,reviewed,nc,nc
2023-06-03T12:17:51.900Z,38.847,-122.8161667,1.5,0.25,md,22,56,0.009485,0.06,nc,nc73895981,2023-06-04T04:54:11.790Z,"8km WNW of Cobb, CA",earthquake,0.21,0.42,0.323,23,reviewed,nc,nc
2023-06-03T12:15:36.540Z,38.8121667,-122.776,0.16,0.38,md,12,75,0.003819,0.05,nc,nc71130574,2023-06-05T18:06:15.640Z,"4km NNW of The Geysers, CA",earthquake,0.24,0.48,0.04,5,reviewed,nc,nc
2023-06-03T12:15:07.320Z,38.7928333,-122.8005,2.03,0.9,md,15,61,0.004928,0.05,nc,nc73895971,2023-06-05T17:54:12.419Z,"4km WNW of The Geysers, CA",earthquake,0.3,0.45,0.223,16,reviewed,nc,nc
2023-06-03T12:14:00.630Z,38.7971649,-122.7953339,0.23,0.92,md,10,95,0.00703,0.04,nc,nc73895966,2023-06-03T12:15:36.682Z,"4km WNW of The Geysers, CA",earthquake,0.33,0.72,0.19,11,automatic,nc,nc
2023-06-03T12:13:03.930Z,38.81,-122.7753333,0.25,1.24,md,43,40,0.005298,0.04,nc,nc73895956,2023-06-05T19:31:12.048Z,"4km NNW of The Geysers, CA",earthquake,0.12,0.19,0.281,36,reviewed,nc,nc
2023-06-03T12:12:54.940Z,38.8053333,-122.7578333,0.42,1.05,md,45,45,0.004925,0.04,nc,nc73895951,2023-06-05T19:04:12.979Z,"3km N of The Geysers, CA",earthquake,0.11,0.2,0.223,37,reviewed,nc,nc
2023-06-03T12:12:36.320Z,38.8069992,-122.7783356,2.22,1.01,md,9,80,0.006515,0.01,nc,nc73895946,2023-06-03T12:14:11.738Z,"4km NNW of The Geysers, CA",earthquake,0.43,0.95,0.26,10,automatic,nc,nc
2023-06-03T12:11:42.490Z,38.8008333,-122.7993333,0.85,1.33,md,44,37,0.007789,0.04,nc,nc73895936,2023-06-05T13:11:14.912Z,"4km NW of The Geysers, CA",earthquake,0.09,0.18,0.219,39,reviewed,nc,nc
2023-06-03T12:10:56.450Z,38.808,-122.7765,-0.05,0.61,md,25,62,0.006186,0.04,nc,nc73895931,2023-06-05T09:46:16.479Z,"4km NNW of The Geysers, CA",earthquake,0.13,0.24,0.342,21,reviewed,nc,nc
2023-06-03T12:10:25.250Z,38.8191667,-122.7606667,1.81,1.93,md,47,46,0.0134,0.04,nc,nc73895926,2023-06-05T09:20:13.313Z,"3km W of Cobb, CA",earthquake,0.13,0.16,0.145,38,reviewed,nc,nc
2023-06-03T12:10:22.510Z,38.813,-122.7696667,0.31,1.43,md,25,56,0.008612,0.04,nc,nc73895921,2023-06-05T08:27:10.986Z,"4km NNW of The Geysers, CA",earthquake,0.17,0.29,0.203,19,reviewed,nc,nc
2023-06-03T12:10:10.750Z,38.811,-122.7761667,0.38,2.35,md,36,47,0.004189,0.05,nc,nc71130569,2023-06-05T07:19:10.593Z,"4km NNW of The Geysers, CA",earthquake,0.12,0.24,0.204,29,reviewed,nc,nc
2023-06-03T12:09:59.980Z,38.8173333,-122.7615,1.85,2.55,md,93,35,0.01467,0.07,nc,nc73895916,2023-06-05T06:49:10.413Z,"3km W of Cobb, CA",earthquake,0.1,0.13,0.284,87,reviewed,nc,nc
2023-06-03T12:09:38.580Z,38.8081667,-122.7768333,-0.19,0.79,md,26,61,0.005909,0.03,nc,nc73895911,2023-06-04T11:01:58.024Z,"4km NNW of The Geysers, CA",earthquake,0.12,0.29,0.212,22,reviewed,nc,nc
2023-06-03T12:09:33.100Z,38.8023333,-122.749,0.4,0.57,md,31,58,0.008542,0.05,nc,nc73895906,2023-06-04T10:48:57.096Z,"3km NNE of The Geysers, CA",earthquake,0.14,0.24,0.293,26,reviewed,nc,nc
2023-06-03T12:09:03.080Z,38.825,-122.7815,-0.59,0.32,md,15,70,0.01057,0.03,nc,nc73895901,2023-06-04T11:17:19.191Z,"5km W of Cobb, CA",earthquake,0.18,0.66,0.214,13,reviewed,nc,nc
2023-06-03T12:08:07.660Z,38.8045,-122.7773333,0.71,1.43,md,34,47,0.00913,0.03,nc,nc73895891,2023-06-04T11:07:11.141Z,"4km NNW of The Geysers, CA",earthquake,0.13,0.23,0.145,26,reviewed,nc,nc
2023-06-03T12:08:02.510Z,38.8118333,-122.7765,0.42,0.8,md,30,48,0.003566,0.02,nc,nc73895886,2023-06-04T10:43:14.007Z,"4km NNW of The Geysers, CA",earthquake,0.12,0.25,0.24,23,reviewed,nc,nc
2023-06-03T12:07:35.060Z,38.8221667,-122.771,0.7,1.78,md,27,66,0.008336,0.04,nc,nc73895876,2023-06-04T06:36:10.414Z,"4km W of Cobb, CA",earthquake,0.13,0.18,0.184,22,reviewed,nc,nc
2023-06-03T12:07:20.610Z,38.795,-122.7948333,0.57,2.45,md,82,30,0.005702,0.07,nc,nc73895896,2023-06-03T23:26:13.726Z,"4km WNW of The Geysers, CA",earthquake,0.08,0.14,0.206,76,reviewed,nc,nc
2023-06-03T12:06:35.020Z,38.8113327,-122.7771683,0.27,0.73,md,11,78,0.003354,0.01,nc,nc73895866,2023-06-03T12:08:11.716Z,"4km NNW of The Geysers, CA",earthquake,0.27,0.57,0.18,13,automatic,nc,nc
2023-06-03T12:06:21.410Z,38.8068352,-122.7593307,0.73,1.1,md,7,101,0.006208,0.01,nc,nc73895861,2023-06-03T13:08:12.851Z,"3km N of The Geysers, CA",earthquake,0.44,0.58,0.36,9,automatic,nc,nc
2023-06-03T12:06:13.860Z,38.8204994,-122.7799988,-0.12,0.49,md,8,99,0.00725,0.01,nc,nc73895856,2023-06-03T12:07:46.707Z,"5km W of Cobb, CA",earthquake,1,1.84,0.2,7,automatic,nc,nc
2023-06-03T12:06:02.380Z,38.8058333,-122.7831667,2.81,0.9,md,33,37,0.007664,0.03,nc,nc73895871,2023-06-03T23:09:16.611Z,"4km NW of The Geysers, CA",earthquake,0.18,0.27,0.29,29,reviewed,nc,nc
2023-06-03T12:05:44.360Z,38.8045,-122.7713333,4.58,1.59,md,20,60,0.00987,0.08,nc,nc73895851,2023-06-08T08:55:14.444Z,"3km NNW of The Geysers, CA",earthquake,0.35,0.39,0.19,15,reviewed,nc,nc
2023-06-03T12:05:40.028Z,58.5641,-153.6704,68,1.7,ml,,,,0.46,ak,ak02372vxsz6,2023-06-08T18:06:49.674Z,"71 km NW of Aleneva, Alaska",earthquake,,0.7,,,reviewed,ak,ak
2023-06-03T12:05:28.100Z,38.7896667,-122.7805,0.6,0.88,md,22,101,0.006775,0.09,nc,nc73895846,2023-06-03T22:38:17.409Z,"2km WNW of The Geysers, CA",earthquake,0.27,0.54,0.321,21,reviewed,nc,nc
2023-06-03T12:03:58.400Z,38.7981667,-122.7953333,0.97,0.89,md,20,52,0.007641,0.05,nc,nc73895836,2023-06-03T22:26:18.340Z,"4km NW of The Geysers, CA",earthquake,0.24,0.19,0.387,18,reviewed,nc,nc
2023-06-03T12:03:23.370Z,38.8061667,-122.7825,-0.06,2.32,md,53,34,0.007223,0.06,nc,nc73895831,2023-06-03T22:14:10.253Z,"4km NW of The Geysers, CA",earthquake,0.08,0.16,0.334,38,reviewed,nc,nc
2023-06-03T12:02:39.800Z,38.8001667,-122.7725,0.81,2.94,md,58,37,0.01,0.05,nc,nc73895821,2023-06-03T21:17:12.561Z,"3km NNW of The Geysers, CA",earthquake,0.1,0.16,0.301,32,reviewed,nc,nc
2023-06-03T12:02:19.470Z,38.8116667,-122.7865,-0.37,1.5,md,21,175,0.007807,0.1,nc,nc73895816,2023-06-03T21:03:11.837Z,"5km NW of The Geysers, CA",earthquake,0.49,1.48,0.334,3,reviewed,nc,nc
2023-06-03T12:01:18.960Z,38.7921667,-122.7785,3.83,4.45,mw,106,25,0.007429,0.06,nc,nc73895826,2023-06-12T16:03:48.536Z,"2km NW of The Geysers, CA",earthquake,0.1,0.15,,4,reviewed,nc,nc
2023-06-03T11:59:29.010Z,38.7956657,-122.7781677,3.05,0.76,md,12,138,0.008014,0.01,nc,nc73895811,2023-06-03T12:16:13.518Z,"3km NW of The Geysers, CA",earthquake,0.49,0.71,0.18,13,automatic,nc,nc
2023-06-03T11:55:03.298Z,60.1187,-151.0124,52.4,1.3,ml,,,,0.48,ak,ak02372vn0c9,2023-06-08T18:06:49.473Z,"24 km ESE of Clam Gulch, Alaska",earthquake,,0.3,,,reviewed,ak,ak
2023-06-03T11:53:04.610Z,58.2126666666667,-155.1145,2.06,0.12,ml,8,90,,0.13,av,av91909306,2023-06-08T23:02:56.070Z,"81 km NNW of Karluk, Alaska",earthquake,0.25,0.78,0.374996122173175,8,reviewed,av,av
2023-06-03T11:49:18.640Z,19.2403335571289,-155.406661987305,31.5599994659424,1.87,ml,46,132,,0.119999997,hv,hv73437892,2023-06-03T11:54:48.500Z,"8 km ENE of Pāhala, Hawaii",earthquake,0.53,0.74000001,3.31,7,automatic,hv,hv
2023-06-03T11:48:14.110Z,38.8361664,-122.7914963,1.43,0.76,md,10,74,0.002413,0.02,nc,nc73895806,2023-06-03T12:44:12.692Z,"6km WNW of Cobb, CA",earthquake,0.4,0.98,0.11,11,automatic,nc,nc
2023-06-03T11:38:08.090Z,46.885,-112.518,10.08,0.96,ml,11,114,0.04917,0.07,mb,mb90016693,2023-06-03T13:48:17.490Z,"14 km ESE of Lincoln, Montana",earthquake,0.46,0.42,0.128051627836782,6,reviewed,mb,mb
2023-06-03T11:36:51.638Z,25.2464,96.2529,10,4.1,mb,17,127,6.358,0.26,us,us7000k7dn,2023-06-25T13:02:13.040Z,"116 km W of Myitkyina, Myanmar",earthquake,8.88,1.868,0.184,8,reviewed,us,us
2023-06-03T11:30:59.600Z,58.1641666666667,-155.378666666667,0.24,-0.27,ml,6,85,,0.06,av,av91909291,2023-06-08T22:56:58.250Z,"",earthquake,0.33,3.4,0.130237810018811,6,reviewed,av,av
2023-06-03T11:29:46.650Z,35.6486667,-118.3181667,7.59,1.44,ml,21,68,0.05386,0.13,ci,ci40476872,2023-06-04T13:55:59.120Z,"14km ESE of Wofford Heights, CA",earthquake,0.21,0.56,0.22,17,reviewed,ci,ci
2023-06-03T11:26:53.424Z,59.2688,-154.734,10,1.2,ml,,,,0.67,ak,ak02372vgwfy,2023-06-08T18:06:49.277Z,"19 km S of Kokhanok, Alaska",earthquake,,1,,,reviewed,ak,ak
2023-06-03T11:14:19.524Z,61.1477,-151.2355,68.5,1.3,ml,,,,0.56,ak,ak02372ve8u2,2023-06-08T18:06:45.850Z,"8 km W of Beluga, Alaska",earthquake,,0.5,,,reviewed,ak,ak
2023-06-03T11:13:17.540Z,19.246166229248,-155.406005859375,31.3199996948242,2.04,ml,51,130,,0.140000001,hv,hv73437862,2023-06-03T12:02:17.040Z,"9 km ENE of Pāhala, Hawaii",earthquake,0.48,0.649999976,3.31,24,automatic,hv,hv
2023-06-03T11:06:59.583Z,60.7243,-146.8594,25.9,1.4,ml,,,,0.73,ak,ak02372vclik,2023-06-08T18:06:45.637Z,"Southern Alaska",earthquake,,0.3,,,reviewed,ak,ak
2023-06-03T11:02:08.287Z,37.2773,-117.5818,5.6,0.9,ml,9,123.93,0.068,0.1269,nn,nn00860768,2023-06-03T14:20:06.568Z,"53 km S of Silver Peak, Nevada",earthquake,,3.5,0.98,7,reviewed,nn,nn
2023-06-03T10:57:34.516Z,18.3398,145.8466,104.23,4.6,mb,42,127,3.082,0.4,us,us7000k62u,2023-06-03T11:31:55.040Z,"Pagan region, Northern Mariana Islands",earthquake,11.1,8,0.041,174,reviewed,us,us
2023-06-03T10:56:48.250Z,35.119,-97.57616667,6.64,2.54,ml,95,33,0.0638874631,0.2,ok,ok2023kujq,2023-06-03T23:28:17.798Z,"1 km N of Cole, Oklahoma",earthquake,,0.3,0.22,42,reviewed,ok,ok
2023-06-03T10:54:48.290Z,38.8438339,-122.879837,2.48,0.33,md,6,111,0.00956,0.02,nc,nc73895796,2023-06-03T11:52:11.357Z,"13km ENE of Cloverdale, CA",earthquake,0.46,0.98,0.23,7,automatic,nc,nc
2023-06-03T10:53:54.435Z,12.5855,48.0637,10,4.4,mb,32,198,5.21,0.63,us,us7000k62t,2023-06-03T11:58:53.040Z,"Gulf of Aden",earthquake,7.44,2.004,0.107,25,reviewed,us,us
2023-06-03T10:52:37.429Z,36.7331,-116.2928,8.8,-0.3,ml,5,144.2,0.017,0.0287,nn,nn00860779,2023-06-03T14:41:56.473Z,"45 km ESE of Beatty, Nevada",earthquake,,4,0,1,reviewed,nn,nn
2023-06-03T10:51:16.830Z,33.9735,-116.921,12.52,0.65,ml,28,104,0.1124,0.11,ci,ci40476864,2023-06-06T18:25:13.639Z,"7km NW of Banning, CA",earthquake,0.17,0.56,0.073,11,reviewed,ci,ci
2023-06-03T10:49:45.760Z,58.2656666666667,-155.105,5.47,0.04,ml,8,115,,0.13,av,av91909271,2023-06-08T21:40:42.610Z,"86 km NNW of Karluk, Alaska",earthquake,0.38,0.72,0.225183139932087,8,reviewed,av,av
2023-06-03T10:49:40.586Z,31.73698065,-104.1075344,7.468383789,2.6,ml,17,38,0.04114320512,0.1,tx,tx2023kujk,2023-06-05T09:40:12.424Z,"48 km W of Mentone, Texas",earthquake,0.5659862527,0.7955167968,0.1,18,reviewed,tx,tx
2023-06-03T10:48:03.740Z,62.3,-148.7611,23.2,1.4,ml,,,,0.76,ak,ak02372v02ow,2023-06-08T18:06:45.373Z,"58 km N of Sutton-Alpine, Alaska",earthquake,,0.7,,,reviewed,ak,ak
2023-06-03T10:45:28.893Z,12.4324,48.0454,10,4.5,mb,24,146,5.165,0.42,us,us7000k62r,2023-06-03T11:51:06.040Z,"141 km N of Las Khorey, Somalia",earthquake,7.43,1.954,0.151,14,reviewed,us,us
2023-06-03T10:43:19.570Z,58.1796666666667,-155.321166666667,2.42,0.74,ml,10,107,,0.08,av,av91909266,2023-06-08T21:28:53.840Z,"85 km NW of Karluk, Alaska",earthquake,0.21,0.35,0.349832487055034,11,reviewed,av,av
2023-06-03T10:42:09.730Z,33.836,-118.6633333,1.71,1.74,ml,24,153,0.2061,0.24,ci,ci40476856,2023-06-06T18:11:59.518Z,"22km S of Malibu Beach, CA",earthquake,0.45,1.35,0.158,35,reviewed,ci,ci
2023-06-03T10:42:04.100Z,38.8170013,-122.8028336,2.22,0.78,md,8,103,0.008529,0.03,nc,nc73895791,2023-06-03T11:24:13.197Z,"6km NW of The Geysers, CA",earthquake,0.58,1.07,0.33,8,automatic,nc,nc
2023-06-03T10:41:46.870Z,32.84,-116.0878333,13.55,0.41,ml,16,85,0.04867,0.11,ci,ci40476848,2023-06-06T18:02:07.885Z,"15km NW of Ocotillo, CA",earthquake,0.24,0.46,0.057,3,reviewed,ci,ci
2023-06-03T10:35:41.030Z,41.9659,142.5958,62.132,4.9,mb,87,105,0.421,0.69,us,us7000k62j,2023-06-03T21:54:53.297Z,"26 km SW of Urakawa, Japan",earthquake,6.18,6.477,0.025,519,reviewed,us,us
2023-06-03T10:35:34.850Z,12.6289,48.1236,10,4.6,mb,46,84,5.276,0.51,us,us7000k7dj,2023-06-25T12:29:25.040Z,"162 km N of Las Khorey, Somalia",earthquake,12.55,1.903,0.089,38,reviewed,us,us
2023-06-03T10:32:07.075Z,12.5533,48.0454,10,4.9,mb,53,83,5.186,0.37,us,us7000k62k,2023-06-03T10:59:32.040Z,"155 km N of Las Khorey, Somalia",earthquake,7.22,1.862,0.077,53,reviewed,us,us
2023-06-03T10:31:11.530Z,58.2623333333333,-154.959166666667,2.94,0.69,ml,8,142,,0.26,av,av91909256,2023-06-08T21:21:46.380Z,"82 km NNW of Karluk, Alaska",earthquake,0.67,1.48,0.264099393053636,9,reviewed,av,av
2023-06-03T10:15:55.014Z,12.4187,47.9816,10,4.9,mb,40,78,5.101,0.32,us,us7000k62h,2023-06-03T10:38:56.040Z,"141 km N of Las Khorey, Somalia",earthquake,7.07,1.928,0.095,35,reviewed,us,us
2023-06-03T10:13:16.700Z,19.3908333333333,-155.275833333333,1.66,2.6,ml,48,50,,0.12,hv,hv73437797,2023-06-06T01:13:53.660Z,"7 km SW of Volcano, Hawaii",earthquake,0.17,0.14,0.176686708735857,21,reviewed,hv,hv
2023-06-03T10:09:21.900Z,58.2595,-155.0315,2.4,-0.58,ml,4,131,,0.05,av,av91909246,2023-06-08T21:13:00.690Z,"84 km NNW of Karluk, Alaska",earthquake,0.44,0.6,0.147438943861082,4,reviewed,av,av
2023-06-03T10:08:33.481Z,-20.6574,-68.9661,135.688,5,mww,28,56,1.007,1.01,us,us7000k62d,2023-06-03T17:06:18.752Z,"80 km ESE of La Tirana, Chile",earthquake,5.89,7.351,0.08,15,reviewed,us,us
2023-06-03T10:06:18.603Z,51.7022,-176.6232,68.2,2.7,ml,,,,0.35,ak,ak02372ur3tj,2023-06-12T00:36:39.273Z,"19 km S of Adak, Alaska",earthquake,,0.6,,,reviewed,ak,ak
2023-06-03T10:00:34.814Z,62.2848,-149.7787,14.8,1,ml,,,,0.54,ak,ak02372upuql,2023-06-08T18:06:44.965Z,"14 km NNE of Susitna North, Alaska",earthquake,,0.8,,,reviewed,ak,ak
2023-06-03T09:55:56.410Z,33.3988333,-116.3893333,6.1,0.81,ml,47,87,0.07427,0.2,ci,ci40476816,2023-06-06T17:57:00.560Z,"16km N of Borrego Springs, CA",earthquake,0.23,0.67,0.171,21,reviewed,ci,ci
2023-06-03T09:51:07.790Z,47.785333333333334,-122.85066666666667,20.4,1.12,ml,14,74,0.04909,0.22,uw,uw61930266,2023-06-03T21:39:06.180Z,"4 km SSE of Quilcene, Washington",earthquake,0.55,0.82,0.10464347064062829,7,reviewed,uw,uw
2023-06-03T09:50:49.900Z,36.7863333,-121.333,8.07,1.84,md,45,91,0.07947,0.09,nc,nc73895781,2023-06-03T21:59:12.158Z,"1km WSW of Tres Pinos, CA",earthquake,0.2,0.42,0.168,45,reviewed,nc,nc
2023-06-03T09:50:17.380Z,38.7371674,-122.6998367,-0.75,1.04,md,8,231,0.03097,0.34,nc,nc73895776,2023-06-03T10:42:14.966Z,"4km S of Anderson Springs, CA",earthquake,2.85,3.7,0.18,7,automatic,nc,nc
2023-06-03T09:48:56.030Z,46.8781666666667,-112.537166666667,9.43,0.81,ml,11,107,0.05819,0.15,mb,mb90016678,2023-06-03T13:37:10.940Z,"Western Montana",earthquake,0.65,0.76,0.105464930592775,6,reviewed,mb,mb
2023-06-03T09:47:47.360Z,60.0438333333333,-152.958166666667,7.77,-0.11,ml,4,288,,0.14,av,av91909226,2023-06-08T21:03:05.710Z,"69 km W of Happy Valley, Alaska",earthquake,1.81,1.29,0.295413653857899,4,reviewed,av,av
2023-06-03T09:43:36.492Z,12.8129,47.8315,10,4.6,mb,50,80,5.038,0.65,us,us7000k62c,2023-06-03T10:11:53.040Z,"187 km NNW of Las Khorey, Somalia",earthquake,12.66,1.922,0.084,42,reviewed,us,us
2023-06-03T09:41:57.090Z,38.8366661,-122.8366699,1.31,0.44,md,15,105,0.002131,0.01,nc,nc73895771,2023-06-03T10:15:13.809Z,"10km NW of The Geysers, CA",earthquake,0.28,0.54,0.28,15,automatic,nc,nc
2023-06-03T09:39:25.971Z,54.0587,-163.7333,59.1,2.2,ml,,,,0.6,ak,ak02372ucrf9,2023-06-08T18:06:49.077Z,"90 km SSW of False Pass, Alaska",earthquake,,1.7,,,reviewed,ak,ak
2023-06-03T09:33:46.970Z,17.9888333333333,-66.9923333333333,11.65,2.15,md,5,152,0.05302,0.08,pr,pr71412208,2023-06-03T09:45:56.240Z,"5 km ENE of La Parguera, Puerto Rico",earthquake,1.67,1.27,0.163807846267204,4,reviewed,pr,pr
2023-06-03T09:32:27.100Z,46.87533333333333,-121.94116666666666,5.14,0.15,ml,17,76,0.01183,0.09,uw,uw61930261,2023-06-03T18:19:12.460Z,"14 km NNE of Ashford, Washington",earthquake,0.3,0.5,0.05512289944514519,7,reviewed,uw,uw
2023-06-03T09:24:49.976Z,60.1257,-151.8314,82.1,1.5,ml,,,,0.44,ak,ak02372u9lj9,2023-06-08T18:06:48.872Z,"12 km NW of Ninilchik, Alaska",earthquake,,0.5,,,reviewed,ak,ak
2023-06-03T09:23:55.162Z,37.5223,56.7446,10,4.1,mb,46,153,1.162,0.37,us,us7000k625,2023-06-25T12:46:03.040Z,"51 km W of Bojnūrd, Iran",earthquake,5.56,1.922,0.101,27,reviewed,us,us
2023-06-03T09:23:19.659Z,62.9143,-148.3372,10.2,1.4,ml,,,,0.89,ak,ak02372u9bgf,2023-06-08T18:06:44.727Z,"61 km SSE of Cantwell, Alaska",earthquake,,0.1,,,reviewed,ak,ak
2023-06-03T09:21:29.350Z,18.0493333333333,-67.0226666666667,24,2.28,md,12,77,0.04327,0.2,pr,pr71412203,2023-06-03T09:36:44.370Z,"3 km E of Lajas, Puerto Rico",earthquake,0.56,0.93,0.105852361931737,7,reviewed,pr,pr
2023-06-03T09:16:12.203Z,55.1197,-158.1205,39.1,2.6,ml,,,,0.54,ak,ak02372u7sux,2023-06-25T11:27:58.040Z,"109 km SE of Perryville, Alaska",earthquake,,1.3,,,reviewed,ak,ak
2023-06-03T09:03:52.489Z,61.6071,-150.9642,64.5,1.2,ml,,,,0.61,ak,ak02372u53ow,2023-06-08T18:06:48.487Z,"25 km WNW of Susitna, Alaska",earthquake,,0.6,,,reviewed,ak,ak
2023-06-03T09:02:16.210Z,46.9185,-121.9425,14.26,0.47000000000000003,ml,27,92,0.0155,0.2,uw,uw61930256,2023-06-03T18:09:09.940Z,"",earthquake,0.54,0.59,0.1239045899915841,13,reviewed,uw,uw
2023-06-03T08:57:06.270Z,60.0253333333333,-153.077833333333,-1.94,-0.32,ml,4,154,,0.05,av,av91909201,2023-06-08T19:58:06.720Z,"63 km ENE of Pedro Bay, Alaska",earthquake,0.38,4.57,0.185524065805711,4,reviewed,av,av
2023-06-03T08:56:03.580Z,12.558,47.9369,10,4.5,mb,36,131,5.083,0.48,us,us7000k622,2023-06-15T13:00:10.040Z,"157 km N of Las Khorey, Somalia",earthquake,8.31,1.891,0.106,26,reviewed,us,us
2023-06-03T08:51:53.219Z,0.5531,96.5897,10,4.3,mb,20,170,1.236,0.47,us,us7000k7dx,2023-06-15T12:51:39.040Z,"135 km W of Teluk Dalam, Indonesia",earthquake,8.45,1.835,0.161,11,reviewed,us,us
2023-06-03T08:50:45.790Z,35.6491667,-118.316,7.85,0.87,ml,14,76,0.05436,0.13,ci,ci40476800,2023-06-04T13:55:52.173Z,"14km ESE of Wofford Heights, CA",earthquake,0.28,0.63,0.107,10,reviewed,ci,ci
2023-06-03T08:49:36.615Z,64.0222,-148.2929,8.8,0.7,ml,,,,0.77,ak,ak02372tthsx,2023-06-08T18:06:44.517Z,"37 km ENE of Healy, Alaska",earthquake,,0.5,,,reviewed,ak,ak
2023-06-03T08:46:14.480Z,57.4189,-154.8316,12.4,1.4,ml,,,,0.42,ak,ak02372tssnk,2023-06-12T00:36:39.068Z,"Kodiak Island region, Alaska",earthquake,,0.6,,,reviewed,ak,ak
2023-06-03T08:45:47.381Z,54.5051,-160.0044,12.7,2.2,ml,,,,0.69,ak,ak02372tsnrm,2023-06-08T18:06:48.281Z,"97 km SSE of Sand Point, Alaska",earthquake,,0.8,,,reviewed,ak,ak
2023-06-03T08:44:35.025Z,39.847,-119.0634,15.1,1.3,ml,5,291.39,0.593,0.134,nn,nn00860784,2023-06-03T15:06:43.006Z,"",earthquake,,1.7,0.24,5,reviewed,nn,nn
2023-06-03T08:39:51.204Z,6.4175,124.7489,11.502,4.6,mb,49,94,1.041,0.57,us,us7000k61z,2023-06-15T12:41:47.530Z,"3 km WSW of Bañga, Philippines",earthquake,6.54,4.762,0.091,36,reviewed,us,us
2023-06-03T08:34:40.800Z,34.4558333,-117.9301667,9.06,1.56,ml,46,35,0.02196,0.18,ci,ci40476792,2023-06-04T13:57:11.060Z,"6km SSW of Pearblossom, CA",earthquake,0.19,0.44,0.172,26,reviewed,ci,ci
2023-06-03T08:31:32.310Z,17.9586666666667,-66.7651666666667,16.79,2.57,md,7,217,0.1098,0.12,pr,pr71412198,2023-06-03T08:43:00.390Z,"Puerto Rico region",earthquake,0.74,0.66,0.125528114140721,7,reviewed,pr,pr
2023-06-03T08:31:19.990Z,12.4789,48.2459,10,4.2,mb,25,105,5.366,0.75,us,us7000k7db,2023-06-15T12:37:41.040Z,"146 km N of Las Khorey, Somalia",earthquake,13.45,1.941,0.128,17,reviewed,us,us
2023-06-03T08:29:06.660Z,62.5463,-151.6341,93.4,1.3,ml,,,,0.67,ak,ak02372tp54t,2023-06-08T18:06:44.103Z,"Central Alaska",earthquake,,0.7,,,reviewed,ak,ak
2023-06-03T08:27:56.060Z,58.1776666666667,-155.323,1.62,0.42,ml,10,72,,0.06,av,av91909171,2023-06-08T19:49:43.190Z,"85 km NW of Karluk, Alaska",earthquake,0.19,0.77,0.349714315339297,10,reviewed,av,av
2023-06-03T08:24:31.152Z,64.1096,-148.3799,112.5,1.5,ml,,,,0.59,ak,ak02372to4f4,2023-06-08T18:06:43.806Z,"37 km ENE of Ferry, Alaska",earthquake,,0.3,,,reviewed,ak,ak
2023-06-03T08:22:44.479Z,35.7985,-96.66183333,7.5,0.63,ml,37,60,0.1403724541,0.2,ok,ok2023kueo,2023-06-05T13:33:19.818Z,"5 km N of Stroud, Oklahoma",earthquake,,0.6,0.13,13,reviewed,ok,ok
2023-06-03T08:22:20.577Z,62.2785,-152.1213,102.6,1.4,ml,,,,0.69,ak,ak02372tno89,2023-06-08T18:06:48.073Z,"49 km NW of Skwentna, Alaska",earthquake,,0.3,,,reviewed,ak,ak
2023-06-03T08:21:52.309Z,26.9661,-111.483,10,4.1,mb,27,141,0.762,0.64,us,us7000k61s,2023-06-15T12:29:21.040Z,"50 km E of Mulegé, Mexico",earthquake,5.03,1.977,0.086,37,reviewed,us,us
2023-06-03T08:20:22.610Z,35.6501667,-118.3163333,8.03,1.39,ml,20,70,0.05337,0.12,ci,ci40476784,2023-06-04T13:56:33.337Z,"14km ESE of Wofford Heights, CA",earthquake,0.24,0.47,0.281,15,reviewed,ci,ci
2023-06-03T08:18:00.711Z,55.4539,-159.2894,41.6,2.3,ml,,,,0.61,ak,ak02372tmoo8,2023-06-08T18:06:43.610Z,"51 km SSE of Ivanof Bay, Alaska",earthquake,,1.2,,,reviewed,ak,ak
2023-06-03T08:11:06.830Z,58.1808333333333,-155.298333333333,1.44,-0.23,ml,7,98,,0.02,av,av91909161,2023-06-08T19:41:18.810Z,"84 km NW of Karluk, Alaska",earthquake,0.23,0.82,0.247965180221877,7,reviewed,av,av
2023-06-03T08:08:47.570Z,60.042,-153.0775,0.21,-0.12,ml,4,175,,0.07,av,av91909156,2023-06-08T19:38:08.490Z,"64 km ENE of Pedro Bay, Alaska",earthquake,0.37,1.6,0.272710427244714,4,reviewed,av,av
2023-06-03T08:02:10.650Z,35.646,-118.3203333,8.24,2.45,ml,41,65,0.05533,0.15,ci,ci40476776,2023-06-15T12:22:35.040Z,"14km ESE of Wofford Heights, CA",earthquake,0.14,0.41,0.215,61,reviewed,ci,ci
2023-06-03T07:58:20.980Z,58.2108333333333,-155.115833333333,-2.14,0.18,ml,9,87,,0.12,av,av91909151,2023-06-08T19:34:40.590Z,"81 km NNW of Karluk, Alaska",earthquake,0.23,2.32,0.285481804595286,9,reviewed,av,av
2023-06-03T07:53:08.963Z,35.7826,69.4477,106.6,4,mb,17,147,1.283,0.55,us,us7000k7dk,2023-06-15T12:17:22.040Z,"42 km SE of Nahrīn, Afghanistan",earthquake,8.88,7.354,0.212,6,reviewed,us,us
2023-06-03T07:52:33.838Z,60.8885,-152.4642,113.6,2,ml,,,,0.43,ak,ak02372t8p0c,2023-06-08T00:23:26.003Z,"67 km WNW of Nikiski, Alaska",earthquake,,0.5,,,reviewed,ak,ak
2023-06-03T07:48:45.208Z,36.7948,61.6165,10.12,4.5,mb,80,153,3.009,0.61,us,us7000k61n,2023-06-15T12:07:13.040Z,"49 km NE of Sarakhs, Iran",earthquake,7.16,3.508,0.072,56,reviewed,us,us
2023-06-03T07:48:13.050Z,60.9865,-148.3013,0,1.1,ml,,,,0.97,ak,ak02372t7sap,2023-06-11T23:00:26.182Z,"31 km NE of Whittier, Alaska",ice quake,,0,,,reviewed,ak,ak
2023-06-03T07:45:34.766Z,39.6119,-119.9766,6.2,2,ml,26,67.53,0.013,0.156,nn,nn00860764,2023-06-03T14:35:42.563Z,"7 km S of Cold Springs, Nevada",earthquake,,1,0.42,6,reviewed,nn,nn
2023-06-03T07:42:21.440Z,19.4281673431396,-155.321502685547,3.86999988555908,1.92,ml,25,87,,0.119999997,hv,hv73437622,2023-06-03T07:47:54.930Z,"9 km W of Volcano, Hawaii",earthquake,0.32,0.660000026,1.12,5,automatic,hv,hv
2023-06-03T07:39:39.047Z,37.2272,-117.5998,7.4,1.6,ml,12,166.77,0.037,0.2113,nn,nn00860761,2023-06-03T14:07:37.738Z,"58 km S of Silver Peak, Nevada",earthquake,,2.1,0.87,6,reviewed,nn,nn
2023-06-03T07:39:00.396Z,64.8459,-147.3169,10.1,1.3,ml,,,,0.5,ak,ak02372t5r4e,2023-06-08T00:28:12.480Z,"10 km N of North Pole, Alaska",earthquake,,0.3,,,reviewed,ak,ak
2023-06-03T07:36:09.460Z,58.1906666666667,-155.282,2.28,-0.39,ml,5,132,,0.07,av,av91909131,2023-06-07T23:15:23.590Z,"84 km NW of Karluk, Alaska",earthquake,0.32,0.86,0.399286938748136,5,reviewed,av,av
2023-06-03T07:31:19.403Z,12.5952,48.2107,10,4.1,mb,17,149,5.353,0.65,us,us7000k7d8,2023-06-15T11:58:07.040Z,"158 km N of Las Khorey, Somalia",earthquake,8.23,1.971,0.173,9,reviewed,us,us
2023-06-03T07:29:37.300Z,35.648,-118.3213333,8.47,0.88,ml,18,65,0.05318,0.13,ci,ci40476768,2023-06-06T17:33:59.687Z,"14km ESE of Wofford Heights, CA",earthquake,0.24,0.45,0.15,6,reviewed,ci,ci
2023-06-03T07:25:00.480Z,35.6446667,-118.3231667,8.03,2.67,ml,44,62,0.0555,0.17,ci,ci40476760,2023-06-15T11:45:04.040Z,"14km ESE of Wofford Heights, CA",earthquake,0.15,0.48,0.138,62,reviewed,ci,ci
2023-06-03T07:22:30.010Z,58.1875,-155.308166666667,1.51,-0.07,ml,6,99,,0.03,av,av91909126,2023-06-07T23:12:57.500Z,"Alaska Peninsula",earthquake,0.2,0.67,0.274250369139371,6,reviewed,av,av
2023-06-03T07:20:01.179Z,37.2696,-117.5767,5,0.7,ml,8,216.66,0.066,0.1955,nn,nn00860753,2023-06-03T14:01:21.517Z,"54 km S of Silver Peak, Nevada",earthquake,,6.1,1.06,6,reviewed,nn,nn
2023-06-03T07:18:01.047Z,64.8522,-147.2877,5.5,2.1,ml,,,,0.69,ak,ak02372t1c8p,2023-06-08T00:26:39.826Z,"Central Alaska",earthquake,,0.2,,,reviewed,ak,ak
2023-06-03T07:17:46.327Z,12.643,48.176,10,5.9,mww,206,29,5.329,0.57,us,us7000k61e,2023-06-15T11:42:06.407Z,"164 km N of Las Khorey, Somalia",earthquake,9.17,1.852,0.045,47,reviewed,us,us
2023-06-03T07:17:43.503Z,-15.9191,-72.044,10,4.7,mb,47,142,2.931,1.04,us,us7000k61d,2023-06-15T11:27:46.040Z,"11 km NNW of Lluta, Peru",earthquake,11.22,1.917,0.081,46,reviewed,us,us
2023-06-03T07:15:55.754Z,12.6654,48.1216,10,4.3,mb,29,120,5.281,0.48,us,us7000k7d7,2023-06-15T07:43:48.040Z,"Gulf of Aden",earthquake,9.03,1.87,0.116,21,reviewed,us,us
2023-06-03T07:13:19.400Z,35.647,-118.3181667,7.58,1.05,ml,20,67,0.0553,0.13,ci,ci40476752,2023-06-06T17:11:09.733Z,"14km ESE of Wofford Heights, CA",earthquake,0.2,0.48,0.084,7,reviewed,ci,ci
2023-06-03T07:10:34.410Z,35.6508333,-118.319,8.32,0.7,ml,20,69,0.05165,0.12,ci,ci40476744,2023-06-06T17:06:30.448Z,"14km ESE of Wofford Heights, CA",earthquake,0.21,0.41,0.111,5,reviewed,ci,ci
2023-06-03T07:10:27.640Z,58.234,-155.189833333333,3.81,-0.18,ml,7,140,,0.11,av,av91909121,2023-06-07T23:10:10.740Z,"85 km NNW of Karluk, Alaska",earthquake,0.36,0.7,0.259425810811132,7,reviewed,av,av
2023-06-03T07:09:21.700Z,33.4431667,-116.4511667,8.01,0.87,ml,40,89,0.0828,0.18,ci,ci40476736,2023-06-06T16:43:47.501Z,"22km NNW of Borrego Springs, CA",earthquake,0.2,0.67,0.145,21,reviewed,ci,ci
2023-06-03T07:08:36.446Z,12.6663,48.1101,10,4.5,mb,32,120,5.27,0.65,us,us7000k7dt,2023-06-15T07:28:10.040Z,"166 km N of Las Khorey, Somalia",earthquake,6.57,1.865,0.11,24,reviewed,us,us
2023-06-03T07:08:23.780Z,35.6463333,-118.3196667,8.11,2.32,ml,38,66,0.05529,0.14,ci,ci40476728,2023-06-06T16:37:02.460Z,"14km ESE of Wofford Heights, CA",earthquake,0.15,0.41,0.212,53,reviewed,ci,ci
2023-06-03T07:06:54.303Z,41.4044,-106.7704,10.453,3.3,ml,35,60,0.806,0.68,us,us7000k619,2023-06-15T07:15:02.096Z,"Wyoming",earthquake,3.56,8.514,0.04,84,reviewed,us,us
2023-06-03T07:06:22.250Z,38.7921677,-122.7363358,0.32,0.77,md,10,93,0.008923,0.01,nc,nc73895711,2023-06-03T07:25:13.974Z,"2km NE of The Geysers, CA",earthquake,0.21,1.85,0.19,9,automatic,nc,nc
2023-06-03T07:04:25.789Z,12.3849,48.1537,10,4.8,mb,90,80,5.262,0.4,us,us7000k61b,2023-06-15T07:05:22.040Z,"135 km N of Las Khorey, Somalia",earthquake,5.81,1.859,0.064,75,reviewed,us,us
2023-06-03T07:04:15.664Z,12.7435,48.1642,10,4,mb,14,143,5.338,0.35,us,us7000k7ej,2023-06-15T07:01:57.040Z,"175 km N of Las Khorey, Somalia",earthquake,15.08,1.969,0.183,9,reviewed,us,us
2023-06-03T07:03:01.252Z,12.5774,48.1301,10,4.4,mb,39,145,5.272,0.47,us,us7000k7d5,2023-06-15T06:58:11.040Z,"157 km N of Las Khorey, Somalia",earthquake,9.11,1.893,0.096,31,reviewed,us,us
2023-06-03T06:58:46.531Z,12.7242,48.1352,10,4,mb,14,147,5.306,0.41,us,us7000k7d6,2023-06-15T06:55:23.040Z,"Gulf of Aden",earthquake,15.62,1.796,0.184,8,reviewed,us,us
2023-06-03T06:55:44.200Z,35.6456667,-118.3198333,8.01,2.63,ml,44,65,0.05581,0.17,ci,ci40476720,2023-06-15T06:26:16.040Z,"14km ESE of Wofford Heights, CA",earthquake,0.15,0.41,0.143,62,reviewed,ci,ci
2023-06-03T06:49:52.100Z,58.1758333333333,-155.3865,2.54,0.34,ml,12,72,,0.09,av,av91909096,2023-06-08T00:22:32.500Z,"87 km NW of Karluk, Alaska",earthquake,0.24,0.35,0.196732164431503,12,reviewed,av,av
2023-06-03T06:49:03.993Z,12.1785,48.1589,10,4.6,mb,73,157,5.24,0.46,us,us7000k618,2023-06-15T06:07:08.040Z,"Gulf of Aden",earthquake,9.57,1.718,0.07,61,reviewed,us,us
2023-06-03T06:48:21.900Z,60.1048333333333,-153.0425,2.93,0.17,ml,4,329,,0.21,av,av91909091,2023-06-07T22:43:05.100Z,"69 km ENE of Pedro Bay, Alaska",earthquake,3.31,1.49,0.251833045735855,4,reviewed,av,av
2023-06-03T06:44:59.900Z,33.594,-116.8191667,13.28,0.54,ml,25,69,0.04313,0.12,ci,ci40476712,2023-06-06T16:19:09.388Z,"14km WNW of Anza, CA",earthquake,0.2,0.46,0.12,9,reviewed,ci,ci
2023-06-03T06:37:53.535Z,12.5434,48.2403,10,4.9,mb,87,58,5.372,0.48,us,us7000k615,2023-06-15T05:40:48.040Z,"153 km N of Las Khorey, Somalia",earthquake,10.41,1.862,0.066,73,reviewed,us,us
2023-06-03T06:36:49.270Z,58.2393333333333,-155.190833333333,3.26,-0.47,ml,4,134,,0.05,av,av91909086,2023-06-07T22:39:59.070Z,"86 km NNW of Karluk, Alaska",earthquake,0.66,1.61,0.371253689200504,4,reviewed,av,av
2023-06-03T06:32:02.158Z,37.2469,-117.591,6.7,0.4,ml,5,204.79,0.046,0.172,nn,nn00860748,2023-06-03T15:28:29.276Z,"56 km S of Silver Peak, Nevada",earthquake,,6.4,0.8,5,reviewed,nn,nn
2023-06-03T06:30:10.404Z,12.4693,48.188,10,4.9,mb,48,120,5.309,0.6,us,us7000k7dp,2023-06-15T05:38:37.040Z,"144 km N of Las Khorey, Somalia",earthquake,12.7,1.939,0.088,40,reviewed,us,us
2023-06-03T06:29:06.228Z,12.4315,48.3762,10,4.9,mb,60,48,5.484,0.43,us,us7000k613,2023-06-15T05:35:20.040Z,"142 km N of Las Khorey, Somalia",earthquake,8.85,1.71,0.078,51,reviewed,us,us
2023-06-03T06:27:57.920Z,46.854166666666664,-121.75883333333333,1.3,0.29,ml,19,89,0.02365,0.06,uw,uw61930251,2023-06-03T17:56:06.620Z,"Washington",earthquake,0.18,0.39,0.12339724372078778,11,reviewed,uw,uw
2023-06-03T06:25:29.905Z,12.3344,48.2515,10,4.2,mb,16,101,5.349,0.71,us,us7000k7d3,2023-06-15T05:33:41.040Z,"130 km N of Las Khorey, Somalia",earthquake,8.98,1.943,0.187,8,reviewed,us,us
2023-06-03T06:23:27.578Z,12.4599,48.2599,10,5.2,mww,116,99,5.376,0.41,us,us7000k612,2023-06-15T05:27:16.040Z,"144 km N of Las Khorey, Somalia",earthquake,10.22,1.884,0.098,10,reviewed,us,us
2023-06-03T06:22:47.135Z,12.4157,48.2381,10,4.4,mb,37,68,5.348,0.46,us,us7000k616,2023-06-15T05:23:34.040Z,"139 km N of Las Khorey, Somalia",earthquake,10.94,1.923,0.098,30,reviewed,us,us
2023-06-03T06:21:06.850Z,58.205,-155.134333333333,3.65,0.31,ml,8,74,,0.09,av,av91909081,2023-06-08T00:22:27.521Z,"81 km NNW of Karluk, Alaska",earthquake,0.23,1.05,0.248762189243711,8,reviewed,av,av
2023-06-03T06:19:46.896Z,31.67313278,-104.1997491,6.388647461,2,ml,33,58,0.05556230683,0.2,tx,tx2023kuam,2023-06-06T22:00:33.737Z,"55 km NW of Toyah, Texas",earthquake,0.5647472836000001,0.6772139811,0.2,25,reviewed,tx,tx
2023-06-03T06:18:27.080Z,12.3626,48.3064,10,4.5,mb,24,158,5.406,0.69,us,us7000k7dd,2023-06-15T05:15:31.040Z,"133 km N of Las Khorey, Somalia",earthquake,12.38,1.965,0.14,15,reviewed,us,us
2023-06-03T06:17:12.619Z,12.4356,48.2347,10,4.4,mb,27,147,5.348,0.65,us,us7000k7cz,2023-06-15T05:12:56.040Z,"141 km N of Las Khorey, Somalia",earthquake,13.04,1.936,0.134,16,reviewed,us,us
2023-06-03T06:16:25.233Z,41.9916,-119.6022,8,1,ml,3,202.6,0.529,0.2713,nn,nn00860783,2023-06-03T15:00:31.129Z,"47 km ENE of Fort Bidwell, California",earthquake,,0,0.63,3,reviewed,nn,nn
2023-06-03T06:15:04.940Z,58.1853333333333,-155.312,1.74,0.63,ml,11,62,,0.08,av,av91909071,2023-06-07T22:31:46.620Z,"",earthquake,0.18,0.42,0.199491333560784,12,reviewed,av,av
2023-06-03T06:14:07.779Z,37.2325,-117.5564,0,0.7,ml,7,180.58,0.071,0.1983,nn,nn00860746,2023-06-03T13:52:03.567Z,"58 km S of Silver Peak, Nevada",earthquake,,0,0.94,6,reviewed,nn,nn
2023-06-03T06:07:11.938Z,36.6571,-116.2741,6.9,-0.1,ml,16,107.17,0.053,0.0842,nn,nn00860778,2023-06-03T14:38:50.587Z,"51 km ESE of Beatty, Nevada",earthquake,,1,0.18,7,reviewed,nn,nn
2023-06-03T06:05:45.466Z,64.195,-164.3424,3.2,2.6,ml,,,,0.46,ak,ak02372sd7rm,2023-06-15T05:05:09.040Z,"40 km S of Solomon, Alaska",earthquake,,1.3,,,reviewed,ak,ak
2023-06-03T06:01:54.460Z,58.1783333333333,-155.323333333333,2.51,0.65,ml,11,58,,0.09,av,av91909061,2023-06-08T00:22:22.525Z,"Alaska Peninsula",earthquake,0.21,0.4,0.340234525864305,11,reviewed,av,av
2023-06-03T06:00:53.988Z,60.9401,-151.558,73.8,1.5,ml,,,,0.44,ak,ak02372sc5o1,2023-06-08T00:23:25.174Z,"Kenai Peninsula, Alaska",earthquake,,0.9,,,reviewed,ak,ak
2023-06-03T06:00:53.715Z,57.455,-156.5599,2.3,1.9,ml,,,,0.83,ak,ak02372sc5oj,2023-06-11T23:00:25.991Z,"50 km E of Ugashik, Alaska",earthquake,,0.3,,,reviewed,ak,ak
2023-06-03T05:50:57.592Z,39.6123,-119.9782,6.2,0.8,ml,10,123.04,0.014,0.0777,nn,nn00860781,2023-06-03T14:57:25.849Z,"7 km S of Cold Springs, Nevada",earthquake,,0.9,0.22,5,reviewed,nn,nn
2023-06-03T05:50:47.990Z,58.251,-155.034666666667,3.08,-0.11,ml,5,131,,0.15,av,av91909056,2023-06-07T21:47:00.260Z,"83 km NNW of Karluk, Alaska",earthquake,0.56,1.06,0.214840692362808,5,reviewed,av,av
2023-06-03T05:39:56.820Z,58.1675,-155.316166666667,1.87,-0.21,ml,6,113,,0.04,av,av91909051,2023-06-07T21:42:57.670Z,"84 km NW of Karluk, Alaska",earthquake,0.25,0.96,0.28486007709791,6,reviewed,av,av
2023-06-03T05:36:03.600Z,46.85516666666667,-121.76,1.26,0.07,ml,16,86,0.02302,0.06,uw,uw61930246,2023-06-03T17:50:44.260Z,"23 km ENE of Ashford, Washington",earthquake,0.2,0.39,0.1230528788360115,9,reviewed,uw,uw
2023-06-03T05:28:08.271Z,-8.8607,123.9797,121.578,4.3,mb,12,166,0.933,0.87,us,us7000k7di,2023-06-15T05:00:48.040Z,"58 km NW of Pante Makasar, Timor Leste",earthquake,12.34,6.524,0.189,8,reviewed,us,us
2023-06-03T05:23:27.437Z,63.0854,-150.893,119.8,1.1,ml,,,,0.42,ak,ak02372rvlop,2023-06-11T23:00:26.730Z,"",earthquake,,1.4,,,reviewed,ak,ak
2023-06-03T05:19:57.070Z,58.169,-155.376333333333,-0.41,0.72,ml,4,135,,0.04,av,av91909036,2023-06-07T21:39:55.710Z,"",earthquake,0.25,5.26,0.216969002309098,2,reviewed,av,av
2023-06-03T05:17:33.494Z,75.8915,7.2754,10,4.3,mb,42,57,3.079,0.24,us,us7000k60u,2023-06-15T04:52:10.040Z,"Greenland Sea",earthquake,8.13,1.899,0.105,26,reviewed,us,us
2023-06-03T05:17:01.820Z,38.8246667,-122.798,3.07,1.28,md,49,28,0.009516,0.04,nc,nc73895696,2023-06-03T07:07:10.741Z,"6km NW of The Geysers, CA",earthquake,0.11,0.18,0.166,39,reviewed,nc,nc
2023-06-03T05:10:26.020Z,58.1783333333333,-155.2815,1.21,-0.32,ml,4,156,,0.05,av,av91909031,2023-06-07T21:36:12.450Z,"83 km NW of Karluk, Alaska",earthquake,0.31,1.19,0.218285861653911,4,reviewed,av,av
2023-06-03T05:09:07.510Z,33.592,-116.8108333,4.01,0.53,ml,31,57,0.03904,0.11,ci,ci40476672,2023-06-06T16:15:29.310Z,"13km WNW of Anza, CA",earthquake,0.13,0.27,0.099,8,reviewed,ci,ci
2023-06-03T05:06:56.593Z,37.2745,-117.5899,7.3,1.3,ml,11,124.69,0.061,0.149,nn,nn00860743,2023-06-03T13:48:56.521Z,"53 km S of Silver Peak, Nevada",earthquake,,2.2,0.88,7,reviewed,nn,nn
2023-06-03T05:01:13.600Z,19.2553329467773,-155.407501220703,30.5100002288818,2.15,ml,49,125,,0.140000001,hv,hv73437412,2023-06-15T04:48:06.040Z,"9 km NE of Pāhala, Hawaii",earthquake,0.53,0.629999995,3.33,24,automatic,hv,hv
2023-06-03T05:00:39.837Z,39.6157,-119.969,7,1.9,ml,25,68.08,0.01,0.1126,nn,nn00860741,2023-06-03T13:45:44.929Z,"7 km S of Cold Springs, Nevada",earthquake,,0.8,0.1,6,reviewed,nn,nn
2023-06-03T04:51:11.675Z,52.3058,-178.6966,187.058,4.1,mb,76,46,0.491,0.71,us,us7000k60p,2023-06-23T01:42:00.040Z,"149 km WNW of Adak, Alaska",earthquake,9.44,6.493,0.056,89,reviewed,us,us
2023-06-03T04:39:54.210Z,58.2556666666667,-155.099833333333,2.09,-0.4,ml,5,120,,0.07,av,av91909001,2023-06-07T21:05:54.060Z,"85 km NNW of Karluk, Alaska",earthquake,0.39,1.67,0.273713317297997,5,reviewed,av,av
2023-06-03T04:37:46.360Z,58.1851666666667,-155.312,0.79,0.13,ml,8,101,,0.05,av,av91106863,2023-06-07T20:28:12.450Z,"85 km NW of Karluk, Alaska",earthquake,0.21,0.84,0.276192594944144,8,reviewed,av,av
2023-06-03T04:37:27.080Z,58.1823333333333,-155.286166666667,1.45,-0.01,ml,6,153,,0.07,av,av91908996,2023-06-07T20:21:44.040Z,"Alaska Peninsula",earthquake,0.26,0.98,0.28659014794387,6,reviewed,av,av
2023-06-03T04:34:58.447Z,39.614,-119.981,6.4,1.1,ml,17,113.3,0.017,0.1576,nn,nn00860739,2023-06-03T13:36:10.829Z,"7 km S of Cold Springs, Nevada",earthquake,,1.1,0.27,6,reviewed,nn,nn
2023-06-03T04:34:49.090Z,60.0356666666667,-153.090666666667,6.46,-0.6,ml,4,185,,0.26,av,av91908986,2023-06-07T20:16:46.720Z,"63 km ENE of Pedro Bay, Alaska",earthquake,1.59,2.19,0.205942298239457,4,reviewed,av,av
2023-06-03T04:28:35.230Z,35.796,-117.6258333,6.86,1.29,ml,23,63,0.1137,0.13,ci,ci40476616,2023-06-06T16:09:10.490Z,"20km NNE of Ridgecrest, CA",earthquake,0.19,0.57,0.1,12,reviewed,ci,ci
2023-06-03T04:28:30.620Z,58.2191666666667,-155.103333333333,3.43,-0.21,ml,7,101,,0.11,av,av91908981,2023-06-07T20:09:31.910Z,"Alaska Peninsula",earthquake,0.25,1.19,0.170119850864656,7,reviewed,av,av
2023-06-03T04:27:49.630Z,48.45466666666667,-123.69233333333334,23.35,1.03,ml,14,73,0.1264,0.47,uw,uw61930236,2023-06-03T22:11:00.420Z,"9 km NNE of Sooke, Canada",earthquake,1.11,2.27,0.13183833709854087,9,reviewed,uw,uw
2023-06-03T04:18:23.442Z,-5.4714,151.2469,93.626,4.5,mb,14,113,1.566,0.65,us,us7000k60k,2023-06-07T22:16:39.040Z,"123 km E of Kimbe, Papua New Guinea",earthquake,12.4,6.646,0.181,11,reviewed,us,us
2023-06-03T04:16:39.230Z,48.1965,-122.17916666666666,12.75,0.91,md,4,197,0.1684,0.02,uw,uw61930231,2023-06-03T18:50:25.820Z,"4 km W of Arlington, Washington",earthquake,1,3.27,0.11455280619159658,4,reviewed,uw,uw
2023-06-03T04:14:32.450Z,33.8933333,-116.5508333,14.49,0.66,ml,23,65,0.06923,0.11,ci,ci40476608,2023-06-06T16:04:55.106Z,"1km SSW of Garnet, CA",earthquake,0.18,0.45,0.04,7,reviewed,ci,ci
2023-06-03T04:14:30.600Z,58.244,-155.139666666667,29.96,0.32,ml,12,75,,0.11,av,av91908976,2023-06-06T02:05:00.820Z,"85 km NNW of Karluk, Alaska",earthquake,0.59,0.57,0.15503572256743,2,reviewed,av,av
2023-06-03T04:12:59.231Z,62.8142,-151.4394,91.6,1,ml,,,,0.45,ak,ak02372r7vn9,2023-06-11T23:00:26.541Z,"49 km NW of Petersville, Alaska",earthquake,,1.7,,,reviewed,ak,ak
2023-06-03T04:11:36.250Z,58.1806666666667,-155.2875,1.29,-0.37,ml,5,124,,0.1,av,av91908966,2023-06-07T20:04:08.590Z,"",earthquake,0.3,1.28,0.249144402595528,5,reviewed,av,av
2023-06-03T04:00:00.490Z,41.5085,-112.1725,5.68,0.1,md,9,90,0.1004,0.1,uu,uu60541536,2023-06-05T14:47:36.810Z,"7 km SW of Corinne, Utah",earthquake,0.45,1.8,0.346,3,reviewed,uu,uu
2023-06-03T03:54:15.000Z,38.7611656,-122.7348328,1.74,1.08,md,12,114,0.007808,0.03,nc,nc73895681,2023-06-03T03:55:48.758Z,"3km SE of The Geysers, CA",earthquake,0.59,0.62,0.18,11,automatic,nc,nc
2023-06-03T03:52:39.680Z,36.5896667,-121.1296667,8.39,1.08,md,26,121,0.04831,0.16,nc,nc73895676,2023-06-03T05:25:14.103Z,"7km N of Pinnacles, CA",earthquake,0.4,0.5,0.159,17,reviewed,nc,nc
2023-06-03T03:47:17.278Z,-5.1364,-11.593,10,4.6,mb,34,108,3.908,0.92,us,us7000k60j,2023-06-23T01:25:38.040Z,"",earthquake,11.91,1.903,0.101,29,reviewed,us,us
2023-06-03T03:43:41.107Z,-12.1861,166.92,233.949,4.3,mb,23,109,8.693,0.6,us,us7000k7cw,2023-06-11T00:29:31.040Z,"199 km NNW of Sola, Vanuatu",earthquake,12.59,7.345,0.137,16,reviewed,us,us
2023-06-03T03:43:29.060Z,38.7766667,-122.7185,2,0.29,md,12,71,0.0156,0.01,nc,nc73895671,2023-06-03T04:50:14.774Z,"2km W of Anderson Springs, CA",earthquake,0.39,0.79,0.496,6,reviewed,nc,nc
2023-06-03T03:43:06.830Z,38.775,-122.7213333,1.96,0.21,md,12,68,0.01367,0.04,nc,nc71130549,2023-06-03T04:59:17.959Z,"3km W of Anderson Springs, CA",earthquake,0.36,0.92,0.458,6,reviewed,nc,nc
2023-06-03T03:41:41.632Z,52.8804,-169.5406,14.5,2.1,ml,,,,0.42,ak,ak02372qsmdq,2023-06-08T00:23:24.569Z,"46 km W of Nikolski, Alaska",earthquake,,1.1,,,reviewed,ak,ak
2023-06-03T03:40:48.100Z,33.595,-116.8211667,12.89,0.41,ml,26,69,0.04138,0.13,ci,ci40476600,2023-06-04T17:59:02.980Z,"14km WNW of Anza, CA",earthquake,0.24,0.44,0.158,8,reviewed,ci,ci
2023-06-03T03:39:25.261Z,53.2432,-166.5302,35,3.1,ml,18,232,0.582,0.34,us,us7000k718,2023-06-08T20:42:44.040Z,"70 km S of Unalaska, Alaska",earthquake,3.19,2.012,0.115,10,reviewed,us,us
2023-06-03T03:33:51.942Z,61.8258,-148.9825,8,0.9,ml,,,,0.74,ak,ak02372qqxfc,2023-06-08T00:23:24.106Z,"Southern Alaska",earthquake,,0.4,,,reviewed,ak,ak
2023-06-03T03:22:59.680Z,37.3568333,-121.7091667,8.97,0.99,md,18,71,0.0552,0.06,nc,nc73895666,2023-06-03T04:14:42.610Z,"10km E of Alum Rock, CA",earthquake,0.29,0.39,0.283,17,reviewed,nc,nc
2023-06-03T03:16:04.570Z,58.1831666666667,-155.283666666667,1.25,-0.14,ml,5,127,,0.03,av,av91908946,2023-06-07T19:00:17.480Z,"84 km NW of Karluk, Alaska",earthquake,0.26,0.99,0.382084157441479,5,reviewed,av,av
2023-06-03T03:16:03.227Z,64.9856,-147.3811,0,0.7,ml,,,,0.39,ak,ak02372qn6ka,2023-06-11T23:00:25.581Z,"11 km ENE of Fox, Alaska",explosion,,0,,,reviewed,ak,ak
2023-06-03T03:14:01.120Z,32.9066667,-116.2461667,6.06,0.7,ml,20,54,0.06782,0.15,ci,ci40476592,2023-06-06T15:57:33.966Z,"28km ENE of Pine Valley, CA",earthquake,0.25,0.79,0.053,3,reviewed,ci,ci
2023-06-03T03:11:25.550Z,58.168,-155.303333333333,1.96,-0.32,ml,8,73,,0.05,av,av91908941,2023-06-07T18:54:17.270Z,"83 km NW of Karluk, Alaska",earthquake,0.22,0.84,0.28583839159152,8,reviewed,av,av
2023-06-03T03:05:46.620Z,37.4713333,-118.841,2.69,0.73,md,16,218,0.1189,0.05,nc,nc73895661,2023-06-03T05:02:15.980Z,"17km SW of Toms Place, CA",earthquake,0.76,1.43,0.215,14,reviewed,nc,nc
2023-06-03T03:04:06.780Z,38.7734985,-122.7204971,1.15,1.05,md,7,94,0.01237,0.04,nc,nc73895656,2023-06-03T03:47:15.450Z,"2km W of Anderson Springs, CA",earthquake,0.52,1.1,0.18,7,automatic,nc,nc
2023-06-03T03:03:25.940Z,48.095,-122.46766666666667,27.7,1.67,ml,26,52,0.077,0.16,uw,uw61930226,2023-06-03T04:35:06.650Z,"Washington",earthquake,0.43,0.84,0.3727211963474163,8,reviewed,uw,uw
2023-06-03T02:54:55.960Z,19.1883335113525,-155.258163452148,26.6599998474121,2.12,ml,43,209,,0.109999999,hv,hv73437272,2023-06-03T03:00:26.870Z,"23 km E of Pāhala, Hawaii",earthquake,0.68,0.699999988,0.2,14,automatic,hv,hv
2023-06-03T02:48:12.487Z,-15.8418,-71.9907,10,5,mb,50,146,2.968,1.11,us,us7000k609,2023-06-23T01:20:28.040Z,"17 km SE of Huambo, Peru",earthquake,6.71,1.88,0.068,69,reviewed,us,us
2023-06-03T02:47:45.990Z,33.4613333,-116.5805,9.35,0.96,ml,41,58,0.0379,0.13,ci,ci40476576,2023-06-06T15:48:29.120Z,"14km SE of Anza, CA",earthquake,0.16,0.4,0.185,20,reviewed,ci,ci
2023-06-03T02:40:58.970Z,58.1835,-155.344333333333,2.47,0.37,ml,9,111,,0.07,av,av91908936,2023-06-08T00:22:02.573Z,"86 km NW of Karluk, Alaska",earthquake,0.21,0.47,0.213719669188384,9,reviewed,av,av
2023-06-03T02:35:20.706Z,58.5149,-152.4605,36.8,1.3,ml,,,,0.57,ak,ak02372q5ux2,2023-06-08T00:23:27.101Z,"57 km NNE of Aleneva, Alaska",earthquake,,1.5,,,reviewed,ak,ak
2023-06-03T02:34:23.177Z,64.0117,-164.2291,2.5,1.6,ml,,,,0.56,ak,ak02372q5nfi,2023-06-11T23:00:26.357Z,"61 km S of Solomon, Alaska",earthquake,,1,,,reviewed,ak,ak
2023-06-03T02:27:39.252Z,-15.8595,-71.7954,10,5.1,mww,68,96,2.858,0.9,us,us7000k603,2023-06-23T00:54:59.239Z,"",earthquake,8.39,1.773,0.068,21,reviewed,us,us
2023-06-03T02:27:32.760Z,58.1755,-155.3395,0.92,-0.9,ml,5,115,,0.04,av,av91106648,2023-06-06T00:11:53.850Z,"85 km NW of Karluk, Alaska",earthquake,0.24,1.29,0.153616587373932,5,reviewed,av,av
2023-06-03T02:27:15.180Z,58.1746666666667,-155.337833333333,1.05,-0.47,ml,5,116,,0.04,av,av91908931,2023-06-06T00:09:30.620Z,"85 km NW of Karluk, Alaska",earthquake,0.25,1.13,0.158849776172617,5,reviewed,av,av
2023-06-03T02:21:48.308Z,-11.6345,166.2357,35,4.4,mb,25,146,6.557,0.92,us,us7000k7ct,2023-06-11T00:15:17.040Z,"111 km SSE of Lata, Solomon Islands",earthquake,11.72,1.924,0.143,15,reviewed,us,us
2023-06-03T02:14:40.853Z,37.2751,-117.5723,5.8,1.1,ml,9,118.14,0.072,0.1696,nn,nn00860732,2023-06-03T02:54:31.826Z,"53 km S of Silver Peak, Nevada",earthquake,,4.4,0.7,7,reviewed,nn,nn
2023-06-03T02:11:00.390Z,51.7868333333333,-178.795166666667,2.69,0.76,ml,4,134,,0.1,av,av91908911,2023-06-05T23:49:42.200Z,"149 km W of Adak, Alaska",earthquake,0.69,1.28,0.111693882610406,4,reviewed,av,av
2023-06-03T02:06:05.074Z,59.3581,-154.2109,5.9,1.1,ml,,,,0.65,ak,ak02372pzi6e,2023-06-08T00:23:23.711Z,"27 km SE of Pope-Vannoy Landing, Alaska",earthquake,,0.7,,,reviewed,ak,ak
2023-06-03T02:05:31.070Z,33.4935,-116.4381667,14.27,0.84,ml,32,87,0.03159,0.15,ci,ci40476568,2023-06-06T15:40:08.155Z,"22km SSW of La Quinta, CA",earthquake,0.24,0.38,0.168,17,reviewed,ci,ci
2023-06-03T02:00:22.490Z,52.1123333333333,-175.907833333333,9.06,1.33,ml,5,286,,0.04,av,av91908896,2023-06-05T23:45:06.410Z,"56 km ENE of Adak, Alaska",earthquake,0.99,0.69,0.326878710871634,4,reviewed,av,av
2023-06-03T01:59:54.380Z,38.7910004,-122.8026657,3.36,0.84,md,18,53,0.002689,0.03,nc,nc73895641,2023-06-03T02:31:11.536Z,"4km WNW of The Geysers, CA",earthquake,0.27,0.7,0.2,20,automatic,nc,nc
2023-06-03T01:59:05.164Z,61.739,-150.1738,36.5,2,ml,,,,0.51,ak,ak02372ppj92,2023-06-08T00:23:23.449Z,"7 km W of Willow, Alaska",earthquake,,0.7,,,reviewed,ak,ak
2023-06-03T01:56:17.080Z,38.8175011,-122.8261642,2.38,0.61,md,8,115,0.008911,0.02,nc,nc73895636,2023-06-03T02:53:14.641Z,"8km NW of The Geysers, CA",earthquake,0.65,1.36,0.25,10,automatic,nc,nc
2023-06-03T01:55:38.621Z,62.6047,-151.1202,88.6,1,ml,,,,0.42,ak,ak02372por0m,2023-06-08T00:23:26.721Z,"21 km WNW of Petersville, Alaska",earthquake,,2,,,reviewed,ak,ak
2023-06-03T01:54:23.380Z,38.8366661,-122.8000031,1.67,0.75,md,9,83,0.007742,0.02,nc,nc73895631,2023-06-03T02:27:13.521Z,"7km WNW of Cobb, CA",earthquake,0.32,0.86,0.16,9,automatic,nc,nc
2023-06-03T01:49:15.167Z,-15.6705,-71.605,10,5.4,mww,72,96,2.945,0.89,us,us7000k5zj,2023-06-23T00:45:06.323Z,"southern Peru",earthquake,10.65,1.769,0.047,44,reviewed,us,us
2023-06-03T01:44:28.193Z,-18.4392,168.1268,35,5,mb,43,72,3.944,0.61,us,us7000k5zk,2023-06-23T00:02:10.213Z,"80 km SSW of Port-Vila, Vanuatu",earthquake,8.89,1.857,0.081,49,reviewed,us,us
2023-06-03T01:40:47.552Z,37.2782,-117.5781,5.3,1.3,ml,10,218.69,0.071,0.2112,nn,nn00860725,2023-06-03T02:51:25.667Z,"53 km S of Silver Peak, Nevada",earthquake,,4.1,0.7,7,reviewed,nn,nn
2023-06-03T01:36:21.933Z,31.03590547,-103.3279206,5.231787109,2,ml,20,65,0.116333497,0.3,tx,tx2023ktrd,2023-06-06T16:04:28.430Z,"34 km SW of Coyanosa, Texas",earthquake,1.470163617,2.515727762,0.1,16,reviewed,tx,tx
2023-06-03T01:30:59.554Z,31.06300463,-103.3187623,2.918066406,2.8,ml,11,68,0.06132201389,0.2,tx,tx2023ktqz,2023-06-22T23:49:54.040Z,"31 km SW of Coyanosa, Texas",earthquake,0.7919853275,1.425027078,0.1,13,reviewed,tx,tx
2023-06-03T01:24:00.340Z,17.9536666666667,-66.8508333333333,14.4,2.82,md,7,211,0.03442,0.28,pr,pr71412178,2023-06-03T01:39:45.210Z,"4 km SE of Maria Antonia, Puerto Rico",earthquake,1.41,1.01,0.101451790669282,5,reviewed,pr,pr
2023-06-03T01:23:34.176Z,39.6141,-119.9742,6.1,0.5,ml,5,122.04,0.012,0.0835,nn,nn00860738,2023-06-03T03:09:59.750Z,"7 km S of Cold Springs, Nevada",earthquake,,1.4,0.16,3,reviewed,nn,nn
2023-06-03T01:22:45.158Z,57.3819,-154.1171,43.7,2.6,ml,,,,0.52,ak,ak02372phosu,2023-06-22T23:43:33.040Z,"",earthquake,,0.6,,,reviewed,ak,ak
2023-06-03T01:12:50.500Z,34.2743333,-117.4573333,10.93,1.39,ml,55,28,0.02739,0.15,ci,ci40476560,2023-06-06T15:35:14.280Z,"4km ENE of Lytle Creek, CA",earthquake,0.14,0.27,0.106,39,reviewed,ci,ci
2023-06-03T01:06:51.657Z,-18.4357,168.0986,37.26,4.9,mb,30,122,3.937,0.72,us,us7000k5zb,2023-06-22T23:36:50.040Z,"80 km SSW of Port-Vila, Vanuatu",earthquake,11.89,7.256,0.119,22,reviewed,us,us
2023-06-03T01:01:37.380Z,58.1661666666667,-155.3255,-1.46,-0.85,ml,5,117,,0.02,av,av91106633,2023-06-05T23:06:01.990Z,"Alaska Peninsula",earthquake,0.27,4.82,0.31688306368092,5,reviewed,av,av
2023-06-03T01:01:15.310Z,58.1841666666667,-155.275666666667,1.31,-0.28,ml,4,148,,0.05,av,av91908861,2023-06-05T23:02:01.610Z,"84 km NW of Karluk, Alaska",earthquake,0.31,1.07,0.274856686097036,4,reviewed,av,av
2023-06-03T00:56:41.585Z,54.944,-158.6588,10,3.4,ml,25,212,1.12,0.5,us,us7000k5z7,2023-06-11T23:00:25.071Z,"111 km SSE of Perryville, Alaska",earthquake,6.8,2.011,0.066,30,reviewed,us,us
2023-06-03T00:56:03.760Z,58.1748333333333,-155.288,0.81,-0.58,ml,5,162,,0.04,av,av91908846,2023-06-05T22:53:50.750Z,"",earthquake,0.3,1.38,0.325795220815484,5,reviewed,av,av
2023-06-03T00:52:22.567Z,-6.9337,129.8463,95.203,4.2,mb,11,126,4.651,0.39,us,us7000k7cr,2023-06-12T03:36:04.040Z,"",earthquake,7.77,13.414,0.305,3,reviewed,us,us
2023-06-03T00:50:37.960Z,19.2455005645752,-155.399002075195,32.2299995422363,2,md,33,151,,0.109999999,hv,hv73437177,2023-06-03T00:54:00.040Z,"9 km ENE of Pāhala, Hawaii",earthquake,0.55,0.75,1.24000001,8,automatic,hv,hv
2023-06-03T00:49:52.392Z,-17.1416,-69.6949,179.474,4.3,mb,34,98,0.49,0.86,us,us7000k5z4,2023-06-11T05:07:00.040Z,"40 km ENE of Chuquitira, Peru",earthquake,8.06,5.731,0.154,12,reviewed,us,us
2023-06-03T00:49:48.660Z,38.8215,-122.802,2.44,0.43,md,21,46,0.006585,0.02,nc,nc73895621,2023-06-03T04:25:13.656Z,"6km NW of The Geysers, CA",earthquake,0.2,0.36,0.238,20,reviewed,nc,nc
2023-06-03T00:47:25.600Z,60.0243333333333,-153.0605,-1.87,-0.57,ml,5,112,,0.07,av,av91908836,2023-06-05T22:48:29.980Z,"64 km ENE of Pedro Bay, Alaska",earthquake,0.4,4.89,0.341277830822546,5,reviewed,av,av
2023-06-03T00:44:38.785Z,51.6237,-179.6267,79.577,3.5,ml,24,152,0.504,0.26,us,us7000k717,2023-06-12T04:50:06.040Z,"208 km W of Adak, Alaska",earthquake,7.27,8.742,0.081,20,reviewed,us,us
2023-06-03T00:37:44.180Z,58.2476666666667,-155.154166666667,4.5,0.06,ml,10,73,,0.13,av,av91908811,2023-06-05T22:38:38.560Z,"86 km NNW of Karluk, Alaska",earthquake,0.42,0.64,0.14092915811425,10,reviewed,av,av
2023-06-03T00:30:45.780Z,58.0483333333333,-155.391333333333,6.52,-0.43,ml,5,189,,0.06,av,av91106618,2023-06-05T22:30:07.750Z,"Alaska Peninsula",earthquake,0.43,0.8,0.205721074824189,5,reviewed,av,av
2023-06-03T00:29:56.738Z,58.2456,-155.0954,3.1,0.9,ml,,,,0.23,ak,ak02372oxs72,2023-06-11T23:00:24.657Z,"84 km NNW of Karluk, Alaska",earthquake,,1.3,,,reviewed,ak,ak
2023-06-03T00:28:11.774Z,37.2921,-104.4773,6.746,3.1,ml,9,105,0.162,0.16,us,us7000k5yp,2023-06-12T21:40:09.321Z,"",earthquake,2.38,4.556,0.048,58,reviewed,us,us
2023-06-03T00:20:39.964Z,63.0458,-151.4048,1.3,1,ml,,,,0.78,ak,ak02372ovtgc,2023-06-08T00:23:26.497Z,"57 km SSE of Denali National Park, Alaska",earthquake,,0.9,,,reviewed,ak,ak
2023-06-03T00:17:39.550Z,36.6015,-121.2065,8.1,1.08,md,24,148,0.03425,0.08,nc,nc73895616,2023-06-03T04:21:12.635Z,"10km NW of Pinnacles, CA",earthquake,0.28,0.31,0.289,16,reviewed,nc,nc
2023-06-03T00:17:24.501Z,39.6152,-119.9773,5.5,0.8,ml,6,122.58,0.015,0.0983,nn,nn00860735,2023-06-03T03:03:48.491Z,"7 km S of Cold Springs, Nevada",earthquake,,1.4,0.27,4,reviewed,nn,nn
2023-06-03T00:17:05.090Z,58.1958333333333,-155.26,2.37,-0.31,ml,9,82,,0.07,av,av91908786,2023-06-05T22:09:45.290Z,"84 km NW of Karluk, Alaska",earthquake,0.25,0.6,0.29456813494294,9,reviewed,av,av
2023-06-03T00:16:48.380Z,58.1955,-155.258166666667,1.27,-0.53,ml,5,132,,0.04,av,av91106613,2023-06-05T22:14:34.250Z,"84 km NW of Karluk, Alaska",earthquake,0.35,1.24,0.217587793591498,5,reviewed,av,av
2023-06-03T00:13:28.580Z,38.8358345,-122.8160019,1.05,0.71,md,12,73,0.01326,0.02,nc,nc73895611,2023-06-03T01:05:18.024Z,"8km W of Cobb, CA",earthquake,0.25,0.66,0.33,13,automatic,nc,nc
2023-06-03T00:11:48.597Z,-27.4731,-66.5177,37.88,4.9,mb,75,46,2.412,0.54,us,us7000k5yb,2023-06-03T01:02:54.729Z,"23 km WNW of Andalgalá, Argentina",earthquake,6.18,6.409,0.057,98,reviewed,us,us
2023-06-03T00:06:20.493Z,61.137,-151.1642,56.9,1.3,ml,,,,0.42,ak,ak02372osrxd,2023-06-08T00:23:26.276Z,"4 km W of Beluga, Alaska",earthquake,,1.7,,,reviewed,ak,ak
2023-06-03T00:02:55.224Z,59.4457,-153.1306,101.5,2.1,ml,,,,0.5,ak,ak02372orzog,2023-06-08T00:23:22.056Z,"66 km SE of Pedro Bay, Alaska",earthquake,,0.4,,,reviewed,ak,ak
2023-06-03T00:01:09.893Z,31.6747039,-104.4059395,6.080151367,3,ml,15,56,0.01791483715,0.1,tx,tx2023ktoa,2023-06-04T17:35:47.980Z,"55 km S of Whites City, New Mexico",earthquake,0.9463237585,0.9003248514,0.1,18,reviewed,tx,tx
2023-06-03T00:00:18.380Z,58.1821666666667,-155.306166666667,1.01,-0.77,ml,5,115,,0.04,av,av91908761,2023-06-05T21:33:49.800Z,"84 km NW of Karluk, Alaska",earthquake,0.25,1,0.347831742477219,5,reviewed,av,av
2023-06-02T23:58:15.900Z,38.8176667,-122.805,2.08,1.12,md,44,38,0.006959,0.04,nc,nc73895606,2023-06-03T04:57:10.807Z,"6km NW of The Geysers, CA",earthquake,0.12,0.19,0.178,38,reviewed,nc,nc
2023-06-02T23:51:30.640Z,58.1788333333333,-155.318833333333,1.42,-0.16,ml,7,107,,0.08,av,av91908751,2023-06-05T23:01:00.110Z,"85 km NW of Karluk, Alaska",earthquake,0.21,0.86,0.289041658162121,7,reviewed,av,av
2023-06-02T23:44:44.330Z,58.1905,-155.32,1.74,-0.47,ml,7,152,,0.07,av,av91908746,2023-06-05T23:02:36.970Z,"86 km NW of Karluk, Alaska",earthquake,0.28,0.47,0.230016870919668,7,reviewed,av,av
2023-06-02T23:43:40.332Z,25.9991,128.5121,10,4.2,mb,32,78,0.861,0.33,us,us7000k7ch,2023-06-12T22:48:39.040Z,"73 km ESE of Katsuren-haebaru, Japan",earthquake,5.66,1.866,0.166,10,reviewed,us,us
2023-06-02T23:21:36.150Z,33.6965,-116.982,13.66,0.9,ml,26,59,0.01998,0.2,ci,ci40476520,2023-06-04T14:00:28.455Z,"6km S of Hemet, CA",earthquake,0.34,0.51,0.127,25,reviewed,ci,ci
2023-06-02T23:20:30.150Z,38.8146667,-122.8270035,2.14,0.75,md,15,57,0.006034,0.02,nc,nc73895601,2023-06-02T23:51:12.549Z,"7km NW of The Geysers, CA",earthquake,0.27,0.59,0.17,16,automatic,nc,nc
2023-06-02T23:17:56.230Z,37.5746667,-118.842,-0.13,0.24,md,6,270,0.01844,0.01,nc,nc73895596,2023-06-03T00:53:14.945Z,"14km ESE of Mammoth Lakes, CA",earthquake,2.28,0.84,0.138,5,reviewed,nc,nc
2023-06-02T23:13:14.130Z,58.25,-154.949166666667,4.1,-0.07,ml,7,157,,0.08,av,av91106628,2023-06-05T22:55:37.480Z,"81 km NNW of Karluk, Alaska",earthquake,0.43,0.59,0.196959012670191,7,reviewed,av,av
2023-06-02T23:12:58.930Z,58.1808333333333,-155.300833333333,1.28,-0.42,ml,8,100,,0.04,av,av91908731,2023-06-05T22:52:44.110Z,"84 km NW of Karluk, Alaska",earthquake,0.18,0.71,0.256092687152251,8,reviewed,av,av
2023-06-02T23:07:48.830Z,58.1928333333333,-155.2715,2.79,0.17,ml,12,52,,0.07,av,av91908726,2023-06-07T21:11:14.715Z,"84 km NW of Karluk, Alaska",earthquake,0.23,0.31,0.36898330974932,12,reviewed,av,av
2023-06-02T23:05:35.420Z,19.1426666666667,-155.4875,11.02,2.82,ml,42,165,,0.13,hv,hv73437042,2023-06-11T05:03:07.040Z,"6 km S of Pāhala, Hawaii",earthquake,0.32,0.34,0.174775117506158,32,reviewed,hv,hv
2023-06-02T22:59:47.230Z,60.216,-152.889333333333,10.94,0.58,ml,12,181,,0.13,av,av91908721,2023-06-05T22:38:36.660Z,"70 km WNW of Ninilchik, Alaska",earthquake,0.93,0.9,0.249817115028481,13,reviewed,av,av
2023-06-02T22:59:01.255Z,39.6177,-119.9737,6.2,1.2,ml,13,82.43,0.014,0.1129,nn,nn00860715,2023-06-03T02:05:06.812Z,"6 km S of Cold Springs, Nevada",earthquake,,1,0.23,7,reviewed,nn,nn
2023-06-02T22:58:27.333Z,63.4311,-150.8854,8.7,0.9,ml,,,,0.81,ak,ak02371eo4j0,2023-06-07T21:12:13.999Z,"43 km ESE of Denali National Park, Alaska",earthquake,,0.5,,,reviewed,ak,ak
2023-06-02T22:56:14.630Z,58.1861666666667,-155.29,1.48,-0.23,ml,7,93,,0.06,av,av91908716,2023-06-05T22:34:25.110Z,"84 km NW of Karluk, Alaska",earthquake,0.17,0.87,0.333207105854045,7,reviewed,av,av
2023-06-02T22:48:53.019Z,39.0547,-118.0818,6.9,1.7,ml,9,107.28,0.016,0.1625,nn,nn00860713,2023-06-03T02:05:05.521Z,"24 km NW of Gabbs, Nevada",earthquake,,0.9,0.26,5,reviewed,nn,nn
2023-06-02T22:45:42.180Z,33.6576667,-116.7226667,14.47,0.55,ml,20,84,0.04227,0.09,ci,ci40476496,2023-06-04T17:47:33.657Z,"9km S of Idyllwild, CA",earthquake,0.23,0.38,0.094,8,reviewed,ci,ci
2023-06-02T22:42:02.840Z,58.2603333333333,-155.135333333333,3.88,-0.34,ml,7,114,,0.15,av,av91908696,2023-06-05T22:28:05.940Z,"Alaska Peninsula",earthquake,0.82,1,0.17379444140707,7,reviewed,av,av
2023-06-02T22:35:27.605Z,67.0729,-154.4329,13.8,1.3,ml,,,,0.55,ak,ak02371ej720,2023-06-07T21:12:15.390Z,"95 km NW of Alatna, Alaska",earthquake,,0.9,,,reviewed,ak,ak
2023-06-02T22:34:49.065Z,-18.914,169.4795,241.693,4.3,mb,18,142,4.143,0.2,us,us7000k7cg,2023-06-12T22:46:29.040Z,"72 km NNE of Isangel, Vanuatu",earthquake,14.36,11.995,0.169,10,reviewed,us,us
2023-06-02T22:34:18.400Z,45.364,-121.70883333333333,2.91,0.84,ml,9,83,0.0283,0.07,uw,uw61930171,2023-06-02T22:51:49.320Z,"7 km NNE of Government Camp, Oregon",earthquake,0.29,0.53,0.20303952588876428,3,reviewed,uw,uw
2023-06-02T22:30:31.340Z,51.8641666666667,-177.9305,6.05,0.79,ml,4,168,,0.09,av,av91106623,2023-06-05T22:47:38.420Z,"89 km W of Adak, Alaska",earthquake,0.49,1.21,0.126799860999279,4,reviewed,av,av
2023-06-02T22:29:53.532Z,37.2817,-117.5966,7.2,2.5,ml,10,104.95,0.063,0.2146,nn,nn00860711,2023-06-03T02:05:03.725Z,"52 km S of Silver Peak, Nevada",earthquake,,5.3,0.68,5,reviewed,nn,nn
2023-06-02T22:28:55.620Z,38.8106651,-122.8101654,3.66,0.75,md,10,99,0.01192,0.01,nc,nc73895581,2023-06-02T22:48:10.114Z,"6km NW of The Geysers, CA",earthquake,0.56,1.21,0.06,11,automatic,nc,nc
2023-06-02T22:24:18.810Z,38.8161659,-122.8235016,2.34,0.78,md,15,55,0.008531,0.02,nc,nc73895576,2023-06-02T23:24:12.356Z,"7km NW of The Geysers, CA",earthquake,0.32,0.57,0.17,16,automatic,nc,nc
2023-06-02T22:24:17.810Z,58.1858333333333,-155.305666666667,2.41,-0.11,ml,11,99,,0.08,av,av91908691,2023-06-05T22:25:29.110Z,"85 km NW of Karluk, Alaska",earthquake,0.23,0.38,0.228275450611738,11,reviewed,av,av
2023-06-02T22:18:09.650Z,58.1881666666667,-155.3085,1.97,-0.5,ml,7,128,,0.08,av,av91908686,2023-06-05T22:22:36.690Z,"",earthquake,0.3,0.5,0.252835068396449,7,reviewed,av,av
2023-06-02T22:11:22.190Z,58.2251666666667,-155.149833333333,4.55,-0.45,ml,8,80,,0.16,av,av91908681,2023-06-05T22:17:58.390Z,"83 km NNW of Karluk, Alaska",earthquake,0.31,1.33,0.187395218757072,8,reviewed,av,av
2023-06-02T22:08:24.550Z,62.8714,-150.9329,101.5,1.2,ml,,,,0.39,ak,ak02371edehj,2023-06-07T21:12:15.183Z,"42 km NNW of Petersville, Alaska",earthquake,,1.2,,,reviewed,ak,ak
2023-06-02T22:08:22.040Z,-20.6179,-178.0979,531.555,4.5,mb,60,76,2.761,0.55,us,us7000k5xj,2023-06-11T04:56:00.040Z,"297 km WNW of Houma, Tonga",earthquake,14.93,10.515,0.088,38,reviewed,us,us
2023-06-02T22:08:19.600Z,58.2095,-155.1305,-2.2,-0.57,ml,10,74,,0.23,av,av91908676,2023-06-05T22:14:44.600Z,"81 km NNW of Karluk, Alaska",earthquake,0.39,3.2,0.222550687861923,10,reviewed,av,av
2023-06-02T22:05:35.940Z,18.2343333333333,-68.0446666666667,101.66,3.25,md,11,167,0.1901,0.28,pr,pr71412163,2023-06-02T22:28:08.040Z,"54 km SE of Punta Cana, Dominican Republic",earthquake,2.72,1.54,0.105506313097381,7,reviewed,pr,pr
2023-06-02T21:59:44.663Z,61.6853,-151.828,96.2,1.5,ml,,,,0.47,ak,ak02371e2xuw,2023-06-07T21:12:13.797Z,"40 km SSW of Skwentna, Alaska",earthquake,,0.5,,,reviewed,ak,ak
2023-06-02T21:57:15.480Z,-6.517,127.7706,360.798,4.5,mb,63,55,2.905,0.61,us,us7000k5xa,2023-06-11T05:01:11.040Z,"237 km NNE of Lospalos, Timor Leste",earthquake,8.73,7.086,0.076,51,reviewed,us,us
2023-06-02T21:54:26.370Z,38.8188324,-122.7968369,2.75,0.42,md,8,113,0.01091,0.02,nc,nc73895566,2023-06-02T22:28:13.980Z,"6km NW of The Geysers, CA",earthquake,0.63,1.12,0.22,9,automatic,nc,nc
2023-06-02T21:51:49.569Z,31.67422667,-104.4086268,6.645727539,3.4,ml,25,69,0.01593175491,0.2,tx,tx2023ktjt,2023-06-23T15:19:48.698Z,"55 km S of Whites City, New Mexico",earthquake,0.7641418658,0.6081743463,0.1,20,reviewed,tx,tx
2023-06-02T21:48:11.330Z,45.317,-122.787,-0.13,1.22,ml,9,135,0.01276,0.38,uw,uw61930166,2023-06-02T22:43:41.410Z,"2 km NNW of Wilsonville, Oregon",explosion,0.81,31.61,0.11290173307244045,7,reviewed,uw,uw
2023-06-02T21:48:06.540Z,58.4055,-154.463333333333,8.05,-0.31,ml,5,278,,0.28,av,av91908666,2023-06-05T21:56:07.380Z,"93 km N of Karluk, Alaska",earthquake,2.98,2.9,0.275397149654874,5,reviewed,av,av
2023-06-02T21:47:37.590Z,56.2309,-149.187,11.8,2.7,ml,,,,0.51,ak,ak02371e0inh,2023-06-11T05:21:06.115Z,"243 km SE of Chiniak, Alaska",earthquake,,8.2,,,reviewed,ak,ak
2023-06-02T21:44:24.653Z,51.5956,-177.0645,29.991,3.7,mb,45,177,0.263,0.48,us,us7000k60n,2023-06-12T20:44:23.040Z,"42 km SW of Adak, Alaska",earthquake,6.42,7.941,0.11,21,reviewed,us,us
2023-06-02T21:43:47.708Z,62.1424,-147.4916,25.5,1.5,ml,,,,0.71,ak,ak02371dzinz,2023-06-07T21:12:13.067Z,"28 km NW of Eureka Roadhouse, Alaska",earthquake,,0.6,,,reviewed,ak,ak
2023-06-02T21:42:56.440Z,38.8358345,-122.8065033,1.99,0.87,md,16,55,0.01273,0.01,nc,nc73895561,2023-06-02T22:07:14.854Z,"7km WNW of Cobb, CA",earthquake,0.27,0.66,0.2,18,automatic,nc,nc
2023-06-02T21:40:14.029Z,4.809,125.4626,10,4.6,mb,52,87,2.249,0.5,us,us7000k5x7,2023-06-12T21:36:30.040Z,"65 km S of Sarangani, Philippines",earthquake,7.04,1.901,0.071,59,reviewed,us,us
2023-06-02T21:39:00.380Z,36.0658333,-120.638,2.3,0.53,md,19,123,0.03401,0.1,nc,nc73895556,2023-06-03T00:41:14.859Z,"24km ENE of San Ardo, CA",earthquake,0.36,1.25,0.237,9,reviewed,nc,nc
2023-06-02T21:37:31.310Z,45.36416666666667,-121.70666666666666,2.86,0.89,ml,9,82,0.02857,0.08,uw,uw61930161,2023-06-02T22:34:59.180Z,"7 km NNE of Government Camp, Oregon",earthquake,0.3,0.59,0.2894229551424983,4,reviewed,uw,uw
2023-06-02T21:36:39.800Z,53.8935,-166.637666666667,5.37,1.07,ml,9,155,,0.11,av,av91908646,2023-06-05T22:00:48.000Z,"6 km W of Dutch Harbor, Alaska",earthquake,0.45,0.58,0.158409918318115,10,reviewed,av,av
2023-06-02T21:35:31.087Z,36.7678,-116.2726,2.6,-0.4,ml,4,264.62,0.029,0.0132,nn,nn00860720,2023-06-03T02:05:07.375Z,"46 km ESE of Beatty, Nevada",earthquake,,7.8,0,1,reviewed,nn,nn
2023-06-02T21:30:32.920Z,58.2556666666667,-155.087,3.19,-0.84,ml,5,132,,0.04,av,av91908641,2023-06-05T23:04:19.780Z,"85 km NNW of Karluk, Alaska",earthquake,0.25,0.77,0.101857293962482,5,reviewed,av,av
2023-06-02T21:29:34.340Z,58.1793333333333,-155.339666666667,1.13,-1.14,ml,4,169,,0.03,av,av91106608,2023-06-05T22:10:36.800Z,"",earthquake,0.26,1.16,0.168910725278661,4,reviewed,av,av
2023-06-02T21:29:09.060Z,58.2166666666667,-155.198,4.17,-0.75,ml,7,126,,0.09,av,av91908636,2023-06-05T22:08:58.730Z,"84 km NNW of Karluk, Alaska",earthquake,0.31,0.75,0.259848666569987,7,reviewed,av,av
2023-06-02T21:25:29.474Z,55.313,163.1886,35,4.2,mb,38,157,3.518,0.37,us,us7000k5x4,2023-06-02T22:05:29.040Z,"111 km SSE of Ust’-Kamchatsk Staryy, Russia",earthquake,5.99,1.961,0.07,56,reviewed,us,us
2023-06-02T21:20:04.640Z,35.3161667,-119.0353333,19.19,1.83,ml,42,59,0.06316,0.19,ci,ci40476408,2023-06-06T15:13:32.110Z,"5km S of Bakersfield, CA",earthquake,0.22,0.4,0.182,29,reviewed,ci,ci
2023-06-02T21:17:37.009Z,56.3639,-149.2654,10,3,ml,20,245,2.303,0.29,us,us7000k5x0,2023-06-11T05:21:05.609Z,"229 km SE of Chiniak, Alaska",earthquake,4.81,2.021,0.051,50,reviewed,us,us
2023-06-02T21:07:48.350Z,18.4468333333333,-66.122,84.32,2.88,md,13,179,0.1418,0.15,pr,pr71412148,2023-06-02T22:31:42.393Z,"0 km NNW of Cataño, Puerto Rico",earthquake,1.54,0.69,0.18600641397,13,reviewed,pr,pr
2023-06-02T21:00:48.290Z,33.3913333,-116.8981667,12.77,0.62,ml,24,65,0.04795,0.15,ci,ci40476384,2023-06-06T15:05:09.814Z,"5km NW of Palomar Observatory, CA",earthquake,0.24,0.59,0.188,6,reviewed,ci,ci
2023-06-02T20:51:10.660Z,54.1406666666667,-165.987666666667,1.82,-0.46,ml,4,226,,0.16,av,av91106603,2023-06-05T21:51:40.060Z,"13 km W of Akutan, Alaska",earthquake,0.83,0.5,0.320534749196417,4,reviewed,av,av
2023-06-02T20:49:10.866Z,63.0772,-144.9711,9.7,1.4,ml,,,,0.84,ak,ak02371dfam4,2023-06-07T21:12:12.591Z,"32 km E of Paxson, Alaska",earthquake,,0.2,,,reviewed,ak,ak
2023-06-02T20:47:33.930Z,19.4406666666667,-155.320333333333,4.4,0.68,md,14,160,,0.09,hv,hv73436887,2023-06-02T22:27:40.730Z,"9 km W of Volcano, Hawaii",earthquake,0.41,0.85,0.110361331937139,5,reviewed,hv,hv
2023-06-02T20:44:38.450Z,33.9936667,-116.7466667,7.89,1.5,ml,58,38,0.06549,0.13,ci,ci40476368,2023-06-06T14:57:03.390Z,"9km NNE of Cabazon, CA",earthquake,0.13,0.36,0.134,32,reviewed,ci,ci
2023-06-02T20:36:08.530Z,33.2433333,-116.0985,8.13,1.1,ml,35,56,0.1013,0.19,ci,ci40476344,2023-06-06T14:19:36.958Z,"12km NNE of Ocotillo Wells, CA",earthquake,0.21,0.91,0.08,22,reviewed,ci,ci
2023-06-02T20:33:47.910Z,58.1818333333333,-155.298,1.78,-0.38,ml,6,157,,0.05,av,av91908586,2023-06-05T21:46:32.530Z,"84 km NW of Karluk, Alaska",earthquake,0.23,0.73,0.188603254394951,6,reviewed,av,av
2023-06-02T20:33:30.140Z,19.4316673278809,-155.320831298828,3.54999995231628,1.89,ml,17,97,,0.119999997,hv,hv73436867,2023-06-02T20:38:59.300Z,"9 km W of Volcano, Hawaii",earthquake,0.38,1.19000006,0.32,3,automatic,hv,hv
2023-06-02T20:30:48.632Z,58.2216,-155.1892,3.7,1.4,ml,,,,0.65,ak,ak02371dbaw0,2023-06-11T05:21:05.413Z,"84 km NNW of Karluk, Alaska",earthquake,,0.4,,,reviewed,ak,ak
2023-06-02T20:28:35.479Z,61.948,-150.7402,65.1,1.5,ml,,,,0.57,ak,ak02371daugj,2023-06-07T21:12:12.138Z,"34 km E of Skwentna, Alaska",earthquake,,0.5,,,reviewed,ak,ak
2023-06-02T20:20:09.130Z,58.1853333333333,-155.281833333333,2.77,0.32,ml,14,56,,0.09,av,av91908566,2023-06-11T05:20:48.650Z,"84 km NW of Karluk, Alaska",earthquake,0.17,0.27,0.235117808490105,16,reviewed,av,av
2023-06-02T20:19:46.740Z,32.9365,-116.2901667,9.89,2.89,ml,87,42,0.0212,0.21,ci,ci40476312,2023-06-19T19:11:56.040Z,"26km ENE of Pine Valley, CA",earthquake,0.13,0.4,0.116,96,reviewed,ci,ci
2023-06-02T20:15:30.400Z,19.3211666666667,-155.223333333333,6.55,2.99,ml,55,121,,0.11,hv,hv73436847,2023-06-19T19:10:53.858Z,"13 km S of Volcano, Hawaii",earthquake,0.26,0.38,0.146042331664661,41,reviewed,hv,hv
2023-06-02T20:12:58.327Z,39.6205,-119.9775,6.4,1.3,ml,14,90.62,0.018,0.0855,nn,nn00860705,2023-06-03T02:05:00.557Z,"6 km S of Cold Springs, Nevada",earthquake,,1,0.37,6,reviewed,nn,nn
2023-06-02T20:11:50.230Z,58.185,-155.273,2.31,-0.38,ml,7,90,,0.05,av,av91908556,2023-06-05T21:33:28.420Z,"84 km NW of Karluk, Alaska",earthquake,0.23,0.49,0.340753845117554,7,reviewed,av,av
2023-06-02T20:10:01.715Z,61.5195,-149.8095,21.7,1.4,ml,,,,0.58,ak,ak02371d6wvd,2023-06-07T21:17:28.848Z,"7 km E of Big Lake, Alaska",earthquake,,0.5,,,reviewed,ak,ak
2023-06-02T20:00:18.680Z,31.67891011,-104.3952106,6.697143555000001,2,ml,18,56,0.02619766792,0.2,tx,tx2023ktgc,2023-06-06T21:31:24.067Z,"55 km S of Whites City, New Mexico",earthquake,0.8878560815,0.7850188587,0.2,14,reviewed,tx,tx
2023-06-02T19:59:45.624Z,61.3463,-151.5897,73.4,1.5,ml,,,,0.68,ak,ak02371cw2s9,2023-06-11T05:21:05.175Z,"35 km NW of Beluga, Alaska",earthquake,,0.5,,,reviewed,ak,ak
2023-06-02T19:57:44.207Z,69.5017,-143.8799,8.9,1.1,ml,,,,0.74,ak,ak02371cvndg,2023-06-11T05:21:06.537Z,"70 km S of Kaktovik, Alaska",earthquake,,0.8,,,reviewed,ak,ak
2023-06-02T19:55:37.010Z,19.436,-155.3225,4.45,1.7,ml,32,103,,0.09,hv,hv73436822,2023-06-02T21:35:06.590Z,"9 km W of Volcano, Hawaii",earthquake,0.28,0.58,0.207003495130072,10,reviewed,hv,hv
2023-06-02T19:54:26.820Z,17.9426666666667,-66.9608333333333,13.07,2.97,md,13,225,0.05771,0.12,pr,pr71412133,2023-06-02T22:32:11.498Z,"6 km WSW of Guánica, Puerto Rico",earthquake,0.64,0.24,0.183465178823508,5,reviewed,pr,pr
2023-06-02T19:50:03.930Z,19.435,-155.320333333333,4.84,2.06,ml,38,90,,0.09,hv,hv73436812,2023-06-02T21:58:57.830Z,"9 km W of Volcano, Hawaii",earthquake,0.26,0.52,0.191854013095292,20,reviewed,hv,hv
2023-06-02T19:47:58.840Z,36.033,-117.8235,1.78,1.42,ml,22,61,0.04784,0.15,ci,ci40476272,2023-06-06T14:07:50.721Z,"11km E of Coso Junction, CA",earthquake,0.18,0.22,0.111,10,reviewed,ci,ci
2023-06-02T19:46:57.180Z,58.185,-155.347333333333,1.38,-0.31,ml,6,111,,0.04,av,av91908516,2023-06-05T21:24:03.530Z,"86 km NW of Karluk, Alaska",earthquake,0.19,0.66,0.203762765253314,6,reviewed,av,av
2023-06-02T19:44:32.750Z,62.0596,-147.7232,20.1,1.9,ml,,,,0.69,ak,ak02371csu0k,2023-06-11T05:21:04.897Z,"28 km N of Glacier View, Alaska",earthquake,,0.4,,,reviewed,ak,ak
2023-06-02T19:44:18.840Z,36.7848333,-121.5248333,7.46,1.98,md,57,45,0.03776,0.14,nc,nc73895526,2023-06-03T01:05:17.023Z,"7km S of San Juan Bautista, CA",earthquake,0.18,0.28,0.13,54,reviewed,nc,nc
2023-06-02T19:40:46.190Z,33.6076667,-116.8028333,6.16,0.6,ml,21,69,0.03521,0.18,ci,ci40476264,2023-06-04T17:19:18.018Z,"13km WNW of Anza, CA",earthquake,0.36,0.66,0.093,3,reviewed,ci,ci
2023-06-02T19:35:12.950Z,43.255,-123.5965,-0.31,1.4000000000000001,ml,13,73,0.1648,0.34,uw,uw61930136,2023-06-03T03:13:14.242Z,"11 km W of Melrose, Oregon",explosion,0.69,31.61,0.05624261925282259,5,reviewed,uw,uw
2023-06-02T19:26:42.951Z,-19.1013,-177.5438,544.198,4.1,mb,47,46,3.011,0.63,us,us7000k7cd,2023-06-19T18:57:44.040Z,"Fiji region",earthquake,11.88,5.884,0.092,36,reviewed,us,us
2023-06-02T19:23:01.800Z,58.1891666666667,-155.282833333333,2.56,0.38,ml,12,62,,0.08,av,av91908496,2023-06-11T05:20:44.659Z,"84 km NW of Karluk, Alaska",earthquake,0.19,0.33,0.227443580239774,13,reviewed,av,av
2023-06-02T19:20:21.550Z,38.8423347,-122.8731689,1.88,0.51,md,7,187,0.00425,0.04,nc,nc73895521,2023-06-02T19:55:14.038Z,"12km NW of The Geysers, CA",earthquake,0.83,0.88,0.29,8,automatic,nc,nc
2023-06-02T19:18:39.340Z,19.4363327026367,-155.324005126953,2.63000011444092,1.89,ml,26,89,,0.209999993,hv,hv73436782,2023-06-02T19:24:12.070Z,"9 km W of Volcano, Hawaii",earthquake,0.4,0.850000024,0.25,9,automatic,hv,hv
2023-06-02T19:11:54.430Z,38.779335,-122.7656631,1.1,0.89,md,16,80,0.008602,0.03,nc,nc73895516,2023-06-02T19:43:14.950Z,"1km WNW of The Geysers, CA",earthquake,0.27,0.48,0.15,15,automatic,nc,nc
2023-06-02T19:11:50.660Z,60.0546666666667,-153.044333333333,5.41,-1.59,ml,4,140,,0.18,av,av91908491,2023-06-05T21:14:51.380Z,"66 km ENE of Pedro Bay, Alaska",earthquake,2.16,1.21,0.158417792695746,4,reviewed,av,av
2023-06-02T19:08:57.940Z,58.1908333333333,-155.253,1.7,-0.69,ml,8,83,,0.04,av,av91908486,2023-06-05T21:11:38.900Z,"83 km NW of Karluk, Alaska",earthquake,0.2,0.89,0.381546183510279,8,reviewed,av,av
2023-06-02T19:07:38.964Z,3.6134,126.6839,47.985,4.1,mb,21,155,2.904,0.37,us,us7000k7cc,2023-06-19T18:44:30.040Z,"",earthquake,11.27,9.933,0.12,19,reviewed,us,us
2023-06-02T19:04:29.353Z,62.086,-142.0731,2.6,1.3,ml,,,,0.92,ak,ak02371ck983,2023-06-11T05:21:04.687Z,"Central Alaska",earthquake,,0.3,,,reviewed,ak,ak
2023-06-02T19:04:03.361Z,31.68898213,-104.4012234,5.874487305,2.1,ml,19,78,0.02276127366,0.2,tx,tx2023ktef,2023-06-02T19:12:29.401Z,"54 km S of Whites City, New Mexico",earthquake,0.9021364428,0.6222249740999999,0.1,14,reviewed,tx,tx
2023-06-02T19:02:46.890Z,46.015,-112.459833333333,-2,1.72,ml,13,113,0.0658,0.11,mb,mb90016643,2023-06-02T20:22:52.920Z,"5 km ENE of Butte, Montana",quarry blast,0.42,31.61,0.18858900260587,14,reviewed,mb,mb
2023-06-02T18:59:15.600Z,34.9848333,-118.1931667,-0.91,1.01,ml,16,60,0.1097,0.18,ci,ci40476208,2023-06-08T20:51:19.529Z,"8km SSW of Mojave, CA",quarry blast,0.4,31.61,0.01,5,reviewed,ci,ci
2023-06-02T18:58:51.326Z,-23.4288,-66.8171,204.184,4.6,mb,27,43,1.34,1.08,us,us7000k5vc,2023-06-19T18:28:15.573Z,"101 km NNW of San Antonio de los Cobres, Argentina",earthquake,9,7.275,0.151,15,reviewed,us,us
2023-06-02T18:56:37.230Z,58.1845,-155.309333333333,2.41,-0.44,ml,9,101,,0.07,av,av91908471,2023-06-05T17:21:39.060Z,"85 km NW of Karluk, Alaska",earthquake,0.22,0.33,0.218400905679101,10,reviewed,av,av
2023-06-02T18:55:17.750Z,58.1985,-155.251166666667,2.72,-0.6,ml,9,127,,0.08,av,av91908466,2023-06-05T18:40:07.360Z,"Alaska Peninsula",earthquake,0.21,0.44,0.273411885589382,9,reviewed,av,av
2023-06-02T18:51:50.950Z,19.4383335113525,-155.317337036133,2.79999995231628,1.73,ml,19,104,,0.100000001,hv,hv73436737,2023-06-02T18:57:22.890Z,"8 km W of Volcano, Hawaii",earthquake,0.29,0.50999999,0.93,6,automatic,hv,hv
2023-06-02T18:50:53.010Z,58.2481666666667,-155.075166666667,8.59,-0.65,ml,9,105,,0.11,av,av91908461,2023-06-05T18:50:02.360Z,"",earthquake,0.48,0.7,0.190900674654132,9,reviewed,av,av
2023-06-02T18:49:54.080Z,38.846,-122.8211667,4.36,1.21,md,29,62,0.008814,0.12,nc,nc73895511,2023-06-03T01:57:16.358Z,"9km WNW of Cobb, CA",earthquake,0.29,0.43,0.159,27,reviewed,nc,nc
2023-06-02T18:48:05.930Z,58.1845,-155.306333333333,2.02,0.14,ml,12,57,,0.07,av,av91908456,2023-06-05T18:58:15.780Z,"85 km NW of Karluk, Alaska",earthquake,0.16,0.34,0.346155300095058,14,reviewed,av,av
2023-06-02T18:46:36.390Z,58.1796666666667,-155.323,2.12,-0.07,ml,12,57,,0.09,av,av91908451,2023-06-07T21:10:40.883Z,"85 km NW of Karluk, Alaska",earthquake,0.18,0.46,0.396641356392367,12,reviewed,av,av
2023-06-02T18:43:57.650Z,37.001,-119.8053333,-0.37,1.99,md,14,103,0.07862,0.09,nc,nc73895506,2023-06-02T19:44:02.643Z,"6km ENE of Bonadelle Ranchos-Madera Ranchos, CA",quarry blast,0.55,31.61,0.222,17,reviewed,nc,nc
2023-06-02T18:40:49.970Z,38.8349991,-122.8183365,1.96,0.68,md,11,120,0.01326,0.02,nc,nc73895496,2023-06-02T18:42:26.581Z,"8km NW of The Geysers, CA",earthquake,0.44,0.86,0.12,11,automatic,nc,nc
2023-06-02T18:39:34.410Z,52.3425,-174.165,6.94,0.22,ml,5,127,,0.21,av,av91908441,2023-06-05T17:36:10.300Z,"16 km N of Atka, Alaska",earthquake,0.83,1.18,0.557062531065876,5,reviewed,av,av
2023-06-02T18:34:40.200Z,58.2365,-155.151166666667,2.97,-0.3,ml,10,82,,0.11,av,av91908436,2023-06-05T17:54:57.680Z,"85 km NNW of Karluk, Alaska",earthquake,0.27,1.17,0.217496354371117,10,reviewed,av,av
2023-06-02T18:32:40.288Z,59.4018,-152.6882,74.7,1.5,ml,,,,0.4,ak,ak02371c4ugs,2023-06-07T21:12:14.773Z,"Southern Alaska",earthquake,,0.7,,,reviewed,ak,ak
2023-06-02T18:31:33.389Z,59.074,-152.2989,61.2,1.5,ml,,,,0.41,ak,ak02371c4m7u,2023-06-07T21:12:14.563Z,"38 km SW of Nanwalek, Alaska",earthquake,,0.8,,,reviewed,ak,ak
2023-06-02T18:30:49.920Z,33.3341667,-116.9286667,17.79,0.98,ml,65,30,0.05856,0.22,ci,ci40476168,2023-06-04T14:03:27.560Z,"6km WSW of Palomar Observatory, CA",earthquake,0.22,0.56,0.18,23,reviewed,ci,ci
2023-06-02T18:28:20.500Z,38.7878342,-122.7555008,1.9,1.05,md,18,78,0.01319,0.05,nc,nc73895486,2023-06-02T18:52:17.612Z,"1km N of The Geysers, CA",earthquake,0.29,0.56,0.3,18,automatic,nc,nc
2023-06-02T18:21:11.510Z,36.6513333,-121.2791667,5.84,2.03,md,48,87,0.04946,0.08,nc,nc73895481,2023-06-03T00:38:12.844Z,"16km SSE of Tres Pinos, CA",earthquake,0.18,0.4,0.173,53,reviewed,nc,nc
2023-06-02T18:16:50.196Z,58.2567,-155.1095,0.9,1.2,ml,,,,0.55,ak,ak02371c1frz,2023-06-11T05:21:04.497Z,"85 km NNW of Karluk, Alaska",earthquake,,0.6,,,reviewed,ak,ak
2023-06-02T18:13:26.660Z,58.1041,-143.2885,15.551,2.6,ml,47,160,1.92,0.54,us,us7000k5v3,2023-06-19T18:20:49.040Z,"261 km SW of Yakutat, Alaska",earthquake,6.01,7.408,0.039,86,reviewed,us,us
2023-06-02T18:10:00.020Z,58.1873333333333,-155.306,2.66,-0.26,ml,8,98,,0.08,av,av91908406,2023-06-05T19:25:39.220Z,"85 km NW of Karluk, Alaska",earthquake,0.24,0.43,0.339432412244162,9,reviewed,av,av
2023-06-02T18:09:33.300Z,36.6515,-121.2776667,5.87,1.69,md,24,154,0.0503,0.07,nc,nc73895476,2023-06-03T00:22:12.747Z,"16km SSE of Tres Pinos, CA",earthquake,0.35,0.68,0.201,23,reviewed,nc,nc
2023-06-02T18:09:27.560Z,46.845,-123.213,-0.35,1.16,ml,24,56,0.1382,0.3,uw,uw61930116,2023-06-02T22:17:07.710Z,"1 km ENE of Oakville, Washington",explosion,0.63,31.61,0.23916309945369818,13,reviewed,uw,uw
2023-06-02T18:07:53.350Z,33.3413333,-116.362,9.13,0.53,ml,17,123,0.01519,0.12,ci,ci40476120,2023-06-06T13:54:19.778Z,"10km N of Borrego Springs, CA",earthquake,0.24,0.49,0.157,6,reviewed,ci,ci
2023-06-02T18:07:29.970Z,36.6508333,-121.2778333,5.89,2.58,md,58,104,0.04969,0.09,nc,nc73895471,2023-06-19T18:04:04.040Z,"16km SSE of Tres Pinos, CA",earthquake,0.15,0.38,0.117,86,reviewed,nc,nc
2023-06-02T18:02:55.090Z,58.2566666666667,-155.084666666667,3.93,-0.47,ml,9,102,,0.08,av,av91908401,2023-06-05T19:28:20.020Z,"85 km NNW of Karluk, Alaska",earthquake,0.24,0.49,0.259301564049385,9,reviewed,av,av
2023-06-02T18:01:04.300Z,58.246,-155.076833333333,4.15,-0.39,ml,9,103,,0.08,av,av91908396,2023-06-05T19:31:27.890Z,"83 km NNW of Karluk, Alaska",earthquake,0.28,0.58,0.291515253332493,9,reviewed,av,av
2023-06-02T17:55:23.630Z,38.8345,-122.7996667,2.03,0.41,md,23,57,0.008261,0.03,nc,nc73895466,2023-06-02T22:50:13.132Z,"7km WNW of Cobb, CA",earthquake,0.18,0.39,0.205,23,reviewed,nc,nc
2023-06-02T17:54:41.850Z,58.169,-155.292,0.84,-0.4,ml,7,102,,0.04,av,av91908376,2023-06-05T04:40:18.350Z,"Alaska Peninsula",earthquake,0.25,1.37,0.188845145572283,7,reviewed,av,av
2023-06-02T17:48:48.350Z,58.2548333333333,-155.096,2.35,-0.76,ml,5,133,,0.04,av,av91106573,2023-06-05T04:33:49.020Z,"85 km NNW of Karluk, Alaska",earthquake,0.25,0.42,0.260001255995863,5,reviewed,av,av
2023-06-02T17:48:16.570Z,58.1863333333333,-155.297833333333,2.14,-0.05,ml,10,59,,0.08,av,av91908366,2023-06-05T04:31:05.850Z,"",earthquake,0.18,0.49,0.305741877105119,10,reviewed,av,av
2023-06-02T17:47:37.290Z,58.1753333333333,-155.328833333333,1.83,-0.04,ml,12,58,,0.07,av,av91908361,2023-06-07T21:10:26.305Z,"85 km NW of Karluk, Alaska",earthquake,0.18,0.5,0.34617333994079,12,reviewed,av,av
2023-06-02T17:42:17.190Z,38.8188324,-122.822998,2.49,0.76,md,10,100,0.01033,0.02,nc,nc73895461,2023-06-02T18:05:18.339Z,"7km NW of The Geysers, CA",earthquake,0.41,0.85,0.14,11,automatic,nc,nc
2023-06-02T17:42:16.160Z,34.0446667,-117.2663333,16.41,1.51,ml,66,46,0.08712,0.16,ci,ci40476088,2023-06-05T21:11:42.200Z,"1km SW of Loma Linda, CA",earthquake,0.16,0.32,0.114,50,reviewed,ci,ci
2023-06-02T17:40:54.280Z,19.3948333333333,-155.254,1.27,1.22,md,19,54,,0.08,hv,hv73436647,2023-06-02T18:21:45.600Z,"",earthquake,0.16,0.23,0.296198133062067,3,reviewed,hv,hv
2023-06-02T17:40:41.970Z,58.2606666666667,-155.0825,4.5,-0.04,ml,13,103,,0.19,av,av91908351,2023-06-07T21:10:21.384Z,"85 km NNW of Karluk, Alaska",earthquake,0.33,0.59,0.297248319427432,13,reviewed,av,av
2023-06-02T17:40:30.760Z,46.20466666666667,-122.18266666666666,4.63,0.22,ml,8,94,0.03793,0.11,uw,uw61930101,2023-06-02T19:14:07.850Z,"38 km NNE of Amboy, Washington",earthquake,0.35,0.63,0.16322304656559578,5,reviewed,uw,uw
2023-06-02T17:40:08.410Z,6.1004,120.9202,37.306,4.6,mb,86,42,4.728,0.56,us,us7000k5uy,2023-06-19T14:13:34.040Z,"7 km NNW of Bato Bato, Philippines",earthquake,8.24,7.106,0.062,80,reviewed,us,us
2023-06-02T17:39:59.770Z,58.2533333333333,-155.103166666667,4.19,0.05,ml,15,92,,0.13,av,av91908346,2023-06-07T21:10:23.777Z,"85 km NNW of Karluk, Alaska",earthquake,0.24,0.48,0.18992354389675,15,reviewed,av,av
2023-06-02T17:39:19.651Z,-22.7801,-176.1146,80.556,5.1,mb,206,33,1.812,0.69,us,us7000k5ux,2023-06-17T22:05:08.040Z,"south of the Fiji Islands",earthquake,8.26,4.336,0.028,436,reviewed,us,us
2023-06-02T17:34:52.850Z,34.9296667,-116.664,4.91,1.1,ml,15,85,0.1414,0.12,ci,ci40476072,2023-06-05T20:47:06.634Z,"33km E of Barstow, CA",earthquake,0.22,0.73,0.081,7,reviewed,ci,ci
2023-06-02T17:33:09.530Z,58.2585,-155.09,3.14,-0.41,ml,4,129,,0.02,av,av91106568,2023-06-05T04:11:50.390Z,"",earthquake,0.34,1.08,0.290058057814389,4,reviewed,av,av
2023-06-02T17:33:01.302Z,1.1086,122.572,71.842,4.3,mb,28,111,1.79,0.8,us,us7000k5uv,2023-06-17T21:59:41.040Z,"83 km NW of Gorontalo, Indonesia",earthquake,5.83,7.841,0.111,25,reviewed,us,us
2023-06-02T17:32:57.290Z,58.2601666666667,-155.078833333333,4.3,0.11,ml,15,105,,0.14,av,av91908341,2023-06-07T21:10:11.637Z,"85 km NNW of Karluk, Alaska",earthquake,0.22,0.45,0.287832908946145,17,reviewed,av,av
2023-06-02T17:29:58.740Z,58.2623333333333,-155.094,4.94,-0.34,ml,8,99,,0.14,av,av91908336,2023-06-05T04:05:20.110Z,"86 km NNW of Karluk, Alaska",earthquake,0.42,0.62,0.178205378569815,9,reviewed,av,av
2023-06-02T17:29:08.250Z,58.2588333333333,-155.101666666667,4.32,-0.45,ml,7,103,,0.25,av,av91106563,2023-06-05T03:50:31.410Z,"85 km NNW of Karluk, Alaska",earthquake,0.52,1.09,0.153633991164262,7,reviewed,av,av
2023-06-02T17:28:58.120Z,58.2563333333333,-155.0945,4.79,-0.43,ml,7,103,,0.16,av,av91106558,2023-06-05T03:48:23.460Z,"85 km NNW of Karluk, Alaska",earthquake,0.56,0.53,0.189492404764062,7,reviewed,av,av
2023-06-02T17:28:46.770Z,34.3493333,-118.4753333,6.63,1.02,ml,17,130,0.04518,0.14,ci,ci40476048,2023-06-05T20:43:47.610Z,"5km NNW of Sylmar, CA",earthquake,0.31,0.68,0.1,5,reviewed,ci,ci
2023-06-02T17:28:33.280Z,58.26,-155.095333333333,4.76,-0.16,ml,9,97,,0.17,av,av91106553,2023-06-05T03:46:13.440Z,"85 km NNW of Karluk, Alaska",earthquake,0.33,0.55,0.191151784642224,9,reviewed,av,av
2023-06-02T17:28:05.150Z,58.2558333333333,-155.089833333333,3.78,-0.28,ml,9,99,,0.07,av,av91908331,2023-06-05T20:55:49.720Z,"85 km NNW of Karluk, Alaska",earthquake,0.22,0.5,0.178333030153993,9,reviewed,av,av
2023-06-02T17:27:13.590Z,58.2546666666667,-155.094666666667,2.95,-0.99,ml,5,125,,0.06,av,av91106548,2023-06-05T03:37:18.320Z,"Alaska Peninsula",earthquake,0.43,1.41,0.283982125253444,5,reviewed,av,av
2023-06-02T17:26:50.890Z,58.255,-155.104333333333,4.03,-0.19,ml,11,92,,0.21,av,av91908326,2023-06-05T03:34:50.500Z,"85 km NNW of Karluk, Alaska",earthquake,0.4,0.92,0.208872273183216,11,reviewed,av,av
2023-06-02T17:26:11.930Z,58.2433333333333,-155.1055,-2.15,-0.84,ml,4,233,,0.05,av,av91908316,2023-06-05T03:27:53.500Z,"84 km NNW of Karluk, Alaska",earthquake,0.8,3.71,0.113823640886555,4,reviewed,av,av
2023-06-02T17:25:39.800Z,58.2565,-155.100166666667,2.32,-0.22,ml,4,134,,0.05,av,av91106543,2023-06-05T03:23:31.200Z,"85 km NNW of Karluk, Alaska",earthquake,0.27,1.23,0.233466691243975,4,reviewed,av,av
2023-06-02T17:25:24.550Z,58.255,-155.100166666667,2.22,-0.72,ml,6,119,,0.11,av,av91106538,2023-06-05T03:21:39.360Z,"85 km NNW of Karluk, Alaska",earthquake,0.32,0.85,0.1600523532267,6,reviewed,av,av
2023-06-02T17:24:51.410Z,58.2638333333333,-155.088,3.96,-0.59,ml,6,122,,0.19,av,av91908311,2023-06-05T03:15:04.300Z,"86 km NNW of Karluk, Alaska",earthquake,0.46,0.82,0.170087715311233,6,reviewed,av,av
2023-06-02T17:24:36.654Z,61.7523,-149.6064,22.1,1.7,ml,,,,0.6,ak,ak02371bhosy,2023-06-07T21:12:09.783Z,"14 km N of Meadow Lakes, Alaska",earthquake,,0.3,,,reviewed,ak,ak
2023-06-02T17:23:38.750Z,58.2581666666667,-155.089,4.16,0.22,ml,15,100,,0.14,av,av91106533,2023-06-05T03:10:27.480Z,"85 km NNW of Karluk, Alaska",earthquake,0.26,0.5,0.239857746652383,15,reviewed,av,av
2023-06-02T17:23:17.720Z,58.254,-155.100666666667,1.77,-0.52,ml,4,137,,0.04,av,av91908306,2023-06-05T03:06:49.170Z,"Alaska Peninsula",earthquake,0.25,1.35,0.205775372813694,4,reviewed,av,av
2023-06-02T17:22:23.060Z,58.2615,-155.086,-2.2,0.23,ml,11,102,,0.26,av,av91908301,2023-06-05T02:59:54.720Z,"85 km NNW of Karluk, Alaska",earthquake,0.35,2.81,0.223712039534287,11,reviewed,av,av
2023-06-02T17:22:20.490Z,58.2805,-155.116666666667,1.68,-0.1,ml,5,114,,0.11,av,av91106528,2023-06-05T03:03:57.330Z,"88 km NNW of Karluk, Alaska",earthquake,0.59,1.05,0.129670657053203,5,reviewed,av,av
2023-06-02T17:21:11.950Z,58.2533333333333,-155.097333333333,4.12,-0.35,ml,7,94,,0.1,av,av91106523,2023-06-05T02:55:01.490Z,"85 km NNW of Karluk, Alaska",earthquake,0.25,0.61,0.114889605148514,7,reviewed,av,av
2023-06-02T17:20:22.120Z,58.2578333333333,-155.104333333333,3.85,0.2,ml,14,93,,0.09,av,av91106518,2023-06-05T02:47:47.740Z,"85 km NNW of Karluk, Alaska",earthquake,0.24,0.43,0.213303028238218,15,reviewed,av,av
2023-06-02T17:19:53.130Z,58.258,-155.087,4.81,0.59,ml,15,100,,0.18,av,av91908291,2023-06-07T21:09:54.558Z,"85 km NNW of Karluk, Alaska",earthquake,0.26,0.62,0.254494550588442,15,reviewed,av,av
2023-06-02T17:18:58.460Z,58.2613333333333,-155.094333333333,4.33,-0.48,ml,7,99,,0.18,av,av91106513,2023-06-05T02:15:55.650Z,"85 km NNW of Karluk, Alaska",earthquake,0.44,0.85,0.140155117087989,7,reviewed,av,av
2023-06-02T17:18:49.450Z,58.2586666666667,-155.083333333333,4.68,-0.24,ml,9,103,,0.11,av,av91908286,2023-06-05T02:12:58.650Z,"85 km NNW of Karluk, Alaska",earthquake,0.26,0.42,0.194378951671431,9,reviewed,av,av
2023-06-02T17:18:30.400Z,58.2621666666667,-155.109666666667,0.8,-0.79,ml,4,140,,0.07,av,av91106508,2023-06-05T02:09:47.650Z,"Alaska Peninsula",earthquake,0.36,1.6,0.206729893831814,4,reviewed,av,av
2023-06-02T17:18:04.515Z,61.7454,-148.0285,29.8,1.1,ml,,,,0.78,ak,ak02371bgbze,2023-06-07T21:12:10.089Z,"20 km WSW of Glacier View, Alaska",earthquake,,0.3,,,reviewed,ak,ak
2023-06-02T17:17:58.160Z,58.2598333333333,-155.090166666667,4.77,-0.31,ml,9,100,,0.16,av,av91908281,2023-06-05T02:01:17.300Z,"85 km NNW of Karluk, Alaska",earthquake,0.35,0.48,0.17459642625168,9,reviewed,av,av
2023-06-02T17:17:51.450Z,58.25,-155.101333333333,2.4,-0.84,ml,6,118,,0.13,av,av91106503,2023-06-05T02:04:45.500Z,"84 km NNW of Karluk, Alaska",earthquake,0.35,0.94,0.177387672371123,6,reviewed,av,av
2023-06-02T17:16:56.430Z,58.2596666666667,-155.084,4.69,-0.15,ml,14,102,,0.16,av,av91908276,2023-06-07T21:09:59.410Z,"Alaska Peninsula",earthquake,0.27,0.48,0.234069761712892,14,reviewed,av,av
2023-06-02T17:16:39.690Z,19.3875,-155.246666666667,1.65,1.8,md,27,63,,0.09,hv,hv73436612,2023-06-02T18:15:58.320Z,"6 km SSW of Volcano, Hawaii",earthquake,0.16,0.14,0.100544697552135,5,reviewed,hv,hv
2023-06-02T17:16:17.510Z,58.2545,-155.102833333333,3.78,-0.23,ml,9,93,,0.12,av,av91106498,2023-06-05T01:55:13.110Z,"85 km NNW of Karluk, Alaska",earthquake,0.29,0.64,0.125586402011476,9,reviewed,av,av
2023-06-02T17:16:12.890Z,58.254,-155.091833333333,3.2,-0.89,ml,4,128,,0.05,av,av91106493,2023-06-05T01:49:05.850Z,"85 km NNW of Karluk, Alaska",earthquake,0.38,1.19,0.170403461504087,4,reviewed,av,av
2023-06-02T17:15:45.100Z,58.2531666666667,-155.098166666667,3.67,-0.16,ml,9,94,,0.1,av,av91908271,2023-06-05T01:44:04.800Z,"85 km NNW of Karluk, Alaska",earthquake,0.24,0.62,0.146408524918654,9,reviewed,av,av
2023-06-02T17:15:40.450Z,58.2685,-155.097,4.43,-0.4,ml,7,98,,0.21,av,av91106488,2023-06-05T01:46:43.230Z,"",earthquake,0.48,0.93,0.206886070016042,7,reviewed,av,av
2023-06-02T17:14:27.564Z,63.0853,-150.5748,98.3,1.1,ml,,,,0.52,ak,ak02371bfizo,2023-06-07T21:12:14.358Z,"66 km N of Petersville, Alaska",earthquake,,1.1,,,reviewed,ak,ak
2023-06-02T17:14:13.660Z,58.2553333333333,-155.097333333333,2.11,-0.48,ml,5,122,,0.08,av,av91106483,2023-06-05T20:57:01.410Z,"85 km NNW of Karluk, Alaska",earthquake,0.3,1.39,0.25428217664864,5,reviewed,av,av
2023-06-02T17:14:09.660Z,58.2555,-155.097666666667,2.24,-0.82,ml,6,122,,0.07,av,av91106478,2023-06-05T01:36:04.220Z,"85 km NNW of Karluk, Alaska",earthquake,0.27,0.62,0.21552002341374,6,reviewed,av,av
2023-06-02T17:13:43.340Z,58.262,-155.086666666667,4.88,-0.06,ml,11,101,,0.13,av,av91908266,2023-06-05T01:29:27.320Z,"85 km NNW of Karluk, Alaska",earthquake,0.32,0.54,0.207680514933401,11,reviewed,av,av
2023-06-02T17:12:28.120Z,58.2545,-155.094833333333,2.46,-0.85,ml,6,125,,0.05,av,av91908261,2023-06-04T22:48:09.780Z,"85 km NNW of Karluk, Alaska",earthquake,0.25,0.41,0.163622370745582,7,reviewed,av,av
2023-06-02T17:12:02.700Z,58.2583333333333,-155.077833333333,4.05,-0.95,ml,7,105,,0.15,av,av91106473,2023-06-04T22:50:40.830Z,"85 km NNW of Karluk, Alaska",earthquake,0.36,0.73,0.149094851509539,7,reviewed,av,av
2023-06-02T17:11:29.190Z,58.1701666666667,-155.3275,1.28,-0.26,ml,8,116,,0.07,av,av91908256,2023-06-04T22:43:20.520Z,"84 km NW of Karluk, Alaska",earthquake,0.23,0.97,0.318526694139639,8,reviewed,av,av
2023-06-02T17:09:08.049Z,58.2452,-155.0923,5.4,1,ml,,,,0.63,ak,ak02371beexo,2023-06-11T05:21:04.044Z,"84 km NNW of Karluk, Alaska",earthquake,,0.2,,,reviewed,ak,ak
2023-06-02T17:08:28.780Z,58.2581666666667,-155.083666666667,4.26,-0.23,ml,8,103,,0.17,av,av91908246,2023-06-04T22:36:43.360Z,"85 km NNW of Karluk, Alaska",earthquake,0.34,0.75,0.268212603167931,8,reviewed,av,av
2023-06-02T17:04:40.579Z,39.6197,-119.9793,6.7,1.2,ml,23,90,0.019,0.1416,nn,nn00860697,2023-06-03T02:04:57.885Z,"6 km S of Cold Springs, Nevada",earthquake,,1,0.22,7,reviewed,nn,nn
2023-06-02T17:02:44.190Z,18.0098333333333,-67.123,8.22,1.7,md,3,254,0.0132,0.02,pr,pr71412128,2023-06-02T17:20:27.140Z,"5 km ESE of Boquerón, Puerto Rico",earthquake,1.48,0.48,0.252299189423943,3,reviewed,pr,pr
2023-06-02T17:02:13.050Z,18.0236666666667,-67.1168333333333,7.51,2.31,md,11,179,0.0185,0.07,pr,pr71412123,2023-06-02T17:14:51.060Z,"4 km WSW of Palmarejo, Puerto Rico",earthquake,0.59,0.27,0.118247738248213,8,reviewed,pr,pr
2023-06-02T16:58:37.432Z,58.2584,-155.1408,1.8,1,ml,,,,0.57,ak,ak02371b3jn5,2023-06-11T05:21:03.843Z,"86 km NNW of Karluk, Alaska",earthquake,,0.7,,,reviewed,ak,ak
2023-06-02T16:58:19.170Z,58.257,-155.092,2.72,-0.62,ml,6,127,,0.16,av,av91106448,2023-06-04T20:37:59.680Z,"85 km NNW of Karluk, Alaska",earthquake,0.47,1.05,0.225636818369349,6,reviewed,av,av
2023-06-02T16:50:02.300Z,51.8538333333333,-178.079333333333,3.35,0.36,ml,4,206,,0.15,av,av91908236,2023-06-04T20:40:25.600Z,"99 km W of Adak, Alaska",earthquake,0.7,1.05,0.391183576399542,4,reviewed,av,av
2023-06-02T16:45:31.640Z,58.1893333333333,-155.3075,1.95,-0.57,ml,6,150,,0.07,av,av91908231,2023-06-04T20:42:41.430Z,"85 km NW of Karluk, Alaska",earthquake,0.22,0.39,0.23571008532426,6,reviewed,av,av
2023-06-02T16:44:07.253Z,64.8538,-147.3173,2.9,0.8,ml,,,,0.73,ak,ak02371b0hao,2023-06-07T21:12:09.149Z,"11 km N of North Pole, Alaska",earthquake,,0.8,,,reviewed,ak,ak
2023-06-02T16:37:49.860Z,44.2206667,-110.769,1.76,1.22,md,11,105,0.05642,0.14,uu,uu60541481,2023-06-02T18:00:33.700Z,"45 km ENE of Warm River, Idaho",earthquake,0.56,9.15,0.216,6,reviewed,uu,uu
2023-06-02T16:35:21.240Z,58.2536666666667,-155.113166666667,1.89,-0.11,ml,8,108,,0.2,av,av91106453,2023-06-04T21:25:21.680Z,"85 km NNW of Karluk, Alaska",earthquake,0.37,1.89,0.227358418213283,8,reviewed,av,av
2023-06-02T16:32:51.410Z,60.0953333333333,-152.999833333333,16.44,-0.15,ml,5,304,,0.27,av,av91908221,2023-06-04T20:56:20.060Z,"70 km ENE of Pedro Bay, Alaska",earthquake,2.97,1.32,0.239195740772627,5,reviewed,av,av
2023-06-02T16:27:51.740Z,46.654,-121.859,7.57,0.26,ml,14,130,0.1024,0.09,uw,uw61930086,2023-06-02T19:25:35.780Z,"",earthquake,0.41,0.84,0.12306792225580868,5,reviewed,uw,uw
2023-06-02T16:27:34.077Z,61.3398,-150.0752,38.1,1.5,ml,,,,0.54,ak,ak02371aww5f,2023-06-07T21:12:08.919Z,"5 km WSW of Point MacKenzie, Alaska",earthquake,,0.5,,,reviewed,ak,ak
2023-06-02T16:25:19.490Z,34.0125,-116.8795,9,0.87,ml,26,99,0.06371,0.14,ci,ci40475952,2023-06-05T20:34:46.080Z,"10km N of Banning, CA",earthquake,0.19,0.6,0.074,15,reviewed,ci,ci
2023-06-02T16:22:06.067Z,12.2906,123.7167,48.111,4.5,mb,29,124,24.646,0.93,us,us7000k5um,2023-06-23T16:37:49.040Z,"0 km NW of Marintoc, Philippines",earthquake,15.1,8.317,0.066,67,reviewed,us,us
2023-06-02T16:16:39.832Z,67.4131,-166.4887,23,1.7,ml,,,,0.73,ak,ak02371aujom,2023-06-11T05:21:06.351Z,"90 km WSW of Kivalina, Alaska",earthquake,,2.2,,,reviewed,ak,ak
2023-06-02T16:16:01.389Z,60.0448,-139.2087,6.7,1.3,ml,,,,0.51,ak,ak02371augsq,2023-06-07T21:12:08.694Z,"62 km NNE of Yakutat, Alaska",earthquake,,0.6,,,reviewed,ak,ak
2023-06-02T16:12:05.832Z,39.614,-119.9649,9,1.8,ml,26,67.83,0.007,0.1263,nn,nn00860692,2023-06-03T02:04:56.252Z,"7 km S of Cold Springs, Nevada",earthquake,,1.1,0.22,7,reviewed,nn,nn
2023-06-02T16:10:13.210Z,58.2586666666667,-155.093,5.01,-0.55,ml,6,101,,0.12,av,av91908196,2023-06-04T21:04:17.770Z,"85 km NNW of Karluk, Alaska",earthquake,0.37,0.75,0.214732043118158,6,reviewed,av,av
2023-06-02T16:07:25.980Z,58.1688333333333,-155.303833333333,1.15,-0.28,ml,9,64,,0.07,av,av91908191,2023-06-04T21:01:25.690Z,"Alaska Peninsula",earthquake,0.16,1.17,0.359043621447267,9,reviewed,av,av
2023-06-02T16:00:54.053Z,-17.6785,-178.5074,530.902,4.5,mb,61,99,3.372,0.82,us,us7000k5ub,2023-06-23T16:27:33.040Z,"234 km E of Levuka, Fiji",earthquake,10.56,7.861,0.079,47,reviewed,us,us
2023-06-02T15:53:54.629Z,-23.3312,171.6038,10,4.9,mb,39,73,3.897,0.96,us,us7000k5u3,2023-06-23T16:22:58.040Z,"southeast of the Loyalty Islands",earthquake,8.55,1.836,0.064,78,reviewed,us,us
2023-06-02T15:53:26.692Z,60.7493,-151.4407,67.1,1.3,ml,,,,0.27,ak,ak02371ah0n1,2023-06-09T20:51:13.901Z,"10 km NW of Nikiski, Alaska",earthquake,,0.9,,,reviewed,ak,ak
2023-06-02T15:49:44.180Z,58.1838333333333,-155.274666666667,2.64,0.31,ml,11,57,,0.07,av,av91908176,2023-06-09T20:49:34.891Z,"83 km NW of Karluk, Alaska",earthquake,0.16,0.32,0.289712672988074,12,reviewed,av,av
2023-06-02T15:46:23.145Z,51.8153,-176.7837,70.9,1.8,ml,,,,0.31,ak,ak02371aficm,2023-06-11T01:57:49.814Z,"12 km WSW of Adak, Alaska",earthquake,,0.4,,,reviewed,ak,ak
2023-06-02T15:44:47.808Z,58.199,-152.9496,61.7,1.7,ml,,,,0.55,ak,ak02371af4rj,2023-06-09T20:51:09.598Z,"15 km N of Aleneva, Alaska",earthquake,,0.8,,,reviewed,ak,ak
2023-06-02T15:42:36.189Z,-60.9422,-25.4991,10,5.3,mww,91,54,8.897,0.74,us,us7000k5u2,2023-06-23T16:17:10.040Z,"South Sandwich Islands region",earthquake,10.81,1.794,0.093,11,reviewed,us,us
2023-06-02T15:41:45.149Z,36.252,-95.8125,0,1.45,ml,66,121,0.4040207174,0.51,ok,ok2023ksxn,2023-06-02T22:31:13.590Z,"4 km ESE of Owasso, Oklahoma",quarry blast,,0.4,0.19,28,reviewed,ok,ok
2023-06-02T15:33:43.150Z,45.183,-112.424166666667,-2,1.42,ml,8,105,0.2168,0.16,mb,mb90016793,2023-06-05T14:32:17.460Z,"Western Montana",quarry blast,0.64,31.61,0.341698168544315,15,reviewed,mb,mb
2023-06-02T15:32:47.330Z,35.4995,-118.398,6.1,0.77,ml,9,146,0.1743,0.13,ci,ci40475872,2023-06-08T20:58:02.948Z,"13km SE of Bodfish, CA",earthquake,0.34,1.38,0.134,5,reviewed,ci,ci
2023-06-02T15:13:24.565Z,47.0103,152.7721,70.138,4.4,mb,82,116,6.85,0.74,us,us7000k5tz,2023-06-23T15:11:10.040Z,"Kuril Islands",earthquake,6.66,6.898,0.067,64,reviewed,us,us
2023-06-02T15:13:22.986Z,12.3332,-87.815,58.375,4.3,mb,27,178,0.855,1.02,us,us7000k5tx,2023-06-23T15:05:47.040Z,"60 km SW of Jiquilillo, Nicaragua",earthquake,5.89,7.931,0.093,33,reviewed,us,us
2023-06-02T15:11:52.150Z,39.6152,-119.9649,6.1,1.8,ml,15,80.02,0.008,0.0977,nn,nn00860688,2023-06-03T02:04:53.685Z,"7 km S of Cold Springs, Nevada",earthquake,,0.9,0.38,6,reviewed,nn,nn
2023-06-02T15:10:13.408Z,62.8617,-151.0709,102.2,1.1,ml,,,,0.29,ak,ak02371a7rto,2023-06-09T20:51:13.517Z,"43 km NNW of Petersville, Alaska",earthquake,,0.8,,,reviewed,ak,ak
2023-06-02T15:05:28.950Z,19.4625,-155.206833333333,7.03,1.06,md,17,194,,0.1,hv,hv73436422,2023-06-02T22:04:46.370Z,"3 km NE of Volcano, Hawaii",earthquake,0.49,0.6,0.131851414693214,4,reviewed,hv,hv
2023-06-02T15:05:22.400Z,33.5418333,-116.4105,8.13,0.72,ml,22,105,0.02234,0.21,ci,ci40475832,2023-06-02T16:07:06.521Z,"16km SW of La Quinta, CA",earthquake,0.39,1.01,0.134,14,reviewed,ci,ci
2023-06-02T15:03:49.760Z,37.4523333,-118.8423333,4.29,2.05,md,24,146,0.137,0.05,nc,nc73895441,2023-06-03T02:04:52.421Z,"19km SW of Toms Place, CA",earthquake,0.35,1.43,0.167,25,reviewed,nc,nc
2023-06-02T14:56:59.613Z,63.2462,-151.2872,3.5,1.3,ml,,,,0.74,ak,ak023719wapp,2023-06-09T20:51:09.381Z,"39 km SSE of Denali National Park, Alaska",earthquake,,0.3,,,reviewed,ak,ak
2023-06-02T14:53:44.924Z,60.0278,-152.8395,95.9,1.4,ml,,,,0.29,ak,ak023719vmfw,2023-06-09T20:51:13.323Z,"Southern Alaska",earthquake,,0.2,,,reviewed,ak,ak
2023-06-02T14:53:34.561Z,39.6149,-119.9668,6.4,2,ml,19,72.58,0.009,0.1548,nn,nn00860685,2023-06-03T02:04:51.127Z,"7 km S of Cold Springs, Nevada",earthquake,,0.9,0.17,7,reviewed,nn,nn
2023-06-02T14:53:06.710Z,38.8151665,-122.8259964,1.97,0.79,md,10,77,0.006763,0.02,nc,nc73895431,2023-06-02T15:42:16.447Z,"7km NW of The Geysers, CA",earthquake,0.34,0.85,0.14,13,automatic,nc,nc
2023-06-02T14:49:57.750Z,33.388,-116.8985,14.86,0.78,ml,37,34,0.04557,0.15,ci,ci40475816,2023-06-05T20:28:24.084Z,"5km NW of Palomar Observatory, CA",earthquake,0.21,0.38,0.16,15,reviewed,ci,ci
2023-06-02T14:46:38.411Z,63.1515,-150.4491,112.6,1.2,ml,,,,0.44,ak,ak023719u3tt,2023-06-09T20:51:09.168Z,"74 km NNE of Petersville, Alaska",earthquake,,0.6,,,reviewed,ak,ak
2023-06-02T14:46:19.930Z,33.9571667,-116.732,15.69,0.79,ml,25,79,0.1001,0.09,ci,ci40475808,2023-06-05T20:05:47.329Z,"7km NE of Cabazon, CA",earthquake,0.16,0.47,0.099,10,reviewed,ci,ci
2023-06-02T14:45:39.654Z,31.54751844,-104.0177213,2.686694336,2.3,ml,19,73,0.03349061579,0.2,tx,tx2023ksvr,2023-06-02T16:58:34.143Z,"33 km NW of Toyah, Texas",earthquake,0.5864078353,0.7541137815999999,0.1,11,reviewed,tx,tx
2023-06-02T14:44:22.010Z,58.2616666666667,-155.088666666667,4.61,-0.28,ml,9,100,,0.14,av,av91908141,2023-06-04T15:05:59.640Z,"85 km NNW of Karluk, Alaska",earthquake,0.3,0.5,0.229953448495082,9,reviewed,av,av
2023-06-02T14:43:37.670Z,35.5008333,-118.3973333,4.02,1.55,ml,25,41,0.1974,0.15,ci,ci40475792,2023-06-02T16:05:52.330Z,"13km SE of Bodfish, CA",earthquake,0.22,0.83,0.141,20,reviewed,ci,ci
2023-06-02T14:42:39.680Z,37.4346667,-119.0273333,4.5,1.49,md,25,80,0.1747,0.06,nc,nc73895421,2023-06-02T19:17:19.774Z,"23km S of Mammoth Lakes, CA",earthquake,0.24,2.43,0.241,23,reviewed,nc,nc
2023-06-02T14:38:43.940Z,38.845665,-122.8164978,1.87,0.86,md,10,89,0.01045,0.01,nc,nc73895416,2023-06-02T15:07:14.229Z,"8km WNW of Cobb, CA",earthquake,0.87,1.73,0.24,12,automatic,nc,nc
2023-06-02T14:36:55.500Z,60.6876666666667,-153.118666666667,7.02,0.44,ml,6,327,,0.1,av,av91908136,2023-06-04T15:08:01.240Z,"85 km NE of Port Alsworth, Alaska",earthquake,0.87,2.65,0.275333005778401,6,reviewed,av,av
2023-06-02T14:33:27.240Z,58.2501666666667,-155.140833333333,3.81,-0.16,ml,13,77,,0.14,av,av91908126,2023-06-04T15:12:16.420Z,"86 km NNW of Karluk, Alaska",earthquake,0.27,0.56,0.251461639490249,13,reviewed,av,av
2023-06-02T14:23:12.880Z,58.1693333333333,-155.299833333333,2.7,0.04,ml,10,66,,0.09,av,av91908121,2023-06-09T20:49:19.125Z,"Alaska Peninsula",earthquake,0.19,0.42,0.357762511854713,10,reviewed,av,av
2023-06-02T14:18:52.096Z,62.1184,-151.1399,73.1,1.2,ml,,,,0.39,ak,ak023719o4xl,2023-06-09T20:51:13.107Z,"19 km NE of Skwentna, Alaska",earthquake,,0.2,,,reviewed,ak,ak
2023-06-02T14:18:29.350Z,38.8096657,-122.8238297,2.22,0.75,md,10,68,0.004254,0.03,nc,nc73895411,2023-06-02T14:52:18.126Z,"7km WNW of The Geysers, CA",earthquake,0.46,0.71,0.11,12,automatic,nc,nc
2023-06-02T14:16:31.599Z,1.8388,99.4829,157.081,4.9,mb,113,48,1.979,0.61,us,us7000k5si,2023-06-11T06:40:39.040Z,"37 km SW of Bandar, Indonesia",earthquake,7.05,5.577,0.045,158,reviewed,us,us
2023-06-02T14:16:21.370Z,58.2511666666667,-155.141,4.36,-0.09,ml,12,77,,0.12,av,av91908116,2023-06-04T15:18:57.340Z,"Alaska Peninsula",earthquake,0.26,0.46,0.271463298065203,12,reviewed,av,av
2023-06-02T14:11:41.000Z,58.2136666666667,-155.106666666667,1.5,-0.49,ml,8,94,,0.11,av,av91908101,2023-06-04T15:27:20.410Z,"",earthquake,0.25,1.6,0.151920440099318,8,reviewed,av,av
2023-06-02T14:09:10.655Z,54.2585,-163.0729,12,1.9,ml,,,,0.82,ak,ak023719m4ac,2023-06-11T01:57:49.621Z,"69 km SSE of False Pass, Alaska",earthquake,,1.3,,,reviewed,ak,ak
2023-06-02T14:07:25.020Z,58.2491666666667,-155.15,4.37,0.22,ml,13,74,,0.15,av,av91908096,2023-06-04T15:32:27.620Z,"86 km NNW of Karluk, Alaska",earthquake,0.35,0.55,0.243516902768568,13,reviewed,av,av
2023-06-02T14:06:40.466Z,-16.1509,-75.5507,10,4.6,mb,41,144,4.324,0.41,us,us7000k5sh,2023-06-11T06:35:13.040Z,"Off the coast of southern Peru",earthquake,10.75,1.904,0.105,27,reviewed,us,us
2023-06-02T14:06:38.098Z,56.06,-155.6362,16.9,2.1,ml,,,,0.67,ak,ak023719lj9d,2023-06-09T20:51:12.745Z,"133 km SW of Akhiok, Alaska",earthquake,,2.3,,,reviewed,ak,ak
2023-06-02T14:02:32.029Z,39.6134,-119.9745,6.2,0.7,ml,6,110.99,0.012,0.0904,nn,nn00860724,2023-06-03T02:05:10.090Z,"7 km S of Cold Springs, Nevada",earthquake,,1.3,0.01,2,reviewed,nn,nn
2023-06-02T14:02:23.149Z,60.3233,-152.391,93.9,1.4,ml,,,,0.52,ak,ak023719kn8q,2023-06-09T20:51:12.531Z,"50 km NW of Ninilchik, Alaska",earthquake,,0.2,,,reviewed,ak,ak
2023-06-02T14:01:42.226Z,57.0906,-155.7031,62.1,2,ml,,,,0.37,ak,ak023719kgyc,2023-06-09T20:51:08.954Z,"92 km SW of Karluk, Alaska",earthquake,,0.6,,,reviewed,ak,ak
2023-06-02T13:57:42.150Z,34.29,-116.984,8.84,0.94,ml,40,35,0.05922,0.15,ci,ci40475768,2023-06-05T19:55:25.126Z,"8km NW of Big Bear Lake, CA",earthquake,0.17,0.42,0.057,12,reviewed,ci,ci
2023-06-02T13:56:01.955Z,54.5598,-159.8194,16.1,1.9,ml,,,,0.7,ak,ak023719aqo3,2023-06-09T20:51:12.340Z,"96 km SSE of Sand Point, Alaska",earthquake,,0.6,,,reviewed,ak,ak
2023-06-02T13:55:20.820Z,58.2386666666667,-155.089666666667,29.97,-0.48,ml,7,104,,0.11,av,av91106408,2023-06-04T13:58:42.650Z,"83 km NNW of Karluk, Alaska",earthquake,0.6,0.92,0.151715656510628,6,reviewed,av,av
2023-06-02T13:53:31.479Z,-18.3848,168.0706,31.116,4.9,mb,44,73,4.17,0.81,us,us7000k5sd,2023-06-11T06:32:59.040Z,"76 km SSW of Port-Vila, Vanuatu",earthquake,7.41,4.967,0.086,42,reviewed,us,us
2023-06-02T13:49:50.800Z,60.0421666666667,-153.086833333333,-1.95,-0.79,ml,5,98,,0.07,av,av91908066,2023-06-04T04:17:29.510Z,"",earthquake,0.23,3.97,0.36067222544216,5,reviewed,av,av
2023-06-02T13:49:37.460Z,64.5815,-148.1369,8.1,1.3,ml,,,,0.92,ak,ak0237199bdd,2023-06-09T20:51:08.729Z,"30 km S of Ester, Alaska",earthquake,,0.2,,,reviewed,ak,ak
2023-06-02T13:48:10.638Z,31.57324338,-104.1356115,6.902807617,2.1,ml,48,66,0.00974178415,0.2,tx,tx2023kstu,2023-06-02T18:17:03.345Z,"43 km NW of Toyah, Texas",earthquake,0.5661615261000001,0.6560088855,0,6,reviewed,tx,tx
2023-06-02T13:46:30.034Z,55.4987,-158.5064,19.3,1.7,ml,,,,0.62,ak,ak0237198ntw,2023-06-11T01:57:49.443Z,"60 km SE of Perryville, Alaska",earthquake,,0.3,,,reviewed,ak,ak
2023-06-02T13:43:19.230Z,58.2645,-155.097666666667,5.14,-0.19,ml,9,97,,0.23,av,av91908056,2023-06-04T04:21:11.430Z,"",earthquake,0.43,0.9,0.232677105786114,9,reviewed,av,av
2023-06-02T13:40:48.422Z,63.0418,-150.9336,109.4,1.3,ml,,,,0.47,ak,ak0237197euv,2023-06-09T20:51:08.333Z,"61 km N of Petersville, Alaska",earthquake,,0.7,,,reviewed,ak,ak
2023-06-02T13:35:27.332Z,61.4383,-150.6559,57.4,1.1,ml,,,,0.57,ak,ak0237196al9,2023-06-09T20:51:12.117Z,"14 km SSW of Susitna, Alaska",earthquake,,0.6,,,reviewed,ak,ak
2023-06-02T13:35:15.428Z,61.5325,-141.1063,9.7,0.8,ml,,,,0.58,ak,ak02371969n6,2023-06-11T01:57:49.248Z,"97 km E of McCarthy, Alaska",earthquake,,0.3,,,reviewed,ak,ak
2023-06-02T13:34:12.877Z,54.935,-160.4012,35,2.6,ml,25,230,0.418,0.82,us,us7000k7ij,2023-06-11T05:44:09.040Z,"",earthquake,3.78,1.935,0.148,6,reviewed,us,us
2023-06-02T13:33:38.034Z,61.5293,-141.1284,10,1.1,ml,,,,0.73,ak,ak0237195vyo,2023-06-11T01:57:49.044Z,"96 km E of McCarthy, Alaska",earthquake,,0.2,,,reviewed,ak,ak
2023-06-02T13:32:19.040Z,59.3578333333333,-153.423166666667,-1.14,0.68,ml,6,109,,0.07,av,av91908046,2023-06-04T04:26:24.160Z,"61 km SE of Pedro Bay, Alaska",earthquake,0.14,0.39,0.210263096825998,6,reviewed,av,av
2023-06-02T13:31:41.350Z,17.9678333333333,-66.3061666666667,12.33,2.28,md,6,203,0.1897,0.15,pr,pr71412088,2023-06-02T14:53:22.170Z,"1 km SW of Salinas, Puerto Rico",earthquake,0.71,0.96,0.0722165931626157,4,reviewed,pr,pr
2023-06-02T13:28:29.968Z,51.2436,-178.2226,35,3.3,ml,16,220,0.483,0.13,us,us7000k7ii,2023-06-11T05:39:49.040Z,"130 km WSW of Adak, Alaska",earthquake,4.02,1.999,0.081,20,reviewed,us,us
2023-06-02T13:25:09.030Z,58.1835,-155.3,1.94,0.55,ml,10,98,,0.08,av,av91908031,2023-06-09T20:49:08.119Z,"84 km NW of Karluk, Alaska",earthquake,0.21,0.56,0.27635512265272,11,reviewed,av,av
2023-06-02T13:23:56.160Z,47.626,-122.72616666666667,16.74,1.9000000000000001,ml,45,23,0.01089,0.36,uw,uw61930026,2023-06-02T18:31:45.200Z,"2 km NW of Chico, Washington",earthquake,0.38,0.63,0.17025806796195941,30,reviewed,uw,uw
2023-06-02T13:23:42.201Z,34.9635,23.5886,54.483,4.1,mb,48,155,1.115,0.78,us,us7000k5s7,2023-06-11T06:28:08.040Z,"30 km SSW of Palaióchora, Greece",earthquake,7.03,8.736,0.101,28,reviewed,us,us
2023-06-02T13:13:07.850Z,61.5375,-141.1389,9.1,1.1,ml,,,,0.7,ak,ak0237191jbo,2023-06-11T01:57:48.621Z,"",earthquake,,0.3,,,reviewed,ak,ak
2023-06-02T13:09:31.960Z,58.2693333333333,-155.111,0.77,-0.51,ml,6,104,,0.26,av,av91908026,2023-06-05T20:49:12.510Z,"Alaska Peninsula",earthquake,0.57,3.23,0.223847494293365,6,reviewed,av,av
2023-06-02T13:08:24.499Z,58.2067,-152.8581,8.9,1.4,ml,,,,0.34,ak,ak0237190i1d,2023-06-09T20:51:11.933Z,"16 km N of Aleneva, Alaska",earthquake,,0.6,,,reviewed,ak,ak
2023-06-02T13:05:32.271Z,56.074,-156.2814,46.8,2.5,ml,,,,0.75,ak,ak023718zviq,2023-06-11T05:29:11.040Z,"134 km ESE of Chignik, Alaska",earthquake,,0.9,,,reviewed,ak,ak
2023-06-02T13:02:58.760Z,58.2498333333333,-155.146666666667,4.62,0.07,ml,12,75,,0.12,av,av91908006,2023-06-06T20:13:44.540Z,"86 km NNW of Karluk, Alaska",earthquake,0.29,0.38,0.263625670703163,12,reviewed,av,av
2023-06-02T13:01:06.433Z,54.5267,-161.7693,18.1,1.6,ml,,,,0.5,ak,ak023718yymr,2023-06-09T20:51:11.739Z,"69 km SSE of King Cove, Alaska",earthquake,,0.7,,,reviewed,ak,ak
2023-06-02T12:58:46.300Z,58.1926666666667,-155.292,2.38,-0.55,ml,9,91,,0.07,av,av91907996,2023-06-04T03:41:07.970Z,"Alaska Peninsula",earthquake,0.2,0.36,0.227082227120093,9,reviewed,av,av
2023-06-02T12:55:34.610Z,18.0801666666667,-66.9436666666667,21.53,2.12,md,9,73,0.1003,0.1,pr,pr71412083,2023-06-02T14:48:46.230Z,"1 km E of Sabana Grande, Puerto Rico",earthquake,0.45,0.82,0.0784114718570725,5,reviewed,pr,pr
2023-06-02T12:50:00.910Z,34.1273333,-118.621,5.76,0.88,ml,10,94,0.04713,0.13,ci,ci40475720,2023-06-05T18:59:10.914Z,"4km SSE of Calabasas, CA",earthquake,0.29,0.56,0.087,4,reviewed,ci,ci
2023-06-02T12:44:35.790Z,35.5033333,-118.3995,4.93,0.74,ml,19,103,0.1703,0.13,ci,ci40475712,2023-06-05T18:44:08.690Z,"13km SE of Bodfish, CA",earthquake,0.24,1.52,0.096,4,reviewed,ci,ci
2023-06-02T12:43:31.784Z,60.1714,-153.3075,144.1,1.9,ml,,,,0.63,ak,ak023718ml22,2023-06-09T20:51:11.505Z,"56 km E of Port Alsworth, Alaska",earthquake,,0.3,,,reviewed,ak,ak
2023-06-02T12:41:23.900Z,58.1945,-155.253833333333,2.59,-0.23,ml,10,82,,0.09,av,av91907986,2023-06-04T03:49:37.760Z,"84 km NW of Karluk, Alaska",earthquake,0.22,0.43,0.283862916798393,10,reviewed,av,av
2023-06-02T12:39:56.140Z,58.2775,-155.109333333333,3.99,-0.08,ml,15,94,,0.27,av,av91907981,2023-06-04T03:53:14.750Z,"Alaska Peninsula",earthquake,0.55,0.8,0.174960016980801,15,reviewed,av,av
2023-06-02T12:38:20.380Z,19.4128333333333,-155.319833333333,3.64,2.44,ml,31,78,,0.1,hv,hv73436127,2023-06-11T06:24:45.040Z,"9 km WSW of Volcano, Hawaii",earthquake,0.24,0.37,0.175132805638639,26,reviewed,hv,hv
2023-06-02T12:34:53.280Z,58.2581666666667,-155.094333333333,2.74,-0.47,ml,7,101,,0.09,av,av91907976,2023-06-04T03:56:50.830Z,"Alaska Peninsula",earthquake,0.28,0.43,0.144236562987574,7,reviewed,av,av
2023-06-02T12:28:12.900Z,60.0411666666667,-153.0585,2.2,0.29,ml,4,150,,0.07,av,av91907966,2023-06-05T21:03:30.510Z,"65 km ENE of Pedro Bay, Alaska",earthquake,0.71,1.41,0.0957579382861198,4,reviewed,av,av
2023-06-02T12:24:07.840Z,19.4163333333333,-155.259,1.56,1.72,md,20,108,,0.1,hv,hv73436112,2023-06-02T18:43:36.810Z,"3 km SW of Volcano, Hawaii",earthquake,0.2,0.18,0.123964883891871,2,reviewed,hv,hv
2023-06-02T12:13:36.500Z,37.3543333,-121.3048333,2.04,1.19,md,15,151,0.03538,0.12,nc,nc73895406,2023-06-02T17:41:19.201Z,"20km SW of Patterson, CA",earthquake,0.88,2.01,0.212,15,reviewed,nc,nc
2023-06-02T12:11:44.654Z,62.1486,-149.2225,19.6,1.1,ml,,,,0.65,ak,ak023718fr21,2023-06-09T20:51:06.829Z,"32 km E of Susitna North, Alaska",earthquake,,1,,,reviewed,ak,ak
2023-06-02T12:10:06.150Z,58.1876666666667,-155.363333333333,2.62,-0.18,ml,9,90,,0.08,av,av91907951,2023-06-04T04:05:43.490Z,"87 km NW of Karluk, Alaska",earthquake,0.23,0.36,0.182818030634553,9,reviewed,av,av
2023-06-02T11:57:54.750Z,56.9241666666667,-158.062833333333,-3.2,1.08,ml,6,279,,0.2,av,av91106198,2023-06-02T18:12:50.940Z,"73 km NNE of Chignik, Alaska",earthquake,1.35,2.09,0.0654379526688829,6,reviewed,av,av
2023-06-02T11:57:12.272Z,56.936,-158.154,2.2,1.9,ml,,,,0.95,ak,ak023718443p,2023-06-11T01:57:48.435Z,"Alaska Peninsula",earthquake,,0.3,,,reviewed,ak,ak
2023-06-02T11:55:39.883Z,56.9194,-158.2699,2.4,2.1,ml,,,,0.83,ak,ak0237183s56,2023-06-11T01:57:48.226Z,"69 km NNE of Chignik Lagoon, Alaska",earthquake,,0.1,,,reviewed,ak,ak
2023-06-02T11:54:47.450Z,35.504,-118.3945,5.55,2.75,ml,49,28,0.1712,0.17,ci,ci40475704,2023-06-11T06:22:58.040Z,"13km SE of Bodfish, CA",earthquake,0.13,0.86,0.18,83,reviewed,ci,ci
2023-06-02T11:54:12.945Z,61.7662,-149.7454,25.2,1.4,ml,,,,0.74,ak,ak0237183gt4,2023-06-09T20:51:06.171Z,"15 km E of Willow, Alaska",earthquake,,1,,,reviewed,ak,ak
2023-06-02T11:51:25.238Z,59.8995,-152.3901,89.3,2.8,ml,,,,0.82,ak,ak0237182ujp,2023-06-11T06:10:06.040Z,"Southern Alaska",earthquake,,0.3,,,reviewed,ak,ak
2023-06-02T11:49:47.850Z,58.1761666666667,-155.363833333333,0.7,-0.68,ml,8,124,,0.06,av,av91907916,2023-06-03T22:12:04.040Z,"86 km NW of Karluk, Alaska",earthquake,0.26,1.18,0.152066588523735,8,reviewed,av,av
2023-06-02T11:48:09.832Z,61.2392,-151.3916,70.5,1.3,ml,,,,0.61,ak,ak02371826c7,2023-06-09T20:51:11.299Z,"19 km WNW of Beluga, Alaska",earthquake,,0.4,,,reviewed,ak,ak
2023-06-02T11:46:33.285Z,-23.4547,171.3006,28.382,4.9,mb,38,114,3.648,0.42,us,us7000k5qy,2023-06-11T06:19:01.040Z,"southeast of the Loyalty Islands",earthquake,8.61,5.499,0.081,48,reviewed,us,us
2023-06-02T11:40:38.840Z,35.772,-117.6006667,8.2,1.15,ml,23,125,0.1384,0.15,ci,ci40475696,2023-06-05T18:08:21.521Z,"18km W of Searles Valley, CA",earthquake,0.24,0.92,0.052,7,reviewed,ci,ci
2023-06-02T11:40:16.464Z,8.3439,126.2865,10.083,4.1,mb,25,129,1.447,0.4,us,us7000k7cb,2023-06-11T05:22:36.040Z,"3 km NNE of Bigaan, Philippines",earthquake,9.77,5.582,0.14,14,reviewed,us,us
2023-06-02T11:36:38.530Z,58.1935,-155.2965,2.5,-0.08,ml,9,92,,0.1,av,av91907906,2023-06-04T02:24:54.710Z,"85 km NW of Karluk, Alaska",earthquake,0.27,0.37,0.217949530942093,8,reviewed,av,av
2023-06-02T11:35:37.910Z,58.2625,-155.093333333333,4.99,-0.39,ml,7,103,,0.19,av,av91907901,2023-06-04T02:22:03.320Z,"86 km NNW of Karluk, Alaska",earthquake,0.41,0.91,0.213343777972947,7,reviewed,av,av
2023-06-02T11:32:49.380Z,58.1771666666667,-155.320666666667,0.15,-0.92,ml,5,167,,0.06,av,av91106383,2023-06-04T03:01:02.840Z,"Alaska Peninsula",earthquake,0.24,1.72,0.30419833764566,5,reviewed,av,av
2023-06-02T11:32:34.370Z,38.8320007,-122.8161697,1.47,0.28,md,13,55,0.009824,0.02,nc,nc73895391,2023-06-02T12:20:14.164Z,"8km NW of The Geysers, CA",earthquake,0.31,0.72,0.17,13,automatic,nc,nc
2023-06-02T11:31:10.423Z,50.839,-173.789,10,3.1,ml,17,299,1.508,0.5,us,us7000k7ip,2023-06-11T05:52:16.040Z,"153 km S of Atka, Alaska",earthquake,6.83,2.027,0.128,8,reviewed,us,us
2023-06-02T11:22:04.650Z,19.1336669921875,-155.396499633789,29.3600006103516,1.80999994,md,45,181,,0.119999997,hv,hv73436042,2023-06-02T11:25:08.680Z,"",earthquake,0.65,0.899999976,,4,automatic,hv,hv
2023-06-02T11:21:40.500Z,58.1811666666667,-155.3025,0.61,-0.55,ml,5,158,,0.03,av,av91907891,2023-06-04T02:17:34.620Z,"",earthquake,0.22,1.06,0.212149113118525,5,reviewed,av,av
2023-06-02T11:19:50.259Z,61.8186,-151.4151,73.7,1.4,ml,,,,0.73,ak,ak023717w1sq,2023-06-09T20:51:05.541Z,"19 km S of Skwentna, Alaska",earthquake,,0.6,,,reviewed,ak,ak
2023-06-02T11:19:45.820Z,58.1678333333333,-155.299833333333,1.7,-0.13,ml,10,67,,0.07,av,av91907886,2023-06-04T02:15:47.330Z,"83 km NW of Karluk, Alaska",earthquake,0.17,0.76,0.347650069059574,10,reviewed,av,av
2023-06-02T11:16:50.610Z,32.9005,-116.2343333,7.52,0.66,ml,23,84,0.07926,0.18,ci,ci40475680,2023-06-05T18:03:22.070Z,"29km SSW of Ocotillo Wells, CA",earthquake,0.27,0.64,0.085,2,reviewed,ci,ci
2023-06-02T11:16:02.337Z,51.5339,-173.4183,35,3.8,ml,22,209,0.927,0.54,us,us7000k7ca,2023-06-11T05:07:29.040Z,"91 km SE of Atka, Alaska",earthquake,6.21,2.016,0.074,24,reviewed,us,us
2023-06-02T11:12:07.220Z,36.2563333333333,-89.4625,7.01,1.56,md,13,60,0.0392,0.03,nm,nm60527346,2023-06-02T13:50:04.300Z,"2 km ESE of Ridgely, Tennessee",earthquake,0.29,0.59,0.0708284108401818,9,reviewed,nm,nm
2023-06-02T11:10:38.044Z,54.7993,-159.1693,13.3,1.8,ml,,,,0.65,ak,ak023717u3b0,2023-06-09T20:51:10.909Z,"103 km SE of Sand Point, Alaska",earthquake,,1.2,,,reviewed,ak,ak
2023-06-02T11:09:28.640Z,40.232,-121.1438333,6.6,2.67,md,40,28,0.01573,0.25,nc,nc73895386,2023-06-03T04:20:48.040Z,"3km NNE of Prattville, CA",earthquake,0.4,0.55,0.154,78,reviewed,nc,nc
2023-06-02T11:06:12.899Z,39.6136,-119.9768,5.6,0.8,ml,9,122.62,0.014,0.1216,nn,nn00860707,2023-06-03T02:05:01.509Z,"7 km S of Cold Springs, Nevada",earthquake,,1.2,0.31,3,reviewed,nn,nn
2023-06-02T11:04:53.911Z,56.369,-149.234,10,2.8,ml,46,193,2.314,0.58,us,us7000k5qr,2023-06-11T06:08:12.040Z,"",earthquake,3.97,1.981,0.051,50,reviewed,us,us
2023-06-02T10:53:14.950Z,34.3218333,-116.9246667,1.56,1.32,ml,60,25,0.05947,0.17,ci,ci40475672,2023-06-05T16:55:38.401Z,"9km N of Big Bear Lake, CA",earthquake,0.14,0.25,0.172,44,reviewed,ci,ci
2023-06-02T10:50:43.970Z,56.2565,-159.4465,1.63,-0.02,ml,4,297,,0.13,av,av91106378,2023-06-04T02:54:38.000Z,"39 km N of Ivanof Bay, Alaska",earthquake,0.83,2.05,0.359700588148179,4,reviewed,av,av
2023-06-02T10:46:57.550Z,38.8063316,-122.8153305,3.29,0.8,md,9,79,0.01111,0.02,nc,nc73895381,2023-06-02T11:05:18.726Z,"6km WNW of The Geysers, CA",earthquake,0.68,1.18,0.12,8,automatic,nc,nc
2023-06-02T10:45:14.791Z,59.0796,-152.6463,63.7,1.8,ml,,,,0.42,ak,ak023717g3yv,2023-06-09T20:51:10.681Z,"Southern Alaska",earthquake,,0.7,,,reviewed,ak,ak
2023-06-02T10:43:24.120Z,34.0026667,-117.2413333,11.44,0.55,ml,18,111,0.0772,0.2,ci,ci40475664,2023-06-05T16:36:48.343Z,"5km SSE of Loma Linda, CA",earthquake,0.46,0.69,0.208,4,reviewed,ci,ci
2023-06-02T10:43:06.315Z,39.6192,-119.9728,6.7,1.7,ml,25,68.58,0.015,0.1489,nn,nn00860676,2023-06-03T02:04:41.872Z,"6 km S of Cold Springs, Nevada",earthquake,,0.9,0.14,7,reviewed,nn,nn
2023-06-02T10:42:22.600Z,64.9928,-147.3584,0,1.1,ml,,,,0.21,ak,ak023717fhf8,2023-06-11T01:57:48.047Z,"12 km ENE of Fox, Alaska",explosion,,0,,,reviewed,ak,ak
2023-06-02T10:41:46.030Z,58.1855,-155.3085,2.54,-0.31,ml,9,100,,0.08,av,av91907861,2023-06-03T22:42:29.870Z,"85 km NW of Karluk, Alaska",earthquake,0.25,0.41,0.299826191226227,10,reviewed,av,av
2023-06-02T10:40:03.750Z,58.2265,-155.154,6.14,-0.5,ml,7,101,,0.15,av,av91907856,2023-06-05T20:58:12.850Z,"84 km NNW of Karluk, Alaska",earthquake,0.61,1.02,0.255517517532255,7,reviewed,av,av
2023-06-02T10:40:02.985Z,64.4126,-151.0087,12.3,0.9,ml,,,,0.89,ak,ak023717f0gr,2023-06-09T20:51:04.675Z,"68 km SSW of Manley Hot Springs, Alaska",earthquake,,0.2,,,reviewed,ak,ak
2023-06-02T10:37:07.300Z,33.6865,-116.783,14.99,0.48,ml,14,100,0.06244,0.17,ci,ci40475656,2023-06-02T16:02:01.662Z,"8km SW of Idyllwild, CA",earthquake,0.45,0.58,0.151,10,reviewed,ci,ci
2023-06-02T10:36:44.592Z,54.3886,-161.4799,7.2,2.1,ml,,,,0.62,ak,ak023717e8r3,2023-06-09T20:51:04.467Z,"92 km SE of King Cove, Alaska",earthquake,,0.8,,,reviewed,ak,ak
2023-06-02T10:34:20.649Z,39.6183,-119.965,5.4,2.5,ml,18,68.46,0.011,0.1253,nn,nn00860674,2023-06-09T07:27:29.040Z,"6 km S of Cold Springs, Nevada",earthquake,,1,0.2,4,reviewed,nn,nn
2023-06-02T10:34:16.916Z,54.5685,-159.8321,16.4,1.8,ml,,,,0.61,ak,ak023717dr97,2023-06-09T20:51:10.484Z,"95 km SSE of Sand Point, Alaska",earthquake,,1,,,reviewed,ak,ak
2023-06-02T10:32:35.761Z,39.62,-119.974,7.3,1,ml,16,110.91,0.016,0.1451,nn,nn00860673,2023-06-03T02:04:37.823Z,"6 km S of Cold Springs, Nevada",earthquake,,1.1,0.4,6,reviewed,nn,nn
2023-06-02T10:26:55.353Z,-5.9395,152.2526,10,4.8,mb,39,86,1.739,0.45,us,us7000k5qj,2023-06-02T12:17:48.040Z,"176 km S of Kokopo, Papua New Guinea",earthquake,5.24,1.796,0.064,75,reviewed,us,us
2023-06-02T10:14:31.460Z,33.658,-116.7688333,11.33,0.32,ml,16,103,0.06993,0.09,ci,ci40475648,2023-06-05T16:31:18.001Z,"10km SSW of Idyllwild, CA",earthquake,0.19,0.42,0.227,6,reviewed,ci,ci
2023-06-02T10:11:47.070Z,59.9992,-152.9165,108.5,1.8,ml,,,,0.65,ak,ak0237178w2d,2023-06-09T20:51:09.820Z,"65 km WNW of Anchor Point, Alaska",earthquake,,0.6,,,reviewed,ak,ak
2023-06-02T10:10:49.682Z,51.3934,-177.0717,31.7,3.4,ml,,,,0.44,ak,ak0237178oha,2023-06-11T01:57:47.822Z,"61 km SSW of Adak, Alaska",earthquake,,1,,,reviewed,ak,ak
2023-06-02T10:08:26.242Z,44.1372,141.968,216.317,4.1,mb,75,62,0.45,0.77,us,us7000k5qf,2023-06-05T15:30:19.040Z,"20 km NW of Horokanai, Japan",earthquake,7.77,4.819,0.056,90,reviewed,us,us
2023-06-02T10:06:24.750Z,58.184,-155.271666666667,2.24,0.12,ml,10,90,,0.07,av,av91907816,2023-06-03T22:15:42.380Z,"83 km NW of Karluk, Alaska",earthquake,0.27,0.61,0.388001689156912,9,reviewed,av,av
2023-06-02T10:01:19.570Z,38.8253326,-122.8028336,2.4,1.08,md,21,34,0.005977,0.02,nc,nc73895361,2023-06-02T10:55:10.669Z,"7km NW of The Geysers, CA",earthquake,0.22,0.49,0.14,22,automatic,nc,nc
2023-06-02T09:59:39.530Z,51.8528333333333,-177.838333333333,3.61,1.27,ml,4,222,,0.05,av,av91907811,2023-06-03T21:24:35.630Z,"82 km W of Adak, Alaska",earthquake,0.61,0.88,0.254350850661013,4,reviewed,av,av
2023-06-02T09:55:51.791Z,39.6137,-119.9712,6,1.5,ml,16,82.2,0.01,0.1463,nn,nn00860671,2023-06-03T02:04:35.753Z,"7 km S of Cold Springs, Nevada",earthquake,,1.2,0.32,4,reviewed,nn,nn
2023-06-02T09:55:50.820Z,38.8320007,-122.8148346,1.54,0.53,md,11,115,0.009363,0.02,nc,nc73895356,2023-06-02T10:55:14.668Z,"8km NW of The Geysers, CA",earthquake,0.38,0.7,0.28,12,automatic,nc,nc
2023-06-02T09:54:59.730Z,38.814167,-122.7961655,2.57,1.08,md,19,38,0.006227,0.01,nc,nc73895351,2023-06-02T10:29:11.504Z,"5km NW of The Geysers, CA",earthquake,0.23,0.51,0.14,21,automatic,nc,nc
2023-06-02T09:51:26.440Z,58.186,-155.329666666667,1.7,-0.47,ml,7,159,,0.05,av,av91907806,2023-06-05T21:02:23.770Z,"86 km NW of Karluk, Alaska",earthquake,0.26,0.35,0.233347163930477,7,reviewed,av,av
2023-06-02T09:50:23.220Z,58.2531666666667,-155.127666666667,2.52,-0.91,ml,6,113,,0.1,av,av91106368,2023-06-03T21:50:22.490Z,"86 km NNW of Karluk, Alaska",earthquake,0.37,0.81,0.142442366975458,6,reviewed,av,av
2023-06-02T09:49:55.330Z,58.1825,-155.304333333333,2.09,-0.31,ml,7,157,,0.08,av,av91907801,2023-06-03T21:46:51.020Z,"84 km NW of Karluk, Alaska",earthquake,0.25,0.53,0.263840196125366,7,reviewed,av,av
2023-06-02T09:48:44.367Z,24.2287,122.1158,43.895,4.3,mb,37,71,0.479,0.6,us,us7000k5qe,2023-06-05T14:50:25.040Z,"58 km ENE of Hualien City, Taiwan",earthquake,3.91,6.867,0.129,17,reviewed,us,us
2023-06-02T09:48:38.170Z,19.1385,-155.481833333333,12.56,2.34,ml,45,166,,0.12,hv,hv73435897,2023-06-02T22:34:15.680Z,"7 km S of Pāhala, Hawaii",earthquake,0.38,0.31,0.177621647056875,20,reviewed,hv,hv
2023-06-02T09:47:52.620Z,58.1961666666667,-155.265,2.36,-0.37,ml,8,133,,0.07,av,av91907796,2023-06-03T21:42:47.390Z,"84 km NW of Karluk, Alaska",earthquake,0.22,0.52,0.332466826061878,8,reviewed,av,av
2023-06-02T09:47:45.227Z,64.8969,-151.0488,15.4,2,ml,,,,0.72,ak,ak023716v64x,2023-06-09T20:51:03.988Z,"22 km WSW of Manley Hot Springs, Alaska",earthquake,,0.2,,,reviewed,ak,ak
2023-06-02T09:46:49.290Z,58.179,-155.3275,2.01,0.73,ml,8,109,,0.08,av,av91907791,2023-06-03T21:34:19.300Z,"85 km NW of Karluk, Alaska",earthquake,0.23,0.57,0.282168190890777,4,reviewed,av,av
2023-06-02T09:36:42.090Z,46.871,-112.601666666667,13.43,0.52,ml,7,134,0.05778,0.06,mb,mb90016838,2023-06-05T15:40:49.720Z,"11 km SSE of Lincoln, Montana",earthquake,0.94,0.71,0.233882657731778,3,reviewed,mb,mb
2023-06-02T09:35:16.984Z,66.0451,-151.5316,6.4,1.3,ml,,,,0.88,ak,ak023716sjbv,2023-06-09T20:51:03.786Z,"northern Alaska",earthquake,,0.3,,,reviewed,ak,ak
2023-06-02T09:30:57.163Z,59.8387,-153.0285,97.8,1.8,ml,,,,0.61,ak,ak023716rjts,2023-06-09T20:51:03.541Z,"60 km E of Pedro Bay, Alaska",earthquake,,0.3,,,reviewed,ak,ak
2023-06-02T09:28:42.540Z,19.3933333333333,-155.277666666667,1.31,1.99,ml,16,62,,0.11,hv,hv73435862,2023-06-02T22:10:13.010Z,"7 km SW of Volcano, Hawaii",earthquake,0.21,0.25,0.215492770679572,6,reviewed,hv,hv
2023-06-02T09:28:16.709Z,31.68753992,-104.4109017,6.080151367,2.1,ml,44,69,0.03619401688,0.2,tx,tx2023kslg,2023-06-02T17:45:40.243Z,"54 km S of Whites City, New Mexico",earthquake,0.6170585906,0.605957324,0,6,reviewed,tx,tx
2023-06-02T09:28:09.270Z,19.1620006561279,-155.48616027832,32.0999984741211,2.43,ml,47,113,,0.140000001,hv,hv73435867,2023-06-02T13:20:11.040Z,"4 km S of Pāhala, Hawaii",earthquake,0.57,0.839999974,3.09,17,automatic,hv,hv
2023-06-02T09:28:07.680Z,32.9148333,-115.5276667,9.58,1.3,ml,15,96,0.03083,0.24,ci,ci40475640,2023-06-05T16:27:12.035Z,"7km S of Brawley, CA",earthquake,0.6,1.06,0.136,4,reviewed,ci,ci
2023-06-02T09:28:04.580Z,38.8264999,-122.8548355,2.65,0.44,md,10,94,0.01584,0.01,nc,nc73895346,2023-06-02T09:44:15.213Z,"10km WNW of The Geysers, CA",earthquake,0.4,0.81,0.32,12,automatic,nc,nc
2023-06-02T09:24:06.260Z,19.2566661834717,-155.400329589844,30.7399997711182,2.14,ml,51,128,,0.119999997,hv,hv73435857,2023-06-02T09:29:38.730Z,"10 km NE of Pāhala, Hawaii",earthquake,0.46,0.629999995,3.34,7,automatic,hv,hv
2023-06-02T09:21:22.420Z,58.1875,-155.298,2.42,-0.2,ml,11,95,,0.13,av,av91907771,2023-06-03T21:27:42.270Z,"85 km NW of Karluk, Alaska",earthquake,0.28,0.53,0.294865295656605,11,reviewed,av,av
2023-06-02T09:17:35.590Z,17.9343333333333,-66.9496666666667,7.99,2.21,md,11,234,0.05425,0.13,pr,pr71412073,2023-06-02T09:33:37.790Z,"6 km SW of Guánica, Puerto Rico",earthquake,0.48,0.77,0.160058623145173,5,reviewed,pr,pr
2023-06-02T09:11:53.440Z,37.4073333,-119.9945,15.26,2.23,md,21,89,0.1649,0.22,nc,nc73895341,2023-06-02T20:39:11.317Z,"9km SSW of Mariposa, CA",earthquake,0.38,0.62,0.247,47,reviewed,nc,nc
2023-06-02T09:08:02.890Z,63.6094,-149.9834,132.3,1.2,ml,,,,0.53,ak,ak023716mqsv,2023-06-09T20:51:03.336Z,"54 km WSW of Denali Park, Alaska",earthquake,,0.4,,,reviewed,ak,ak
2023-06-02T09:01:32.856Z,63.1277,-151.3359,2.7,1,ml,,,,0.81,ak,ak023716la91,2023-06-09T20:51:10.289Z,"49 km SSE of Denali National Park, Alaska",earthquake,,0.3,,,reviewed,ak,ak
2023-06-02T09:00:45.380Z,38.8428345,-122.8776703,2.54,0.95,md,12,92,0.00645,0.02,nc,nc73895336,2023-06-02T09:47:11.232Z,"13km ENE of Cloverdale, CA",earthquake,0.34,0.54,0.34,14,automatic,nc,nc
2023-06-02T08:56:10.308Z,62.2617,-148.5031,16,2,ml,,,,0.75,ak,ak023716bl84,2023-06-09T20:51:03.000Z,"51 km N of Chickaloon, Alaska",earthquake,,0.3,,,reviewed,ak,ak
2023-06-02T08:55:48.960Z,58.272,-155.098666666667,4.63,-0.49,ml,6,124,,0.05,av,av91907761,2023-06-03T20:27:30.550Z,"87 km NNW of Karluk, Alaska",earthquake,0.28,0.42,0.212518741927963,6,reviewed,av,av
2023-06-02T08:52:24.873Z,60.3874,-152.5936,106.9,1.7,ml,,,,0.58,ak,ak023716arjr,2023-06-09T20:51:10.079Z,"63 km NW of Ninilchik, Alaska",earthquake,,0.1,,,reviewed,ak,ak
2023-06-02T08:48:40.937Z,63.1625,-150.4311,113.4,1.4,ml,,,,0.6,ak,ak0237169xwf,2023-06-09T20:51:02.764Z,"76 km NNE of Petersville, Alaska",earthquake,,0.6,,,reviewed,ak,ak
2023-06-02T08:45:07.500Z,19.3963,-65.6913,108,3.91,md,7,275,1.1629,0.47,pr,pr2023153001,2023-06-02T09:19:38.869Z,"Puerto Rico region",earthquake,8.61,10.76,0.06,6,reviewed,pr,pr
2023-06-02T08:44:45.045Z,61.5889,-148.2856,15,0.8,ml,,,,0.5,ak,ak02371693ct,2023-06-09T20:51:02.568Z,"24 km SSE of Chickaloon, Alaska",earthquake,,0.6,,,reviewed,ak,ak
2023-06-02T08:39:53.680Z,38.8128319,-122.8256683,2.17,0.27,md,7,163,0.004815,0.03,nc,nc73895331,2023-06-02T09:06:14.972Z,"7km WNW of The Geysers, CA",earthquake,0.72,1.52,0.11,7,automatic,nc,nc
2023-06-02T08:39:48.640Z,38.8081665,-122.8216629,2.59,0.53,md,10,73,0.005913,0.05,nc,nc73895326,2023-06-02T09:21:10.066Z,"7km WNW of The Geysers, CA",earthquake,0.57,1.54,0.27,12,automatic,nc,nc
2023-06-02T08:39:12.170Z,47.5443333333333,-114.301333333333,0.28,1.56,ml,20,82,0.1602,0.17,mb,mb90016633,2023-06-02T14:34:31.270Z,"Western Montana",earthquake,0.38,1.28,0.233163260700898,6,reviewed,mb,mb
2023-06-02T08:38:40.930Z,58.2833333333333,-154.915166666667,6.02,0.47,ml,11,150,,0.21,av,av91106343,2023-06-03T20:37:37.390Z,"Alaska Peninsula",earthquake,0.47,1.2,0.223860830353814,11,reviewed,av,av
2023-06-02T08:38:16.621Z,58.2875,-154.9132,1.5,1.3,ml,,,,0.64,ak,ak0237167qwr,2023-06-09T20:51:02.358Z,"84 km NNW of Karluk, Alaska",earthquake,,0.2,,,reviewed,ak,ak
2023-06-02T08:28:42.770Z,58.1768333333333,-155.318166666667,1.82,-0.52,ml,7,108,,0.08,av,av91907741,2023-06-03T21:14:28.610Z,"84 km NW of Karluk, Alaska",earthquake,0.23,0.52,0.265730615063939,7,reviewed,av,av
2023-06-02T08:27:09.510Z,58.1793333333333,-155.307,2.03,-0.1,ml,9,103,,0.08,av,av91907736,2023-06-03T21:17:54.630Z,"Alaska Peninsula",earthquake,0.22,0.59,0.324938964398528,9,reviewed,av,av
2023-06-02T08:26:38.740Z,60.0456666666667,-153.085,-2.54,-0.78,ml,5,105,,0.09,av,av91106353,2023-06-03T21:22:02.460Z,"Southern Alaska",earthquake,0.28,1.81,0.275012939695331,4,reviewed,av,av
2023-06-02T08:25:18.241Z,61.5974,-146.2031,29.7,1.1,ml,,,,0.74,ak,ak0237164ylx,2023-06-11T01:57:47.594Z,"52 km N of Valdez, Alaska",earthquake,,0.4,,,reviewed,ak,ak
2023-06-02T08:21:51.210Z,40.2386667,-121.1405,6.58,2.4,md,35,41,0.009772,0.2,nc,nc73895321,2023-06-02T19:35:18.894Z,"4km NNE of Prattville, CA",earthquake,0.25,0.35,0.134,44,reviewed,nc,nc
2023-06-02T08:14:46.002Z,41.3773,-106.7672,1.317,3.6,mwr,58,45,0.787,0.63,us,us7000k5pl,2023-06-14T06:39:10.026Z,"9 km SSE of Saratoga, Wyoming",earthquake,3.54,2.342,0.061,26,reviewed,us,us
2023-06-02T08:13:13.550Z,44.7543333,-110.4206667,0.83,0.99,md,8,177,0.05095,0.11,uu,uu60541451,2023-06-02T15:57:47.070Z,"",earthquake,0.73,0.18,0.357,4,reviewed,uu,uu
2023-06-02T08:02:49.080Z,58.1898333333333,-155.2915,2.68,-0.08,ml,10,92,,0.08,av,av91907721,2023-06-03T03:27:19.530Z,"85 km NW of Karluk, Alaska",earthquake,0.22,0.35,0.255797105668164,9,reviewed,av,av
2023-06-02T08:02:16.230Z,44.7918333,-110.4141667,1.09,0.88,md,6,216,0.05885,0.08,uu,uu60541446,2023-06-02T16:19:22.740Z,"30 km SE of Mammoth, Wyoming",earthquake,1.96,0.63,0.305,3,reviewed,uu,uu
2023-06-02T08:01:04.910Z,34.082,-117.3298333,17.55,1.05,ml,59,44,0.04542,0.16,ci,ci40475632,2023-06-05T16:17:53.227Z,"2km WNW of Colton, CA",earthquake,0.18,0.33,0.199,27,reviewed,ci,ci
2023-06-02T07:56:40.170Z,38.8238335,-122.7993317,4.44,0.29,md,11,117,0.01615,0.01,nc,nc73895316,2023-06-02T08:24:14.720Z,"6km NW of The Geysers, CA",earthquake,0.58,0.88,0.13,10,automatic,nc,nc
2023-06-02T07:52:50.480Z,33.5506667,-117.0056667,10.15,0.49,ml,14,58,0.09913,0.18,ci,ci40475624,2023-06-04T14:05:25.138Z,"14km E of Murrieta Hot Springs, CA",earthquake,0.38,1.7,0.056,7,reviewed,ci,ci
2023-06-02T07:52:11.750Z,18.8988333333333,-65.0085,27.83,3.27,md,11,263,0.5458,0.22,pr,pr71412048,2023-06-02T08:05:07.860Z,"62 km N of Charlotte Amalie, U.S. Virgin Islands",earthquake,1.8,10.35,0.0257649817331611,4,reviewed,pr,pr
2023-06-02T07:51:07.430Z,32.9905,-116.3131667,8.8,0.76,ml,15,123,0.03673,0.14,ci,ci40475616,2023-06-02T15:58:38.602Z,"24km SW of Ocotillo Wells, CA",earthquake,0.31,0.52,0.054,5,reviewed,ci,ci
2023-06-02T07:40:16.610Z,35.6986667,-121.0438333,8.91,1.19,md,27,75,0.09089,0.06,nc,nc73895306,2023-06-02T23:56:11.585Z,"14km ENE of San Simeon, CA",earthquake,0.16,0.53,0.184,12,reviewed,nc,nc
2023-06-02T07:36:57.020Z,36.9563333,-121.4416667,5.41,1.69,md,49,40,0.07698,0.09,nc,nc73895301,2023-06-02T23:29:14.392Z,"12km ESE of Gilroy, CA",earthquake,0.18,0.7,0.214,41,reviewed,nc,nc
2023-06-02T07:21:39.130Z,58.2538333333333,-155.107166666667,4.98,-0.07,ml,14,90,,0.2,av,av91907691,2023-06-03T03:15:07.720Z,"85 km NNW of Karluk, Alaska",earthquake,0.34,0.71,0.107447834675928,14,reviewed,av,av
2023-06-02T07:17:14.550Z,38.8084984,-122.7969971,3.25,0.77,md,18,49,0.001426,0.02,nc,nc73895296,2023-06-02T08:12:11.657Z,"5km NW of The Geysers, CA",earthquake,0.29,0.57,0.15,19,automatic,nc,nc
2023-06-02T07:15:51.980Z,19.2666664123535,-155.404998779297,30.3799991607666,2,ml,46,122,,0.140000001,hv,hv73435702,2023-06-02T07:21:23.780Z,"10 km NE of Pāhala, Hawaii",earthquake,0.54,0.74000001,0.88,6,automatic,hv,hv
2023-06-02T07:06:43.750Z,58.1796666666667,-155.308166666667,0.35,-0.22,ml,8,104,,0.06,av,av91907681,2023-06-03T03:18:40.100Z,"84 km NW of Karluk, Alaska",earthquake,0.2,1.3,0.283953654587768,8,reviewed,av,av
2023-06-02T07:05:43.220Z,38.8173332,-122.8218307,2.06,1.09,md,19,58,0.01022,0.02,nc,nc73895291,2023-06-02T07:22:15.331Z,"7km NW of The Geysers, CA",earthquake,0.25,0.41,0.13,19,automatic,nc,nc
2023-06-02T07:04:24.670Z,58.1866666666667,-155.3205,2.23,-0.38,ml,8,102,,0.07,av,av91907676,2023-06-03T03:21:07.400Z,"85 km NW of Karluk, Alaska",earthquake,0.26,0.39,0.239838356317559,7,reviewed,av,av
2023-06-02T07:04:19.207Z,29.13116455,-97.64441636,5.746866862,2,ml,19,78,0.02935027887,0.3,tx,tx2023ksgm,2023-06-02T18:34:16.442Z,"15 km S of Smiley, Texas",earthquake,1.434531401,1.719432193,0.1,6,reviewed,tx,tx
2023-06-02T07:03:01.290Z,44.6468333,-110.9861667,9.11,0.46,md,11,93,0.02655,0.15,uu,uu60541441,2023-06-02T14:19:33.130Z,"9 km E of West Yellowstone, Montana",earthquake,0.7,1.03,0.213,7,reviewed,uu,uu
2023-06-02T07:01:36.100Z,19.3848323822021,-155.281173706055,0.730000019073486,1.79999995,md,21,68,,0.189999998,hv,hv73435667,2023-06-02T07:04:45.710Z,"8 km SW of Volcano, Hawaii",earthquake,0.21,0.25,1.13,14,automatic,hv,hv
2023-06-02T06:58:58.445Z,60.6606,-147.4816,8.4,1,ml,,,,0.26,ak,ak0237155984,2023-06-06T23:35:12.698Z,"49 km WSW of Tatitlek, Alaska",earthquake,,0.9,,,reviewed,ak,ak
2023-06-02T06:58:32.670Z,60.0273333333333,-153.090333333333,-2.37,-0.37,ml,5,112,,0.11,av,av91907671,2023-06-03T02:03:58.310Z,"62 km ENE of Pedro Bay, Alaska",earthquake,0.35,3.05,0.24539432603389,5,reviewed,av,av
2023-06-02T06:58:02.076Z,37.2967,-117.6112,7.542,2.2,ml,39,81,0.069,0.37,us,us7000k5pd,2023-06-14T06:31:51.040Z,"50 km S of Silver Peak, Nevada",earthquake,1.46,2.163,0.053,46,reviewed,us,us
2023-06-02T06:49:38.748Z,60.7891,-147.4931,5.5,1.5,ml,,,,0.52,ak,ak0237153a9n,2023-06-06T23:35:11.009Z,"45 km W of Tatitlek, Alaska",earthquake,,0.3,,,reviewed,ak,ak
2023-06-02T06:49:36.053Z,37.29,-117.5857,6,1.1,ml,11,103.19,0.075,0.1654,nn,nn00860667,2023-06-03T02:04:24.178Z,"51 km S of Silver Peak, Nevada",earthquake,,2.3,0.81,6,reviewed,nn,nn
2023-06-02T06:49:08.060Z,38.788166,-122.7655029,2.69,0.61,md,8,106,0.01742,0.01,nc,nc73895281,2023-06-02T07:05:19.228Z,"1km NNW of The Geysers, CA",earthquake,0.53,1.29,0.19,6,automatic,nc,nc
2023-06-02T06:42:20.350Z,58.2588333333333,-155.1325,31.73,-0.45,ml,8,82,,0.26,av,av91106298,2023-06-03T02:42:14.100Z,"86 km NNW of Karluk, Alaska",earthquake,1.25,1.63,0.145961998438136,7,reviewed,av,av
2023-06-02T06:37:55.470Z,34.2335,-117.4418333,10.49,1.56,ml,77,18,0.03365,0.17,ci,ci40475600,2023-06-05T16:02:15.820Z,"4km WNW of Devore, CA",earthquake,0.12,0.21,0.121,50,reviewed,ci,ci
2023-06-02T06:28:37.911Z,53.7995,-164.3415,25.6,2,ml,,,,0.71,ak,ak023714ys5r,2023-06-06T23:35:12.493Z,"101 km ESE of Akutan, Alaska",earthquake,,3.2,,,reviewed,ak,ak
2023-06-02T06:23:45.576Z,61.7414,-151.7011,84.8,1.4,ml,,,,0.41,ak,ak023714xq62,2023-06-06T23:35:10.786Z,"32 km SSW of Skwentna, Alaska",earthquake,,0.7,,,reviewed,ak,ak
2023-06-02T06:19:12.320Z,19.1946659088135,-155.505340576172,34.0999984741211,2.1,ml,50,133,,0.109999999,hv,hv73435542,2023-06-02T06:24:43.690Z,"2 km WSW of Pāhala, Hawaii",earthquake,0.48,0.699999988,3.47,11,automatic,hv,hv
2023-06-02T06:10:43.430Z,58.1765,-155.2805,1.39,-0.49,ml,5,158,,0.07,av,av91907636,2023-06-03T02:18:02.810Z,"Alaska Peninsula",earthquake,0.27,1.11,0.190045300679245,5,reviewed,av,av
2023-06-02T06:08:16.550Z,58.2581666666667,-155.119,4.82,0.3,ml,13,87,,0.19,av,av91907631,2023-06-03T02:22:05.220Z,"Alaska Peninsula",earthquake,0.39,0.67,0.224364048625913,13,reviewed,av,av
2023-06-02T06:07:54.690Z,19.3355007171631,-155.303833007812,3.5699999332428,1.71,ml,23,101,,0.119999997,hv,hv73435522,2023-06-02T06:13:24.310Z,"13 km SSW of Volcano, Hawaii",earthquake,0.44,0.99000001,0.24,3,automatic,hv,hv
2023-06-02T06:07:18.713Z,54.7787,-158.409,35,2.9,ml,17,217,1.32,0.7,us,us7000k6r8,2023-06-14T06:19:19.040Z,"south of Alaska",earthquake,4.79,2.022,0.115,10,reviewed,us,us
2023-06-02T06:06:56.100Z,38.7856667,-122.7708333,3.56,1.59,md,50,51,0.01531,0.05,nc,nc73895266,2023-06-02T20:12:14.142Z,"2km NW of The Geysers, CA",earthquake,0.17,0.27,0.173,46,reviewed,nc,nc
2023-06-02T06:02:25.820Z,53.9453333333333,-166.5995,10.65,0.16,ml,6,277,,0.17,av,av91106288,2023-06-03T02:29:23.270Z,"7 km NNW of Dutch Harbor, Alaska",earthquake,1.01,0.68,0.140562331391482,6,reviewed,av,av
2023-06-02T05:56:08.200Z,58.1763333333333,-155.338,1.57,0.38,ml,10,79,,0.07,av,av91907616,2023-06-06T23:34:05.463Z,"Alaska Peninsula",earthquake,0.18,0.44,0.213268891517684,11,reviewed,av,av
2023-06-02T05:55:30.334Z,60.784,-140.0211,9.2,1,ml,,,,0.54,ak,ak023714j508,2023-06-08T22:41:43.513Z,"138 km N of Yakutat, Alaska",earthquake,,0.7,,,reviewed,ak,ak
2023-06-02T05:54:26.520Z,58.2558333333333,-155.092833333333,4.16,-0.4,ml,6,103,,0.16,av,av91907621,2023-06-03T00:41:30.270Z,"85 km NNW of Karluk, Alaska",earthquake,0.37,0.89,0.194260766653862,6,reviewed,av,av
2023-06-02T05:49:48.060Z,33.2318333,-116.7851667,11.2,0.72,ml,34,42,0.02252,0.13,ci,ci40475568,2023-06-05T15:26:32.938Z,"2km WSW of Lake Henshaw, CA",earthquake,0.16,0.39,0.17,10,reviewed,ci,ci
2023-06-02T05:49:40.880Z,33.2318333,-116.7918333,11.37,0.21,ml,25,53,0.02803,0.17,ci,ci37547484,2023-06-05T15:35:09.389Z,"3km WSW of Lake Henshaw, CA",earthquake,0.29,0.56,0.126,8,reviewed,ci,ci
2023-06-02T05:46:35.120Z,58.1853333333333,-155.317,1.96,0.05,ml,9,103,,0.09,av,av91907611,2023-06-06T23:34:03.094Z,"85 km NW of Karluk, Alaska",earthquake,0.22,0.4,0.298047126335137,9,reviewed,av,av
2023-06-02T05:43:38.690Z,19.7178,-65.7038,55,3.81,md,14,288,1.4591,0.46,pr,pr2023153000,2023-06-14T06:10:31.040Z,"143 km N of Suárez, Puerto Rico",earthquake,4.37,17.88,0.07,6,reviewed,pr,pr
2023-06-02T05:26:20.970Z,33.3835,-116.8793333,5.86,0.55,ml,33,61,0.03292,0.18,ci,ci40475552,2023-06-05T15:17:54.426Z,"3km NNW of Palomar Observatory, CA",earthquake,0.26,0.53,0.146,8,reviewed,ci,ci
2023-06-02T05:25:36.841Z,12.4233,144.7323,10,5.1,mww,119,119,2.983,0.46,us,us7000k5p3,2023-06-27T05:35:44.739Z,"93 km S of Merizo Village, Guam",earthquake,10.61,1.895,0.071,19,reviewed,us,us
2023-06-02T05:22:24.070Z,38.8348333,-122.789,1.9,1.2,md,37,58,0.003722,0.03,nc,nc73895261,2023-06-02T19:05:18.695Z,"6km WNW of Cobb, CA",earthquake,0.15,0.23,0.148,33,reviewed,nc,nc
2023-06-02T05:19:25.739Z,39.6133,-119.9739,6,1,ml,9,110.79,0.012,0.0706,nn,nn00860722,2023-06-03T02:05:08.406Z,"7 km S of Cold Springs, Nevada",earthquake,,1,0.14,4,reviewed,nn,nn
2023-06-02T05:17:42.480Z,37.6035,-119.0026667,1.05,0.55,md,10,192,0.01747,0.06,nc,nc73895256,2023-06-02T16:17:19.711Z,"4km SSW of Mammoth Lakes, CA",earthquake,0.69,1.4,0.249,10,reviewed,nc,nc
2023-06-02T05:16:49.187Z,51.5117,-177.3901,34.26,2.9,ml,21,213,0.268,0.36,us,us7000k6r7,2023-06-14T05:43:54.040Z,"66 km SW of Adak, Alaska",earthquake,4.32,10.239,0.097,14,reviewed,us,us
2023-06-02T05:15:14.451Z,39.6149,-119.9774,5.9,1.5,ml,14,84.04,0.015,0.1411,nn,nn00860661,2023-06-03T02:04:18.599Z,"7 km S of Cold Springs, Nevada",earthquake,,1.2,0.47,5,reviewed,nn,nn
2023-06-02T05:12:53.170Z,58.239,-155.157666666667,2.25,-0.72,ml,6,142,,0.08,av,av91907581,2023-06-03T00:57:26.830Z,"85 km NNW of Karluk, Alaska",earthquake,0.27,0.49,0.126808526527992,6,reviewed,av,av
2023-06-02T05:07:59.970Z,58.2391666666667,-155.132666666667,3.54,-0.19,ml,8,205,,0.11,av,av91907576,2023-06-02T23:44:43.880Z,"Alaska Peninsula",earthquake,0.41,0.66,0.234040295922131,8,reviewed,av,av
2023-06-02T04:33:19.660Z,40.233,-121.146,7.25,2.39,md,32,41,0.01469,0.16,nc,nc73895251,2023-06-02T18:11:17.374Z,"3km NNE of Prattville, CA",earthquake,0.32,0.39,0.138,44,reviewed,nc,nc
2023-06-02T04:32:23.977Z,60.2627,-141.7767,7.7,1.7,ml,,,,0.98,ak,ak023713sqsb,2023-06-08T22:41:43.269Z,"139 km NW of Yakutat, Alaska",earthquake,,0.2,,,reviewed,ak,ak
2023-06-02T04:31:31.862Z,-23.7819,171.8772,10,5.1,mww,50,103,4.239,0.98,us,us7000k5nz,2023-06-17T17:18:03.040Z,"southeast of the Loyalty Islands",earthquake,9.41,1.512,0.08,15,reviewed,us,us
2023-06-02T04:30:40.430Z,3.0939,-83.0363,10,4.3,mb,26,177,4.552,1.09,us,us7000k5nw,2023-06-22T23:22:57.040Z,"off the coast of Central America",earthquake,8.93,1.936,0.178,9,reviewed,us,us
2023-06-02T04:29:53.060Z,17.9516666666667,-66.8866666666667,13.32,2.42,md,13,210,0.0243,0.13,pr,pr71412023,2023-06-02T04:53:30.380Z,"",earthquake,0.54,0.28,0.0820352748314335,4,reviewed,pr,pr
2023-06-02T04:28:09.230Z,58.1858333333333,-155.325666666667,1.03,-0.34,ml,8,104,,0.06,av,av91907561,2023-06-02T23:47:27.110Z,"85 km NW of Karluk, Alaska",earthquake,0.19,0.71,0.244803186234311,8,reviewed,av,av
2023-06-02T04:22:43.700Z,47.65983333333333,-122.4965,26.68,0.85,ml,11,82,0.03162,0.22,uw,uw61929971,2023-06-02T19:00:18.220Z,"4 km NNE of Bainbridge Island, Washington",earthquake,0.81,1.72,0.18409129376888977,3,reviewed,uw,uw
2023-06-02T04:14:16.710Z,38.8263321,-122.7971649,2.77,0.78,md,12,61,0.0105,0.01,nc,nc73895241,2023-06-02T05:18:17.590Z,"6km W of Cobb, CA",earthquake,0.36,0.9,0.11,16,automatic,nc,nc
2023-06-02T04:13:39.030Z,58.1845,-155.327833333333,0.55,-0.66,ml,5,160,,0.03,av,av91907551,2023-06-02T23:49:32.970Z,"85 km NW of Karluk, Alaska",earthquake,0.21,0.88,0.140855671727326,4,reviewed,av,av
2023-06-02T04:12:06.140Z,44.7688333,-110.7816667,5.08,0.55,ml,10,115,0.05276,0.09,uu,uu60541436,2023-06-02T14:22:09.420Z,"23 km SSW of Mammoth, Wyoming",earthquake,0.37,1.06,0.172,2,reviewed,uu,uu
2023-06-02T04:07:35.577Z,51.3723,-177.8674,23.8,1.9,ml,,,,0.33,ak,ak023713neqd,2023-06-06T23:35:12.266Z,"102 km WSW of Adak, Alaska",earthquake,,1.2,,,reviewed,ak,ak
2023-06-02T04:01:13.139Z,39.6156,-119.982,5.6,0.9,ml,13,113.66,0.018,0.1391,nn,nn00860666,2023-06-03T02:04:22.282Z,"7 km S of Cold Springs, Nevada",earthquake,,1.2,0.29,4,reviewed,nn,nn
2023-06-02T03:58:44.420Z,39.6133,-119.9735,6.3,1.4,ml,17,89.22,0.011,0.1473,nn,nn00860656,2023-06-03T02:04:15.364Z,"7 km S of Cold Springs, Nevada",earthquake,,1.1,0.3,5,reviewed,nn,nn
2023-06-02T03:57:22.194Z,65.3863,-153.3703,1,1.1,ml,,,,0.68,ak,ak023713cnx0,2023-06-08T22:41:43.080Z,"64 km WNW of Tanana, Alaska",earthquake,,0.5,,,reviewed,ak,ak
2023-06-02T03:54:07.570Z,44.4621667,-110.9941667,16.58,1.39,ml,9,189,0.1626,0.12,uu,uu60541431,2023-06-02T14:27:20.750Z,"23 km SSE of West Yellowstone, Montana",earthquake,1.02,1.93,0.276,2,reviewed,uu,uu
2023-06-02T03:52:54.470Z,44.4693333,-110.9705,7.59,1.45,ml,20,69,0.0981,0.21,uu,uu60541426,2023-06-02T14:57:07.600Z,"23 km SSE of West Yellowstone, Montana",earthquake,0.66,1.01,0.298,3,reviewed,uu,uu
2023-06-02T03:52:13.130Z,44.4721667,-110.9608333,5.44,1.47,ml,17,114,0.0919,0.21,uu,uu60541421,2023-06-02T14:59:44.130Z,"23 km SSE of West Yellowstone, Montana",earthquake,0.63,2.18,0.219,4,reviewed,uu,uu
2023-06-02T03:51:45.450Z,60.988,-152.394666666667,11.33,0.13,ml,11,158,,0.14,av,av91907536,2023-06-02T22:50:55.900Z,"Southern Alaska",earthquake,0.64,2.02,0.281559663711858,11,reviewed,av,av
2023-06-02T03:42:57.334Z,39.6072,-119.9728,5.4,1.1,ml,6,189.67,0.009,0.0992,nn,nn00860723,2023-06-03T02:05:09.245Z,"8 km S of Cold Springs, Nevada",earthquake,,1.4,0.18,3,reviewed,nn,nn
2023-06-02T03:39:22.670Z,58.1981666666667,-155.282,2.19,-0.18,ml,7,136,,0.04,av,av91907531,2023-06-02T22:53:38.780Z,"85 km NW of Karluk, Alaska",earthquake,0.26,0.46,0.302347071968826,7,reviewed,av,av
2023-06-02T03:37:20.270Z,63.3213,-149.3422,81.7,1,ml,,,,0.47,ak,ak0237138de7,2023-06-06T23:35:09.506Z,"21 km WSW of Cantwell, Alaska",earthquake,,0.9,,,reviewed,ak,ak
2023-06-02T03:30:16.150Z,51.2664,-177.8388,20.1,2,ml,,,,0.23,ak,ak0237136v3j,2023-06-06T23:35:12.070Z,"107 km SW of Adak, Alaska",earthquake,,1.5,,,reviewed,ak,ak
2023-06-02T03:28:31.243Z,31.67781044,-104.4226565,6.542895508,2.1,ml,19,54,0.003723325736,0.2,tx,tx2023krzj,2023-06-02T08:22:44.755Z,"55 km S of Whites City, New Mexico",earthquake,0.9842668127,0.7432764978,0.1,24,reviewed,tx,tx
2023-06-02T03:27:44.210Z,48.793,-121.79066666666667,13.25,1.51,ml,6,102,0.0961,0.32,uw,uw61929966,2023-06-02T19:49:47.310Z,"Washington",earthquake,1.08,4.38,0.12756265100972564,6,reviewed,uw,uw
2023-06-02T03:25:27.200Z,58.1851666666667,-155.304,1.98,-0.16,ml,8,99,,0.07,av,av91907521,2023-06-02T22:56:14.660Z,"85 km NW of Karluk, Alaska",earthquake,0.22,0.43,0.32142637690242,8,reviewed,av,av
2023-06-02T03:24:32.490Z,58.2651666666667,-155.098,4.4,-0.27,ml,7,110,,0.25,av,av91907526,2023-06-02T22:59:22.740Z,"Alaska Peninsula",earthquake,0.47,1.15,0.221559112755248,7,reviewed,av,av
2023-06-02T03:13:58.340Z,19.2608337402344,-155.403839111328,30.3999996185303,2.26,ml,50,124,,0.140000001,hv,hv73435272,2023-06-02T03:20:07.040Z,"10 km NE of Pāhala, Hawaii",earthquake,0.43,0.680000007,3.67,19,automatic,hv,hv
2023-06-02T03:13:57.616Z,54.8587,-163.3263,13.4,1.4,ml,,,,0.5,ak,ak0237133b4h,2023-06-06T23:35:11.875Z,"5 km E of False Pass, Alaska",earthquake,,1.2,,,reviewed,ak,ak
2023-06-02T03:12:12.227Z,31.72533602,-104.3196814,5.206079102000001,1.9,ml,17,72,0.05125899004,0.2,tx,tx2023kryu,2023-06-02T08:53:47.645Z,"50 km S of Whites City, New Mexico",earthquake,0.7643356321,1.155594322,0.1,21,reviewed,tx,tx
2023-06-02T02:57:55.181Z,62.9334,-151.2372,107.6,1.1,ml,,,,0.41,ak,ak023712ratc,2023-06-08T22:41:43.915Z,"",earthquake,,1,,,reviewed,ak,ak
2023-06-02T02:56:56.737Z,37.2756,-117.5723,4.2,0.9,ml,8,219.43,0.073,0.2306,nn,nn00860655,2023-06-03T02:04:12.413Z,"53 km S of Silver Peak, Nevada",earthquake,,5.7,0.91,5,reviewed,nn,nn
2023-06-02T02:52:24.140Z,58.1848333333333,-155.297333333333,2.32,-0.17,ml,7,96,,0.08,av,av91907501,2023-06-02T22:16:18.780Z,"84 km NW of Karluk, Alaska",earthquake,0.22,0.65,0.247188978294657,7,reviewed,av,av
2023-06-02T02:52:01.290Z,34.2565,-117.0116667,5.46,2.18,ml,96,20,0.07552,0.13,ci,ci40475440,2023-06-05T15:09:32.190Z,"9km W of Big Bear Lake, CA",earthquake,0.08,0.37,0.153,90,reviewed,ci,ci
2023-06-02T02:51:30.450Z,44.6495,-110.9805,9.33,0.47,md,13,91,0.02213,0.15,uu,uu60541416,2023-06-02T15:44:55.010Z,"9 km E of West Yellowstone, Montana",earthquake,0.59,0.95,0.347,8,reviewed,uu,uu
2023-06-02T02:42:48.890Z,38.8286667,-122.8541641,2.02,0.32,md,11,87,0.002394,0.02,nc,nc73895226,2023-06-02T03:50:10.047Z,"10km NW of The Geysers, CA",earthquake,0.32,0.78,0.2,11,automatic,nc,nc
2023-06-02T02:42:04.530Z,58.1816666666667,-155.306333333333,0.64,-0.29,ml,5,158,,0.04,av,av91907491,2023-06-02T22:12:50.590Z,"Alaska Peninsula",earthquake,0.22,1.06,0.209729842815553,5,reviewed,av,av
2023-06-02T02:41:04.872Z,39.6108,-119.9782,0,0.5,ml,3,160.31,0.317,0.0281,nn,nn00860704,2023-06-03T02:04:59.244Z,"7 km S of Cold Springs, Nevada",earthquake,,0,0.04,2,reviewed,nn,nn
2023-06-02T02:38:12.150Z,33.4521667,-116.4193333,7.46,0.72,ml,29,127,0.07124,0.15,ci,ci40475424,2023-06-05T14:53:29.084Z,"22km N of Borrego Springs, CA",earthquake,0.23,0.84,0.101,16,reviewed,ci,ci
2023-06-02T02:34:44.240Z,36.28,-97.702,5.78,0.9,ml,25,146,0.1286747496,0.3,ok,ok2023krxo,2023-06-05T13:18:07.229Z,"3 km NW of Douglas, Oklahoma",earthquake,,1.4,0.17,12,reviewed,ok,ok
2023-06-02T02:18:57.120Z,32.4148333,-115.2191667,6.61,1.75,ml,15,71,0.07275,0.27,ci,ci40475416,2023-06-08T21:04:18.998Z,"7km NNW of Delta, B.C., MX",earthquake,0.48,1.55,0.22,13,reviewed,ci,ci
2023-06-02T02:15:37.100Z,36.296,-97.69466667,5,2.48,ml,86,34,0,0.25,ok,ok2023krwy,2023-06-22T23:18:21.686Z,"Oklahoma",earthquake,,0.5,0.21,41,reviewed,ok,ok
2023-06-02T02:08:49.440Z,58.1768333333333,-155.326333333333,2.15,-0.05,ml,9,110,,0.08,av,av91907456,2023-06-02T22:00:22.400Z,"",earthquake,0.21,0.4,0.224640091644652,9,reviewed,av,av
2023-06-02T02:07:00.640Z,33.3846667,-116.3563333,3.38,0.96,ml,34,158,0.05849,0.18,ci,ci40475400,2023-06-05T14:42:57.857Z,"14km N of Borrego Springs, CA",earthquake,0.26,0.67,0.101,17,reviewed,ci,ci
2023-06-02T02:04:37.480Z,48.17616666666667,-121.60166666666667,12.07,0.89,md,5,97,0.06724,0.11,uw,uw61929961,2023-06-02T22:55:50.570Z,"Washington",earthquake,0.52,0.89,0.24499925345669515,6,reviewed,uw,uw
2023-06-02T02:01:55.146Z,63.0196,-150.7886,114.3,1.6,ml,,,,0.47,ak,ak023712faqf,2023-06-06T23:35:09.265Z,"58 km N of Petersville, Alaska",earthquake,,1,,,reviewed,ak,ak
2023-06-02T02:00:37.590Z,17.9443333333333,-66.9475,10.27,2.36,md,4,217,0.07178,0.01,pr,pr71412013,2023-06-02T03:24:42.840Z,"5 km SW of Guánica, Puerto Rico",earthquake,1.6,0.61,0.240902799770895,4,reviewed,pr,pr
2023-06-02T01:57:15.657Z,61.0603,-152.3911,109.5,1.2,ml,,,,0.3,ak,ak0237125s6l,2023-06-06T23:35:11.478Z,"67 km W of Tyonek, Alaska",earthquake,,1.2,,,reviewed,ak,ak
2023-06-02T01:55:53.840Z,36.6511667,-121.2641667,1.13,1.36,md,21,129,0.0541,0.07,nc,nc73895216,2023-06-02T18:52:16.611Z,"16km SSE of Tres Pinos, CA",earthquake,0.3,0.81,0.308,20,reviewed,nc,nc
2023-06-02T01:50:43.980Z,58.2711666666667,-155.098166666667,5.13,-0.5,ml,8,122,,0.26,av,av91106228,2023-06-02T21:31:41.150Z,"87 km NNW of Karluk, Alaska",earthquake,0.52,1.14,0.231559670618676,8,reviewed,av,av
2023-06-02T01:50:38.950Z,58.1983333333333,-155.318833333333,1.48,-0.93,ml,4,233,,0.04,av,av91907446,2023-06-02T21:27:38.820Z,"86 km NW of Karluk, Alaska",earthquake,0.84,0.45,0.135285989831203,4,reviewed,av,av
2023-06-02T01:44:16.350Z,58.177,-155.320166666667,1.47,-0.46,ml,5,109,,0.04,av,av91907441,2023-06-02T21:49:31.140Z,"84 km NW of Karluk, Alaska",earthquake,0.26,0.97,0.261596863249883,5,reviewed,av,av
2023-06-02T01:41:34.301Z,39.6124,-119.9716,6.6,2.2,ml,29,67.6,0.01,0.1414,nn,nn00860652,2023-06-03T02:04:08.464Z,"7 km S of Cold Springs, Nevada",earthquake,,0.9,0.23,7,reviewed,nn,nn
2023-06-02T01:40:44.710Z,58.1708333333333,-155.388166666667,2.08,-0.83,ml,6,138,,0.05,av,av91106233,2023-06-05T20:59:04.270Z,"86 km NW of Karluk, Alaska",earthquake,0.26,1.12,0.154354603111667,6,reviewed,av,av
2023-06-02T01:40:11.160Z,58.1778333333333,-155.319666666667,0.22,-0.13,ml,7,107,,0.05,av,av91907431,2023-06-02T21:43:35.520Z,"Alaska Peninsula",earthquake,0.19,1.39,0.320613115290275,8,reviewed,av,av
2023-06-02T01:37:16.238Z,61.8391,-150.3721,9.7,1.1,ml,,,,0.35,ak,ak0237121hwn,2023-06-06T23:35:11.269Z,"20 km WNW of Willow, Alaska",earthquake,,1.3,,,reviewed,ak,ak
2023-06-02T01:37:01.165Z,39.6075,-119.987,6.1,0.7,ml,4,162.69,0.02,0.0953,nn,nn00860665,2023-06-03T02:04:21.159Z,"Nevada",earthquake,,1.5,0.35,2,reviewed,nn,nn
2023-06-02T01:29:35.144Z,-4.2145,143.0094,103.464,4.3,mb,29,121,2.854,1.08,us,us7000k7c4,2023-06-10T23:51:11.040Z,"21 km E of Ambunti, Papua New Guinea",earthquake,10.24,7.432,0.133,17,reviewed,us,us
2023-06-02T01:26:14.653Z,59.7783,-152.2815,67.1,1.3,ml,,,,0.44,ak,ak023711z0jq,2023-06-06T23:35:09.054Z,"25 km W of Anchor Point, Alaska",earthquake,,1.3,,,reviewed,ak,ak
2023-06-02T01:25:26.240Z,60.9928333333333,-152.391833333333,10.91,0.22,ml,8,299,,0.25,av,av91106238,2023-06-02T21:53:19.380Z,"68 km W of Tyonek, Alaska",earthquake,1.66,4.84,0.205707510986941,8,reviewed,av,av
2023-06-02T01:25:15.840Z,58.1796666666667,-155.308666666667,2.03,-0.22,ml,9,104,,0.06,av,av91907416,2023-06-02T21:36:58.680Z,"84 km NW of Karluk, Alaska",earthquake,0.2,0.41,0.282027567792861,9,reviewed,av,av
2023-06-02T01:24:28.807Z,63.2271,-150.3641,99.4,1.1,ml,,,,0.35,ak,ak023711yqrd,2023-06-06T23:35:08.852Z,"73 km WSW of Cantwell, Alaska",earthquake,,1.9,,,reviewed,ak,ak
2023-06-02T01:20:16.436Z,64.9969,-147.1259,0,0.6,ml,,,,0.46,ak,ak023711xuqk,2023-06-08T22:41:42.899Z,"14 km NNW of Two Rivers, Alaska",explosion,,0,,,reviewed,ak,ak
2023-06-02T01:12:23.446Z,60.2375,-151.9414,65.4,1.4,ml,,,,0.45,ak,ak023711w5i3,2023-06-06T23:35:08.410Z,"Kenai Peninsula, Alaska",earthquake,,0.8,,,reviewed,ak,ak
2023-06-02T01:10:48.830Z,17.9636666666667,-66.862,12.09,2.4,md,8,200,0.01995,0.1,pr,pr71412008,2023-06-02T01:19:01.790Z,"Puerto Rico region",earthquake,0.68,0.46,0.12802089353451,4,reviewed,pr,pr
2023-06-02T01:09:09.961Z,39.6014,-119.9784,6,0.7,ml,4,162.22,0.015,0.0753,nn,nn00860703,2023-06-03T02:04:58.578Z,"8 km S of Cold Springs, Nevada",earthquake,,1.8,0.34,3,reviewed,nn,nn
2023-06-02T01:08:14.610Z,19.1938323974609,-155.388671875,29.6299991607666,1.80999994,md,34,173,,0.119999997,hv,hv73435137,2023-06-02T01:11:19.780Z,"9 km E of Pāhala, Hawaii",earthquake,0.68,0.839999974,1.36000001,6,automatic,hv,hv
2023-06-02T01:06:04.911Z,46.6903,152.4323,53.867,4.3,mb,30,137,7.267,0.54,us,us7000k7c3,2023-06-10T23:41:37.040Z,"Kuril Islands",earthquake,12.11,8.378,0.168,10,reviewed,us,us
2023-06-02T01:02:52.230Z,39.6107,-119.9763,6,0.9,ml,9,111.6,0.012,0.1479,nn,nn00860664,2023-06-03T02:04:20.399Z,"7 km S of Cold Springs, Nevada",earthquake,,1.3,0.26,3,reviewed,nn,nn
2023-06-02T00:56:02.160Z,39.6224,-119.9723,6.1,1,ml,7,120.9,0.017,0.095,nn,nn00860663,2023-06-03T02:04:19.509Z,"6 km S of Cold Springs, Nevada",earthquake,,1.3,0.33,4,reviewed,nn,nn
2023-06-02T00:54:19.930Z,58.2285,-155.117166666667,3.14,-0.38,ml,10,75,,0.13,av,av91907386,2023-06-02T20:22:41.750Z,"83 km NNW of Karluk, Alaska",earthquake,0.25,1.08,0.235095568571063,11,reviewed,av,av
2023-06-02T00:50:53.950Z,39.6184,-119.9771,5.5,1.2,ml,11,111.95,0.017,0.1075,nn,nn00860660,2023-06-03T02:04:17.474Z,"6 km S of Cold Springs, Nevada",earthquake,,1.2,0.29,4,reviewed,nn,nn
2023-06-02T00:49:52.655Z,39.6153,-119.9774,6.3,1.1,ml,10,122.59,0.015,0.0972,nn,nn00860659,2023-06-03T02:04:16.491Z,"7 km S of Cold Springs, Nevada",earthquake,,1,0.26,5,reviewed,nn,nn
2023-06-02T00:45:06.400Z,35.0553333,-118.9026667,16.98,1.31,ml,21,103,0.09295,0.18,ci,ci40475384,2023-06-05T14:32:48.844Z,"13km NNE of Grapevine, CA",earthquake,0.33,0.67,0.142,8,reviewed,ci,ci
2023-06-02T00:43:01.800Z,58.1855,-155.307333333333,1.8,0.24,ml,11,58,,0.08,av,av91907371,2023-06-06T23:33:44.375Z,"85 km NW of Karluk, Alaska",earthquake,0.21,0.42,0.347795275268355,11,reviewed,av,av
2023-06-02T00:41:21.220Z,58.184,-155.309833333333,2.11,-0.23,ml,8,101,,0.07,av,av91907366,2023-06-02T20:08:39.050Z,"85 km NW of Karluk, Alaska",earthquake,0.22,0.36,0.30245387021061,10,reviewed,av,av
2023-06-02T00:41:08.670Z,58.1806666666667,-155.3075,-2.2,-0.8,ml,4,160,,0.04,av,av91106208,2023-06-02T20:15:01.920Z,"84 km NW of Karluk, Alaska",earthquake,0.31,1.48,0.269123081199875,4,reviewed,av,av
2023-06-02T00:40:27.306Z,58.1865,-155.3143,1.4,1.3,ml,,,,0.59,ak,ak023711gqb1,2023-06-08T22:41:42.714Z,"Alaska Peninsula",earthquake,,0.5,,,reviewed,ak,ak
2023-06-02T00:38:41.941Z,39.6126,-119.9834,6,0.9,ml,10,124.09,0.018,0.1278,nn,nn00860651,2023-06-03T02:04:06.827Z,"7 km S of Cold Springs, Nevada",earthquake,,1.3,0.17,3,reviewed,nn,nn
2023-06-02T00:35:29.683Z,65.0101,-147.1185,0,0.6,ml,,,,0.63,ak,ak023711fnw6,2023-06-08T22:41:42.534Z,"",explosion,,0,,,reviewed,ak,ak
2023-06-02T00:34:40.260Z,19.4043333333333,-155.284,1.57,1.5,ml,19,34,,0.1,hv,hv73435082,2023-06-02T01:13:24.660Z,"6 km SW of Volcano, Hawaii",earthquake,0.18,0.21,0.0846523333247842,8,reviewed,hv,hv
2023-06-02T00:31:55.325Z,39.6148,-119.9773,6.3,1,ml,8,122.62,0.015,0.1286,nn,nn00860650,2023-06-03T02:04:05.799Z,"7 km S of Cold Springs, Nevada",earthquake,,1.3,0.44,3,reviewed,nn,nn
2023-06-02T00:28:28.920Z,58.1765,-155.302166666667,0.72,-0.27,ml,5,179,,0.04,av,av91907346,2023-06-02T19:56:38.670Z,"84 km NW of Karluk, Alaska",earthquake,0.25,1.28,0.188249292701621,5,reviewed,av,av
2023-06-02T00:28:07.553Z,39.6214,-119.9712,6.4,3.1,ml,28,68.9,0.016,0.1455,nn,nn00860645,2023-06-10T21:28:51.040Z,"6 km S of Cold Springs, Nevada",earthquake,,0.9,0.22,6,reviewed,nn,nn
2023-06-02T00:23:05.353Z,39.6139,-119.9797,7.1,3.7,mw,40,65.29,0.016,0.1781,nn,nn00860639,2023-06-10T21:28:36.920Z,"7 km S of Cold Springs, Nevada",earthquake,,0.8,,,reviewed,nn,nn
2023-06-02T00:20:45.910Z,19.7448333333333,-155.713,12.49,1.97,md,39,119,,0.14,hv,hv73435057,2023-06-02T01:06:07.430Z,"Island of Hawaii, Hawaii",earthquake,0.45,0.42,0.139067513484544,14,reviewed,hv,hv
2023-06-02T00:19:26.520Z,35.7656667,-117.5895,9.3,1.08,ml,16,133,0.1489,0.16,ci,ci40475360,2023-06-08T21:02:42.989Z,"17km W of Searles Valley, CA",earthquake,0.37,1.24,0.099,4,reviewed,ci,ci
2023-06-02T00:18:55.700Z,58.1935,-155.2885,2.77,-0.07,ml,12,61,,0.06,av,av91907341,2023-06-02T19:53:48.800Z,"85 km NW of Karluk, Alaska",earthquake,0.19,0.3,0.3589390144251,12,reviewed,av,av
2023-06-02T00:14:50.640Z,47.7445,-120.189,1.96,0.41000000000000003,ml,5,134,0.1155,0.07,uw,uw61929931,2023-06-02T00:56:24.610Z,"Washington",earthquake,0.36,2.62,0.0369367533632568,4,reviewed,uw,uw
2023-06-02T00:10:36.140Z,58.1726666666667,-155.323166666667,0.96,-0.56,ml,6,112,,0.05,av,av91907336,2023-06-02T19:50:20.850Z,"84 km NW of Karluk, Alaska",earthquake,0.21,1.13,0.371616875445021,6,reviewed,av,av
2023-06-02T00:07:47.257Z,-12.243,167.3336,10,4.5,mb,18,120,18.92,0.85,us,us7000k7by,2023-06-12T02:29:47.040Z,"",earthquake,9.3,1.898,0.145,14,reviewed,us,us
2023-06-02T00:07:28.778Z,61.4722,-150.6406,63.5,1.6,ml,,,,0.35,ak,ak0237119nr0,2023-06-06T23:35:07.748Z,"10 km SW of Susitna, Alaska",earthquake,,0.7,,,reviewed,ak,ak
2023-06-02T00:06:00.700Z,19.3993333333333,-67.089,25.88,3.39,md,10,307,0.9271,0.19,pr,pr71411998,2023-06-02T00:47:55.720Z,"",earthquake,1.04,14.05,0.0250456248696935,4,reviewed,pr,pr
2023-06-02T00:05:48.680Z,33.1735,-116.1006667,11.4,0.92,ml,23,103,0.05912,0.19,ci,ci40475336,2023-06-05T14:20:01.163Z,"4km NE of Ocotillo Wells, CA",earthquake,0.25,0.44,0.127,6,reviewed,ci,ci
2023-06-02T00:04:49.213Z,61.1651,-151.9559,85,2.8,ml,,,,0.58,ak,ak023711925x,2023-06-10T21:22:44.040Z,"45 km WNW of Tyonek, Alaska",earthquake,,0.3,,,reviewed,ak,ak
2023-06-01T23:50:39.902Z,63.1598,-150.5585,119.5,2.1,ml,,,,0.46,ak,ak0236zroiv4,2023-06-09T01:27:39.740Z,"72 km SE of Denali National Park, Alaska",earthquake,,0.5,,,reviewed,ak,ak
2023-06-01T23:48:03.900Z,38.8056679,-122.7791672,2.2,1.03,md,13,92,0.007672,0.02,nc,nc73895191,2023-06-02T00:16:14.626Z,"4km NNW of The Geysers, CA",earthquake,0.32,0.57,0.08,13,automatic,nc,nc
2023-06-01T23:47:58.293Z,-3.7795,101.4329,48.194,4.2,mb,34,183,1.625,0.52,us,us7000k5n4,2023-06-10T21:33:45.040Z,"92 km W of Bengkulu, Indonesia",earthquake,8.23,9.012,0.115,21,reviewed,us,us
2023-06-01T23:40:48.440Z,48.468333333333334,-123.33533333333334,16.24,1.3,ml,9,142,0.0557,0.16,uw,uw61929926,2023-06-02T01:06:23.300Z,"3 km NW of Oak Bay, Canada",earthquake,0.47,0.84,0.04804609392361259,6,reviewed,uw,uw
2023-06-01T23:35:56.580Z,58.2518333333333,-155.0615,4.11,0.03,ml,10,112,,0.13,av,av91907296,2023-06-05T20:27:38.360Z,"84 km NNW of Karluk, Alaska",earthquake,0.26,0.61,0.102859357665742,1,reviewed,av,av
2023-06-01T23:33:40.913Z,-7.059,129.2347,174.604,4.3,mb,26,107,2.607,0.49,us,us7000k5mt,2023-06-10T21:15:41.040Z,"294 km ENE of Lospalos, Timor Leste",earthquake,9.96,8.547,0.161,11,reviewed,us,us
2023-06-01T23:21:54.530Z,60.043,-153.084333333333,-2.01,-0.73,ml,5,95,,0.09,av,av91907286,2023-06-05T21:01:57.480Z,"63 km ENE of Pedro Bay, Alaska",earthquake,0.23,3.66,0.427782522044057,5,reviewed,av,av
2023-06-01T23:18:02.849Z,39.6181,-119.9685,6.4,1,ml,9,126.72,0.012,0.1205,nn,nn00860638,2023-06-02T00:14:42.014Z,"6 km S of Cold Springs, Nevada",earthquake,,1.2,0.27,4,reviewed,nn,nn
2023-06-01T23:13:39.980Z,58.1598333333333,-155.3815,1.38,-0.54,ml,6,144,,0.07,av,av91907281,2023-06-05T20:34:25.350Z,"85 km NW of Karluk, Alaska",earthquake,0.25,1.56,0.0886014847990011,6,reviewed,av,av
2023-06-01T23:03:47.955Z,38.5527,-119.5291,6,1.1,ml,6,164.41,0.034,0.1076,nn,nn00860637,2023-06-02T00:11:31.980Z,"2 km SW of Coleville, California",earthquake,,1.6,0,1,reviewed,nn,nn
2023-06-01T23:01:25.160Z,58.1611666666667,-155.326833333333,0.37,-0.18,ml,9,66,,0.08,av,av91907266,2023-06-05T20:37:22.220Z,"83 km NW of Karluk, Alaska",earthquake,0.15,1.95,0.263283712469491,9,reviewed,av,av
2023-06-01T23:00:49.060Z,19.404333114624,-155.286331176758,0.959999978542328,1.73,ml,19,45,,0.129999995,hv,hv73434967,2023-06-01T23:06:21.360Z,"6 km SW of Volcano, Hawaii",earthquake,0.2,0.219999999,0.25,8,automatic,hv,hv
2023-06-01T23:00:38.850Z,58.1913333333333,-155.280833333333,3.02,-0.46,ml,5,142,,0.05,av,av91907271,2023-06-05T20:43:35.170Z,"84 km NW of Karluk, Alaska",earthquake,0.35,0.69,0.285681453423316,5,reviewed,av,av
2023-06-01T22:59:35.470Z,44.7386667,-110.3998333,1.32,1.55,md,6,160,0.03983,0.09,uu,uu60541396,2023-06-02T16:56:52.100Z,"35 km SE of Mammoth, Wyoming",earthquake,2.51,0.52,0.484,4,reviewed,uu,uu
2023-06-01T22:56:41.240Z,38.8344994,-122.8181686,1.63,0.77,md,14,61,0.01276,0.02,nc,nc73895176,2023-06-01T23:13:15.261Z,"8km NW of The Geysers, CA",earthquake,0.28,0.79,0.15,13,automatic,nc,nc
2023-06-01T22:54:13.350Z,61.3061,-151.1486,59.3,1,ml,,,,0.52,ak,ak0236zr3w0g,2023-06-09T01:27:39.538Z,"18 km N of Beluga, Alaska",earthquake,,1,,,reviewed,ak,ak
2023-06-01T22:52:43.629Z,-11.693,166.357,70.892,5.4,mww,106,24,6.688,0.68,us,us7000k5md,2023-06-12T21:11:43.472Z,"123 km SSE of Lata, Solomon Islands",earthquake,7.55,5.646,0.069,20,reviewed,us,us
2023-06-01T22:51:56.580Z,58.188,-155.264333333333,1.45,-0.62,ml,7,141,,0.05,av,av91907256,2023-06-05T20:04:38.240Z,"84 km NW of Karluk, Alaska",earthquake,0.29,1.03,0.225983243564502,7,reviewed,av,av
2023-06-01T22:51:26.490Z,18.1832,146.6852,64.989,4.6,mb,67,52,3.049,0.54,us,us7000k5mc,2023-06-10T20:53:03.040Z,"Pagan region, Northern Mariana Islands",earthquake,11.21,6.049,0.055,100,reviewed,us,us
2023-06-01T22:46:51.595Z,57.6121,-155.9064,80.5,1.6,ml,,,,0.61,ak,ak0236zr2928,2023-06-11T00:31:29.422Z,"86 km W of Karluk, Alaska",earthquake,,0.6,,,reviewed,ak,ak
2023-06-01T22:46:15.490Z,61.1285,-145.7637,15,1.4,ml,,,,0.82,ak,ak0236zr26et,2023-06-09T01:27:39.090Z,"31 km E of Valdez, Alaska",earthquake,,0.4,,,reviewed,ak,ak
2023-06-01T22:45:36.250Z,58.1831666666667,-155.286,0.82,-0.46,ml,4,152,,0.03,av,av91106593,2023-06-05T20:01:17.100Z,"84 km NW of Karluk, Alaska",earthquake,0.27,1.12,0.297114328839382,4,reviewed,av,av
2023-06-01T22:45:32.160Z,58.183,-155.365666666667,1.95,-0.45,ml,8,119,,0.06,av,av91907241,2023-06-05T19:57:13.400Z,"87 km NW of Karluk, Alaska",earthquake,0.21,0.46,0.167292494617794,8,reviewed,av,av
2023-06-01T22:45:09.640Z,58.1826666666667,-155.289666666667,0.96,-1.05,ml,4,153,,0.01,av,av91106588,2023-06-05T19:59:25.150Z,"Alaska Peninsula",earthquake,0.27,1.04,0.255096223285204,4,reviewed,av,av
2023-06-01T22:41:24.990Z,18.0133333333333,-66.965,12.65,2.19,md,4,154,0.09005,0.08,pr,pr71411993,2023-06-01T22:55:09.100Z,"4 km SW of Liborio Negron Torres, Puerto Rico",earthquake,0.55,0.45,0.0552891340133068,3,reviewed,pr,pr
2023-06-01T22:38:01.706Z,52.0215,-173.7635,60.889,3.1,ml,16,193,0.327,0.28,us,us7000k79x,2023-06-12T03:04:42.040Z,"35 km ESE of Atka, Alaska",earthquake,11.49,19.541,0.091,20,reviewed,us,us
2023-06-01T22:38:01.620Z,58.167,-155.368166666667,1.34,-0.26,ml,8,87,,0.05,av,av91907231,2023-06-05T21:00:56.100Z,"85 km NW of Karluk, Alaska",earthquake,0.2,1.08,0.13591512348552,8,reviewed,av,av
2023-06-01T22:34:33.600Z,58.18,-155.321666666667,1.11,-0.31,ml,7,107,,0.06,av,av91907226,2023-06-05T19:40:15.210Z,"85 km NW of Karluk, Alaska",earthquake,0.2,0.86,0.395837405175392,7,reviewed,av,av
2023-06-01T22:32:53.205Z,-23.9591,-66.718,208.939,4.5,mb,30,82,1.675,0.27,us,us7000k5m8,2023-06-11T23:11:24.040Z,"49 km NW of San Antonio de los Cobres, Argentina",earthquake,9.42,9.864,0.243,5,reviewed,us,us
2023-06-01T22:31:23.180Z,19.4086666666667,-155.297,2.05,1.8,ml,25,63,,0.1,hv,hv73434887,2023-06-13T23:52:24.710Z,"7 km WSW of Volcano, Hawaii",earthquake,0.16,0.13,0.173411683419734,11,reviewed,hv,hv
2023-06-01T22:27:36.220Z,47.738,-120.65633333333334,5.67,0.65,ml,6,187,0.08855,0.14,uw,uw61929861,2023-06-02T00:50:17.960Z,"15 km N of Leavenworth, Washington",earthquake,0.73,1.01,0.21911036772771428,3,reviewed,uw,uw
2023-06-01T22:26:43.340Z,34.2275,-117.4906667,8.54,1.07,ml,25,53,0.00938,0.15,ci,ci40475296,2023-06-07T22:44:48.493Z,"4km SSE of Lytle Creek, CA",earthquake,0.23,0.35,0.117,20,reviewed,ci,ci
2023-06-01T22:26:26.057Z,58.1884,-155.3033,3.1,1.9,ml,,,,0.57,ak,ak0236zqxx09,2023-06-11T00:31:29.008Z,"85 km NW of Karluk, Alaska",earthquake,,0.2,,,reviewed,ak,ak
2023-06-01T22:19:13.576Z,-5.7425,151.8234,10,4.5,mb,27,153,1.578,0.55,us,us7000k5m5,2023-06-11T22:56:49.040Z,"162 km SSW of Kokopo, Papua New Guinea",earthquake,9.75,1.952,0.096,32,reviewed,us,us
2023-06-01T22:15:02.600Z,51.2284,156.8797,110.206,4.4,mb,37,134,1.949,0.54,us,us7000k5m4,2023-06-11T22:25:43.040Z,"",earthquake,7.05,7.279,0.117,21,reviewed,us,us
2023-06-01T22:04:33.860Z,58.1726666666667,-155.32,0.68,-0.27,ml,7,111,,0.07,av,av91907201,2023-06-05T04:46:42.180Z,"84 km NW of Karluk, Alaska",earthquake,0.22,1.32,0.310370366906941,7,reviewed,av,av
2023-06-01T22:00:18.732Z,59.8568,-136.6611,9.2,1.4,ml,,,,0.66,ak,ak0236zqsbtd,2023-06-09T01:27:41.175Z,"48 km NW of Mosquito Lake, Alaska",earthquake,,0.7,,,reviewed,ak,ak
2023-06-01T21:59:24.120Z,58.2455,-155.076,5.01,-0.4,ml,7,103,,0.2,av,av91907191,2023-06-04T22:00:26.100Z,"83 km NNW of Karluk, Alaska",earthquake,0.48,1.13,0.223224389041742,7,reviewed,av,av
2023-06-01T21:58:19.242Z,60.0703,-140.4077,5.5,1.4,ml,,,,0.84,ak,ak0236zqjbz8,2023-06-09T01:27:38.477Z,"69 km NNW of Yakutat, Alaska",earthquake,,0.3,,,reviewed,ak,ak
2023-06-01T21:48:33.170Z,58.253,-155.121166666667,32.33,-0.53,ml,7,139,,0.07,av,av91106468,2023-06-04T22:06:38.830Z,"Alaska Peninsula",earthquake,0.8,0.69,0.134981488431765,6,reviewed,av,av
2023-06-01T21:45:44.572Z,61.5675,-146.3229,22,1,ml,,,,0.7,ak,ak0236zqgjqw,2023-06-09T01:27:38.267Z,"48 km N of Valdez, Alaska",earthquake,,0.5,,,reviewed,ak,ak
2023-06-01T21:44:19.670Z,17.9713333333333,-66.8305,10.53,2.93,md,13,200,0.04656,0.12,pr,pr71411988,2023-06-01T22:13:54.510Z,"2 km SSW of Indios, Puerto Rico",earthquake,0.44,0.32,0.108181959389652,4,reviewed,pr,pr
2023-06-01T21:43:24.646Z,65.2184,-162.9568,9.2,1.5,ml,,,,0.83,ak,ak0236zqg4ga,2023-06-11T00:31:29.630Z,"63 km NNE of White Mountain, Alaska",earthquake,,0.7,,,reviewed,ak,ak
2023-06-01T21:38:56.071Z,5.2849,125.979,138.988,4.5,mb,69,66,1.817,0.52,us,us7000k5ly,2023-06-12T21:29:53.040Z,"58 km ESE of Sarangani, Philippines",earthquake,8.86,5.779,0.074,54,reviewed,us,us
2023-06-01T21:37:55.120Z,38.8056679,-122.8134995,2.93,1.08,md,19,61,0.01266,0.03,nc,nc73895171,2023-06-01T21:54:13.760Z,"6km WNW of The Geysers, CA",earthquake,0.27,0.55,0.14,23,automatic,nc,nc
2023-06-01T21:37:00.235Z,58.1977,-155.3,1.2,1.1,ml,,,,0.42,ak,ak0236zqesam,2023-06-09T01:27:38.082Z,"86 km NW of Karluk, Alaska",earthquake,,0.3,,,reviewed,ak,ak
2023-06-01T21:36:20.438Z,62.5801,-149.6427,62.7,2.6,ml,,,,0.69,ak,ak0236zqem5y,2023-06-11T03:18:20.040Z,"27 km ENE of Chase, Alaska",earthquake,,0.3,,,reviewed,ak,ak
2023-06-01T21:31:24.920Z,60.9956666666667,-152.379166666667,11.7,0.12,ml,8,162,,0.09,av,av91907171,2023-06-04T21:42:18.010Z,"67 km W of Tyonek, Alaska",earthquake,0.63,1.48,0.243065915621864,11,reviewed,av,av
2023-06-01T21:29:11.340Z,60.0553333333333,-153.046666666667,3.5,-0.54,ml,5,236,,0.17,av,av91907166,2023-06-04T21:37:40.670Z,"66 km ENE of Pedro Bay, Alaska",earthquake,1.78,0.82,0.178374666215364,5,reviewed,av,av
2023-06-01T21:24:34.120Z,33.0783333,-115.6046667,9.3,1.82,ml,43,40,0.0443,0.22,ci,ci40475208,2023-06-04T16:29:44.020Z,"5km NNE of Westmorland, CA",earthquake,0.21,0.45,0.156,42,reviewed,ci,ci
2023-06-01T21:21:48.720Z,33.0776667,-115.601,9.94,1.76,ml,40,37,0.04244,0.24,ci,ci40475200,2023-06-07T22:28:51.030Z,"5km NNE of Westmorland, CA",earthquake,0.28,0.48,0.271,25,reviewed,ci,ci
2023-06-01T21:20:16.140Z,47.4675,-115.9875,6.94,1.38,ml,13,80,0.4958,0.13,mb,mb90016668,2023-06-02T22:50:20.990Z,"Idaho-Montana border region",earthquake,0.33,4.08,0.160325305083876,7,reviewed,mb,mb
2023-06-01T21:19:48.310Z,19.3373333333333,-155.297333333333,2.27,2.88,ml,52,87,,0.12,hv,hv73434747,2023-06-11T03:05:19.040Z,"13 km SSW of Volcano, Hawaii",earthquake,0.2,0.35,0.217723660249818,35,reviewed,hv,hv
2023-06-01T21:14:33.223Z,56.8911,-155.6223,7.9,1.8,ml,,,,0.54,ak,ak0236zq9xcq,2023-06-09T01:27:40.807Z,"88 km W of Akhiok, Alaska",earthquake,,1.6,,,reviewed,ak,ak
2023-06-01T21:09:58.820Z,33.3963333,-116.3796667,4.34,1.03,ml,38,33,0.06771,0.16,ci,ci40475184,2023-06-07T21:51:08.696Z,"16km N of Borrego Springs, CA",earthquake,0.19,0.44,0.134,19,reviewed,ci,ci
2023-06-01T21:06:52.160Z,58.2406666666667,-155.1505,3.12,-0.8,ml,5,213,,0.08,av,av91106458,2023-06-04T21:33:34.510Z,"",earthquake,0.43,0.86,0.103264732215584,5,reviewed,av,av
2023-06-01T21:03:51.472Z,32.41973877,-102.1299781,7.214152018,2.3,ml,21,86,0.03994876564,0.1,tx,tx2023krmr,2023-06-07T21:35:01.455Z,"38 km SSW of Los Ybanez, Texas",earthquake,0.954834642,1.256752338,0.1,24,reviewed,tx,tx
2023-06-01T21:03:02.666Z,-6.4698,127.9034,366.737,4.1,mb,24,75,2.777,0.41,us,us7000k73c,2023-06-12T04:58:41.040Z,"247 km NNE of Lospalos, Timor Leste",earthquake,10.57,6.117,0.198,7,reviewed,us,us
2023-06-01T20:55:25.955Z,-5.7125,151.8582,10,4.6,mb,31,89,1.542,0.91,us,us7000k5ld,2023-06-09T15:30:42.040Z,"158 km SSW of Kokopo, Papua New Guinea",earthquake,8.59,1.882,0.073,56,reviewed,us,us
2023-06-01T20:51:39.050Z,38.8306656,-122.8146667,1.94,0.69,md,13,55,0.008098,0.01,nc,nc73895166,2023-06-01T21:26:14.591Z,"8km NW of The Geysers, CA",earthquake,0.32,0.9,0.17,13,automatic,nc,nc
2023-06-01T20:43:37.427Z,-23.3001,171.3695,17.826,4.5,mb,28,124,3.68,0.67,us,us7000k73b,2023-06-09T15:25:58.040Z,"southeast of the Loyalty Islands",earthquake,9.96,4.385,0.151,16,reviewed,us,us
2023-06-01T20:40:01.470Z,33.161,-116.554,11.38,0.72,ml,28,53,0.08698,0.17,ci,ci40475168,2023-06-07T21:51:48.416Z,"10km NNE of Julian, CA",earthquake,0.29,0.62,0.183,11,reviewed,ci,ci
2023-06-01T20:32:52.830Z,38.7910004,-122.7360001,1.7,1.05,md,15,91,0.007773,0.02,nc,nc73895156,2023-06-01T21:16:15.534Z,"2km NE of The Geysers, CA",earthquake,0.27,0.63,0.08,16,automatic,nc,nc
2023-06-01T20:32:23.490Z,19.3888339996338,-155.277160644531,1.33000004291534,1.78,ml,19,70,,0.119999997,hv,hv73434672,2023-06-01T20:37:54.790Z,"7 km SW of Volcano, Hawaii",earthquake,0.2,0.180000007,0.17,8,automatic,hv,hv
2023-06-01T20:31:45.610Z,19.219165802002,-155.376495361328,28.1000003814697,2.44,ml,15,188,,0.129999995,hv,hv73434667,2023-06-01T20:37:20.320Z,"10 km E of Pāhala, Hawaii",earthquake,1.02,1.23000002,2.59,8,automatic,hv,hv
2023-06-01T20:30:31.540Z,38.7883339,-122.7366638,1.38,1.09,md,15,87,0.00509,0.08,nc,nc73895151,2023-06-01T21:05:18.440Z,"2km NE of The Geysers, CA",earthquake,0.4,0.91,0.18,17,automatic,nc,nc
2023-06-01T20:28:08.190Z,19.1276664733887,-155.392501831055,30,1.80999994,md,37,190,,0.129999995,hv,hv73434662,2023-06-01T20:31:26.370Z,"12 km SE of Pāhala, Hawaii",earthquake,0.74,0.99000001,1.35000002,6,automatic,hv,hv
2023-06-01T20:17:32.320Z,34.2245,-117.5023333,7.86,0.51,ml,8,112,0.01688,0.11,ci,ci40475144,2023-06-04T16:20:09.601Z,"4km S of Lytle Creek, CA",earthquake,0.42,0.49,0.159,3,reviewed,ci,ci
2023-06-01T20:11:12.410Z,38.803833,-122.809166,1.67,0.77,md,17,58,0.01159,0.02,nc,nc73895146,2023-06-01T20:42:17.460Z,"5km WNW of The Geysers, CA",earthquake,0.25,0.6,0.16,18,automatic,nc,nc
2023-06-01T20:07:45.767Z,55.1917,-159.6309,25.3,2,ml,,,,0.44,ak,ak0236zpn0ny,2023-06-09T01:27:37.551Z,"57 km ESE of Sand Point, Alaska",earthquake,,2.6,,,reviewed,ak,ak
2023-06-01T20:07:16.880Z,44.2863333333333,-115.081166666667,7.39,1.05,ml,9,120,0.7544,0.07,mb,mb90016603,2023-06-02T15:52:30.240Z,"13 km NW of Stanley, Idaho",earthquake,0.49,0.91,0.118788360677544,8,reviewed,mb,mb
2023-06-01T20:07:05.350Z,38.8095016,-122.7931671,1.89,0.39,md,7,151,0.002265,0.01,nc,nc73895141,2023-06-01T20:34:14.275Z,"5km NW of The Geysers, CA",earthquake,0.6,1.09,0.15,9,automatic,nc,nc
2023-06-01T19:56:05.520Z,58.1961666666667,-155.2865,2,0.01,ml,7,119,,0.06,av,av91907101,2023-06-04T19:43:11.690Z,"85 km NW of Karluk, Alaska",earthquake,0.22,0.41,0.338269814608326,7,reviewed,av,av
2023-06-01T19:46:59.290Z,19.3886666666667,-155.278333333333,1.12,0.32,md,17,63,,0.08,hv,hv73434622,2023-06-01T20:04:31.220Z,"7 km SW of Volcano, Hawaii",earthquake,0.18,0.18,0.0785906448697465,2,reviewed,hv,hv
2023-06-01T19:43:42.518Z,-5.3034,142.3807,9.915,4.6,mb,33,104,3.237,0.55,us,us7000k73a,2023-06-09T14:59:44.040Z,"86 km NW of Tari, Papua New Guinea",earthquake,6.81,3.999,0.08,47,reviewed,us,us
2023-06-01T19:42:53.440Z,19.3923333333333,-155.2815,1.22,0.21,md,8,78,,0.06,hv,hv73434612,2023-06-01T20:12:46.020Z,"7 km SW of Volcano, Hawaii",earthquake,0.43,0.33,0.013694555140817,2,reviewed,hv,hv
2023-06-01T19:33:21.360Z,19.3851666666667,-155.279833333333,0.97,0.96,md,16,82,,0.05,hv,hv73434602,2023-06-01T19:57:45.480Z,"7 km SW of Volcano, Hawaii",earthquake,0.21,0.14,0.041268983294546,2,reviewed,hv,hv
2023-06-01T19:31:37.739Z,61.8757,-148.8227,30.6,1.2,ml,,,,0.78,ak,ak0236zp6pm5,2023-06-09T01:27:37.314Z,"11 km NNW of Sutton-Alpine, Alaska",earthquake,,0.3,,,reviewed,ak,ak
2023-06-01T19:24:57.010Z,58.2446666666667,-155.141,3.37,0.04,ml,10,88,,0.09,av,av91907086,2023-06-04T19:34:53.470Z,"85 km NNW of Karluk, Alaska",earthquake,0.21,0.61,0.233613587187494,11,reviewed,av,av
2023-06-01T19:24:38.790Z,58.2431666666667,-155.140166666667,1.87,-0.35,ml,7,89,,0.07,av,av91106438,2023-06-04T19:38:40.420Z,"85 km NNW of Karluk, Alaska",earthquake,0.21,0.87,0.27762984490022,7,reviewed,av,av
2023-06-01T19:22:18.980Z,58.2463333333333,-155.134666666667,-2.16,-0.53,ml,7,122,,0.1,av,av91907081,2023-06-04T19:31:15.420Z,"Alaska Peninsula",earthquake,0.29,1.92,0.210891523598819,7,reviewed,av,av
2023-06-01T19:13:11.770Z,47.2571666666667,-113.481833333333,15.58,1.21,ml,14,78,0.01728,0.05,mb,mb90016588,2023-06-02T16:54:11.400Z,"8 km N of Seeley Lake, Montana",earthquake,0.34,0.35,0.113623620159892,4,reviewed,mb,mb
2023-06-01T19:13:05.430Z,58.239,-155.1385,2.38,-0.21,ml,6,220,,0.07,av,av91907076,2023-06-04T19:28:24.680Z,"84 km NNW of Karluk, Alaska",earthquake,0.45,0.46,0.113608155546987,6,reviewed,av,av
2023-06-01T19:11:34.530Z,33.0825,-116.478,5.48,0.86,ml,33,51,0.03382,0.14,ci,ci40475096,2023-06-07T20:27:47.465Z,"12km E of Julian, CA",earthquake,0.18,0.6,0.137,11,reviewed,ci,ci
2023-06-01T19:08:59.400Z,58.1821666666667,-155.327833333333,1.29,-0.65,ml,7,163,,0.05,av,av91907071,2023-06-04T19:26:24.050Z,"85 km NW of Karluk, Alaska",earthquake,0.2,0.65,0.252842813346164,7,reviewed,av,av
2023-06-01T19:08:45.620Z,33.2536667,-116.126,9.47,1.24,ml,46,53,0.1038,0.21,ci,ci40475080,2023-06-07T20:02:13.590Z,"12km N of Ocotillo Wells, CA",earthquake,0.22,0.77,0.104,23,reviewed,ci,ci
2023-06-01T19:04:39.179Z,37.2752,-117.5967,8.3,1.3,ml,7,230.47,0.058,0.1304,nn,nn00860633,2023-06-02T17:48:11.235Z,"53 km S of Silver Peak, Nevada",earthquake,,2.3,0.28,4,reviewed,nn,nn
2023-06-01T19:04:14.190Z,63.6618,-149.5475,112.4,2.3,ml,,,,0.43,ak,ak0236zp0vif,2023-06-09T14:52:11.040Z,"32 km WSW of Denali Park, Alaska",earthquake,,0.4,,,reviewed,ak,ak
2023-06-01T19:03:42.180Z,19.386999130249,-155.280502319336,0.910000026226044,1.94,ml,21,63,,0.209999993,hv,hv73434512,2023-06-01T19:09:14.440Z,"7 km SW of Volcano, Hawaii",earthquake,0.19,0.230000004,0.23,9,automatic,hv,hv
2023-06-01T19:00:08.590Z,19.3838333333333,-155.277833333333,1.64,2.62,ml,45,66,,0.11,hv,hv73434507,2023-06-09T14:44:14.040Z,"Island of Hawaii, Hawaii",earthquake,0.13,0.14,0.22043572664537,27,reviewed,hv,hv
2023-06-01T18:58:10.910Z,48.701166666666666,-125.19133333333333,-0.03,1.57,ml,7,209,0.1375,0.28,uw,uw61929791,2023-06-01T23:15:49.790Z,"37 km SE of Ucluelet, Canada",earthquake,0.89,31.61,0.09136991496526359,8,reviewed,uw,uw
2023-06-01T18:57:45.340Z,62.4428,-151.3536,87.9,1.1,ml,,,,0.49,ak,ak0236zoqvf1,2023-06-09T01:27:36.789Z,"30 km WSW of Petersville, Alaska",earthquake,,0.9,,,reviewed,ak,ak
2023-06-01T18:55:43.787Z,37.2802,-104.5116,4.994,3.4,ml,35,64,0.162,0.83,us,us7000k5k7,2023-06-09T14:43:10.700Z,"7 km NNW of El Moro, Colorado",earthquake,3.28,2.339,0.048,108,reviewed,us,us
2023-06-01T18:55:21.360Z,58.1833333333333,-155.283,2.18,-0.38,ml,6,151,,0.07,av,av91907051,2023-06-04T19:22:51.140Z,"",earthquake,0.26,0.59,0.267439741550756,6,reviewed,av,av
2023-06-01T18:54:00.150Z,38.7716667,-122.7241667,1.29,0.36,md,12,81,0.01007,0.03,nc,nc73895136,2023-06-02T14:52:19.127Z,"3km W of Anderson Springs, CA",earthquake,0.23,0.29,0.423,11,reviewed,nc,nc
2023-06-01T18:53:47.740Z,36.541,-98.954,6.49,1.75,ml,78,60,0.04769064147,0.21,ok,ok2023krij,2023-06-02T14:44:54.616Z,"8 km SW of Waynoka, Oklahoma",earthquake,,0.3,0.19,25,reviewed,ok,ok
2023-06-01T18:53:06.340Z,58.3526666666667,-155.147666666667,5.52,-0.59,ml,5,150,,0.05,av,av91907046,2023-06-04T19:19:48.080Z,"Alaska Peninsula",earthquake,0.39,0.97,0.222240766083175,5,reviewed,av,av
2023-06-01T18:48:44.060Z,17.9613333333333,-66.7533333333333,16.63,2.46,md,7,218,0.1206,0.09,pr,pr71411968,2023-06-01T18:55:40.400Z,"Puerto Rico region",earthquake,0.56,0.93,0.0379496974089051,7,reviewed,pr,pr
2023-06-01T18:46:14.280Z,44.7853333,-110.3988333,5.04,2.05,ml,14,140,0.04627,0.2,uu,uu60541371,2023-06-01T19:07:56.850Z,"32 km SE of Mammoth, Wyoming",earthquake,0.74,1.03,0.269,3,reviewed,uu,uu
2023-06-01T18:43:28.360Z,19.392333984375,-155.272506713867,1.47000002861023,1.82000005,md,18,43,,0.209999993,hv,hv73434487,2023-06-01T18:46:27.000Z,"6 km SW of Volcano, Hawaii",earthquake,0.25,0.25,0.779999971,12,automatic,hv,hv
2023-06-01T18:39:33.192Z,37.2879,-117.5989,7.8,1.6,ml,12,109.41,0.067,0.1566,nn,nn00860622,2023-06-01T19:12:13.284Z,"51 km S of Silver Peak, Nevada",earthquake,,1.9,0.94,8,reviewed,nn,nn
2023-06-01T18:38:13.760Z,19.3753337860107,-155.292007446289,2.17000007629395,1.74,ml,18,93,,0.140000001,hv,hv73434467,2023-06-01T18:43:49.950Z,"9 km SW of Volcano, Hawaii",earthquake,0.26,0.439999998,0.08,3,automatic,hv,hv
2023-06-01T18:37:54.660Z,34.0458333,-116.7963333,13.25,1.16,ml,37,64,0.01428,0.17,ci,ci40475056,2023-06-07T19:34:14.498Z,"14km N of Cabazon, CA",earthquake,0.21,0.42,0.138,20,reviewed,ci,ci
2023-06-01T18:36:44.433Z,60.2188,-152.5943,105.3,1.8,ml,,,,0.3,ak,ak0236zomd38,2023-06-09T01:27:36.490Z,"54 km WNW of Ninilchik, Alaska",earthquake,,0.4,,,reviewed,ak,ak
2023-06-01T18:36:40.860Z,37.9891667,-122.4506667,-0.02,1.47,md,22,88,0.02288,0.09,nc,nc73895131,2023-06-01T22:02:51.629Z,"7km E of Santa Venetia, CA",quarry blast,0.22,31.61,0.326,16,reviewed,nc,nc
2023-06-01T18:32:21.645Z,36.7436,-116.2931,8.8,-0.2,ml,4,227.92,0.017,0.0138,nn,nn00860630,2023-06-01T19:30:49.282Z,"California-Nevada border region",earthquake,,4.8,0,1,reviewed,nn,nn
2023-06-01T18:30:39.590Z,58.2506666666667,-154.914,0.57,0.34,ml,11,158,,0.27,av,av91907031,2023-06-09T01:26:42.466Z,"Alaska Peninsula",earthquake,0.52,1.82,0.353484025498494,11,reviewed,av,av
2023-06-01T18:20:25.320Z,48.3975,-123.42766666666667,37.97,1.58,ml,18,67,0.07011,0.25,uw,uw61929756,2023-06-01T23:04:14.800Z,"4 km SSW of Esquimalt, Canada",earthquake,0.72,1.09,0.07039557479740632,12,reviewed,uw,uw
2023-06-01T18:17:14.159Z,63.0882,-150.6908,116.7,1.1,ml,,,,0.35,ak,ak0236zoi87r,2023-06-09T01:27:40.417Z,"66 km N of Petersville, Alaska",earthquake,,1.1,,,reviewed,ak,ak
2023-06-01T18:12:37.903Z,51.8977,-176.4968,101.3,2.1,ml,,,,0.22,ak,ak0236zoh7gu,2023-06-09T01:27:40.618Z,"Andreanof Islands, Aleutian Islands, Alaska",earthquake,,1,,,reviewed,ak,ak
2023-06-01T18:12:18.019Z,36.5071,70.6056,200.839,4.4,mb,61,89,2.494,0.84,us,us7000k5jv,2023-06-09T14:38:07.040Z,"44 km SSW of Jurm, Afghanistan",earthquake,7.06,4.957,0.088,37,reviewed,us,us
2023-06-01T18:08:35.860Z,19.3905,-155.28,1.69,0.72,md,14,62,,0.08,hv,hv73434422,2023-06-01T18:27:14.860Z,"7 km SW of Volcano, Hawaii",earthquake,0.27,0.24,0.0509866118204122,2,reviewed,hv,hv
2023-06-01T18:08:30.523Z,31.81922163,-103.6591724,7.494091797,1.9,ml,16,77,0.05704314339,0.2,tx,tx2023krgx,2023-06-01T20:24:50.787Z,"13 km NNW of Mentone, Texas",earthquake,1.394414939,2.119573636,0.1,6,reviewed,tx,tx
2023-06-01T18:08:00.790Z,46.3416666666667,-111.621333333333,-2,1.1,ml,8,97,0.3448,0.17,mb,mb90016573,2023-06-02T15:58:11.840Z,"5 km SSW of The Silos, Montana",quarry blast,0.75,31.61,0.165575336118279,4,reviewed,mb,mb
2023-06-01T18:07:34.253Z,36.7562,-116.2552,4.5,-0.4,ml,5,202.29,0.022,0.0559,nn,nn00860629,2023-06-01T19:27:42.275Z,"48 km ESE of Beatty, Nevada",earthquake,,5.6,0,1,reviewed,nn,nn
2023-06-01T18:07:31.319Z,14.2677,-93.0101,35,4.2,mb,24,169,2.173,1.29,us,us7000k738,2023-06-09T14:43:02.040Z,"80 km SW of Puerto Madero, Mexico",earthquake,4.23,1.931,0.167,10,reviewed,us,us
2023-06-01T18:06:29.960Z,38.8219986,-122.8021698,2.6,1.08,md,26,32,0.00633,0.02,nc,nc73895126,2023-06-01T18:24:17.482Z,"6km NW of The Geysers, CA",earthquake,0.21,0.42,0.19,27,automatic,nc,nc
2023-06-01T18:06:13.740Z,33.056,-114.9663333,-0.23,1.28,ml,11,64,0.08413,0.19,ci,ci40475040,2023-06-13T21:55:14.519Z,"45km NNW of Los Algodones, B.C., MX",quarry blast,0.48,31.61,0.147,6,reviewed,ci,ci
2023-06-01T17:48:14.680Z,58.2625,-155.110666666667,4.75,0.08,ml,14,91,,0.19,av,av91907016,2023-06-04T14:26:33.760Z,"86 km NNW of Karluk, Alaska",earthquake,0.32,0.5,0.197346484520266,14,reviewed,av,av
2023-06-01T17:46:15.570Z,58.1891666666667,-155.268833333333,1.32,-0.57,ml,5,141,,0.05,av,av91907011,2023-06-04T14:28:50.500Z,"Alaska Peninsula",earthquake,0.24,0.99,0.32416818926072,5,reviewed,av,av
2023-06-01T17:37:28.633Z,61.668,-150.8086,53.7,1.7,ml,,,,0.61,ak,ak0236zo140q,2023-06-09T01:27:36.244Z,"20 km NW of Susitna, Alaska",earthquake,,0.6,,,reviewed,ak,ak
2023-06-01T17:36:15.840Z,51.852,-178.079666666667,3.72,0.41,ml,4,207,,0.15,av,av91106418,2023-06-04T14:36:55.970Z,"Andreanof Islands, Aleutian Islands, Alaska",earthquake,0.71,0.73,0.365617570005805,4,reviewed,av,av
2023-06-01T17:34:44.635Z,-7.071,155.3652,92.114,4.4,mb,37,89,4.282,0.75,us,us7000k737,2023-06-09T14:25:09.040Z,"84 km S of Panguna, Papua New Guinea",earthquake,9.69,2.504,0.103,27,reviewed,us,us
2023-06-01T17:31:29.820Z,51.8595,-178.083,2.71,1.08,ml,4,203,,0.25,av,av91907001,2023-06-04T14:32:13.470Z,"99 km W of Adak, Alaska",earthquake,0.96,1.69,0.153559182786444,4,reviewed,av,av
2023-06-01T17:24:17.012Z,60.0277,-152.7025,106.6,1.5,ml,,,,0.25,ak,ak0236znyaud,2023-06-09T01:27:40.207Z,"54 km W of Happy Valley, Alaska",earthquake,,0.5,,,reviewed,ak,ak
2023-06-01T17:19:40.166Z,62.3062,-149.7851,9.9,0.7,ml,,,,0.77,ak,ak0236znx9gl,2023-06-09T01:27:36.048Z,"16 km NNE of Susitna North, Alaska",earthquake,,0.7,,,reviewed,ak,ak
2023-06-01T17:16:22.825Z,61.6092,-151.3146,3.9,0.8,ml,,,,0.85,ak,ak0236znwlm0,2023-06-09T01:27:35.841Z,"42 km S of Skwentna, Alaska",earthquake,,0.4,,,reviewed,ak,ak
2023-06-01T17:15:05.790Z,19.4133333333333,-155.318166666667,4.17,1.85,ml,26,78,,0.08,hv,hv73434362,2023-06-01T20:20:39.940Z,"9 km WSW of Volcano, Hawaii",earthquake,0.28,0.49,0.12993274362982,12,reviewed,hv,hv
2023-06-01T17:11:02.240Z,36.5721667,-117.9908333,1.16,1.83,ml,21,131,0.4398,0.18,ci,ci40474968,2023-06-08T18:52:38.083Z,"7km ESE of Lone Pine, CA",earthquake,0.32,0.84,0.333,6,reviewed,ci,ci
2023-06-01T17:06:36.470Z,33.0381667,-116.4183333,8.52,0.78,ml,20,61,0.04244,0.12,ci,ci40474960,2023-06-07T18:51:03.548Z,"18km ESE of Julian, CA",earthquake,0.19,0.49,0.194,6,reviewed,ci,ci
2023-06-01T17:00:30.849Z,36.797,-116.2131,5.8,-0.3,ml,4,285.31,0.039,0.0551,nn,nn00860628,2023-06-01T19:24:36.201Z,"50 km ESE of Beatty, Nevada",earthquake,,3.9,0,1,reviewed,nn,nn
2023-06-01T16:58:11.620Z,35.6433333,-118.3213333,7.54,2.23,ml,44,63,0.05734,0.14,ci,ci40474936,2023-06-02T00:01:35.780Z,"14km ENE of Lake Isabella, CA",earthquake,0.12,0.42,0.204,40,reviewed,ci,ci
2023-06-01T16:52:45.349Z,39.6186,-119.9701,6,0.9,ml,12,109.56,0.013,0.1307,nn,nn00860619,2023-06-01T17:39:38.759Z,"6 km S of Cold Springs, Nevada",earthquake,,1.2,0.19,4,reviewed,nn,nn
2023-06-01T16:51:26.710Z,36.739,-116.2941,8.5,-0.4,ml,10,124.36,0.017,0.0543,nn,nn00860627,2023-06-01T19:21:30.100Z,"45 km ESE of Beatty, Nevada",earthquake,,2.6,0.09,2,reviewed,nn,nn
2023-06-01T16:49:59.339Z,57.2855,-155.4295,62,1.8,ml,,,,0.36,ak,ak0236znibg0,2023-06-11T00:31:28.783Z,"66 km WSW of Karluk, Alaska",earthquake,,1,,,reviewed,ak,ak
2023-06-01T16:33:44.531Z,56.57,-157.2107,71.9,2.1,ml,,,,0.6,ak,ak0236zneut1,2023-06-09T01:27:40.010Z,"79 km ENE of Chignik, Alaska",earthquake,,3.8,,,reviewed,ak,ak
2023-06-01T16:33:28.069Z,61.6965,-151.8027,93.8,1.8,ml,,,,0.44,ak,ak0236znetji,2023-06-11T00:31:28.504Z,"39 km SSW of Skwentna, Alaska",earthquake,,0.3,,,reviewed,ak,ak
2023-06-01T16:31:30.310Z,36.1345,-117.9246667,4.26,1.52,ml,22,120,0.05898,0.15,ci,ci40474864,2023-06-01T23:44:03.493Z,"10km NNE of Coso Junction, CA",earthquake,0.23,0.36,0.128,11,reviewed,ci,ci
2023-06-01T16:31:14.590Z,36.5405,-120.8813333,4.6,1.99,md,44,86,0.0336,0.23,nc,nc73895106,2023-06-01T22:31:13.016Z,"23km NW of New Idria, CA",earthquake,0.28,0.55,0.184,37,reviewed,nc,nc
2023-06-01T16:30:10.960Z,33.9913333,-116.8943333,9.26,1.16,ml,44,55,0.08414,0.13,ci,ci40474856,2023-06-08T18:39:50.581Z,"8km NNW of Banning, CA",earthquake,0.15,0.39,0.191,24,reviewed,ci,ci
2023-06-01T16:23:01.020Z,38.8308334,-122.8143311,1.74,1.09,md,22,48,0.008138,0.02,nc,nc73895101,2023-06-01T17:25:14.121Z,"8km NW of The Geysers, CA",earthquake,0.19,0.42,0.15,24,automatic,nc,nc
2023-06-01T16:19:35.880Z,38.7583333,-122.7298333,1.65,0.38,md,12,73,0.00507,0.04,nc,nc73895096,2023-06-01T19:37:13.950Z,"3km SE of The Geysers, CA",earthquake,0.26,0.32,0.201,8,reviewed,nc,nc
2023-06-01T16:05:49.640Z,51.8638333333333,-178.0765,-1.8,0.38,ml,4,189,,0.23,av,av91106413,2023-06-04T14:19:05.930Z,"99 km W of Adak, Alaska",earthquake,0.68,1.81,0.446476366919707,4,reviewed,av,av
2023-06-01T16:00:49.932Z,19.6767,-109.2322,10,4,mb,85,206,4.044,0.79,us,us7000k5j7,2023-06-17T21:31:48.040Z,"",earthquake,10.87,1.975,0.057,85,reviewed,us,us
2023-06-01T16:00:14.401Z,40.858,79.291,10,4.2,mb,53,79,0.347,0.72,us,us7000k5j5,2023-06-17T21:28:06.040Z,"72 km W of Aykol, China",earthquake,5.15,1.802,0.088,38,reviewed,us,us
2023-06-01T15:59:38.620Z,51.85,-177.772,0.92,1.6,ml,4,286,,0.08,av,av91906941,2023-06-04T03:38:26.150Z,"78 km W of Adak, Alaska",earthquake,0.63,2.38,0.184729178912155,4,reviewed,av,av
2023-06-01T15:54:09.730Z,33.4541667,-116.5796667,10.3,-0.01,ml,10,138,0.0446,0.06,ci,ci40474816,2023-06-01T16:34:08.414Z,"14km SE of Anza, CA",earthquake,0.27,0.54,0.174,7,reviewed,ci,ci
2023-06-01T15:45:02.270Z,58.114,-154.6086,92,1.4,ml,,,,0.54,ak,ak0236zmvwj7,2023-06-07T21:05:21.049Z,"61 km N of Karluk, Alaska",earthquake,,0.8,,,reviewed,ak,ak
2023-06-01T15:44:50.860Z,38.8364983,-122.7921677,2.11,0.75,md,10,84,0.002381,0.01,nc,nc73895091,2023-06-01T16:38:12.836Z,"6km WNW of Cobb, CA",earthquake,0.52,1.1,0.21,14,automatic,nc,nc
2023-06-01T15:44:38.450Z,38.8363342,-122.7919998,2.16,0.71,md,13,75,0.002442,0.02,nc,nc73895086,2023-06-01T17:13:10.048Z,"6km WNW of Cobb, CA",earthquake,0.32,0.69,0.41,15,automatic,nc,nc
2023-06-01T15:41:57.450Z,38.7924995,-122.7549973,3.43,1,md,15,84,0.008911,0.02,nc,nc73895081,2023-06-01T16:15:12.699Z,"2km N of The Geysers, CA",earthquake,0.3,0.86,0.2,14,automatic,nc,nc
2023-06-01T15:29:43.626Z,52.6361,-163.0001,10,3.1,ml,41,243,2.125,0.67,us,us7000k5j2,2023-06-17T21:24:54.040Z,"248 km S of False Pass, Alaska",earthquake,6.99,2.017,0.091,16,reviewed,us,us
2023-06-01T15:27:27.950Z,-5.8356,152.0623,10,4.5,mb,37,123,1.637,0.42,us,us7000k5iz,2023-06-17T21:22:09.040Z,"166 km S of Kokopo, Papua New Guinea",earthquake,6.04,1.805,0.102,32,reviewed,us,us
2023-06-01T15:24:00.290Z,58.1833333333333,-155.291666666667,1.79,-0.59,ml,8,96,,0.06,av,av91906921,2023-06-04T03:32:48.610Z,"Alaska Peninsula",earthquake,0.21,0.6,0.306070136322315,8,reviewed,av,av
2023-06-01T15:18:59.758Z,59.4192,-138.5196,15.1,1.4,ml,,,,0.83,ak,ak0236zmqbts,2023-06-10T23:11:32.551Z,"69 km ESE of Yakutat, Alaska",earthquake,,0.2,,,reviewed,ak,ak
2023-06-01T15:18:23.089Z,36.24333333,-95.83866667,0,1.28,ml,50,119,0.3815251318,0.33,ok,ok2023krbg,2023-06-02T14:20:40.660Z,"Oklahoma",quarry blast,,0.3,0.12,7,reviewed,ok,ok
2023-06-01T15:16:05.150Z,39.4845,-110.3395,-1.01,1.4,ml,13,143,0.06134,0.15,uu,uu60541356,2023-06-01T17:19:40.550Z,"8 km SSE of Sunnyside, Utah",earthquake,0.47,0.66,0.136,3,reviewed,uu,uu
2023-06-01T15:08:50.168Z,57.8307,-155.0529,79.4,1.2,ml,,,,0.31,ak,ak0236zmo2qg,2023-06-07T21:05:20.676Z,"46 km NW of Karluk, Alaska",earthquake,,0.2,,,reviewed,ak,ak
2023-06-01T15:05:55.328Z,62.2305,-150.419,62.6,1.3,ml,,,,0.48,ak,ak0236zmnfz1,2023-06-07T21:05:18.242Z,"13 km SW of Trapper Creek, Alaska",earthquake,,0.5,,,reviewed,ak,ak
2023-06-01T15:03:13.080Z,33.5326667,-116.4948333,13.9,0.18,ml,6,209,0.05848,0.04,ci,ci40239823,2023-06-13T21:39:13.629Z,"17km E of Anza, CA",earthquake,0.35,0.77,0.036,1,reviewed,ci,ci
2023-06-01T15:00:57.200Z,33.356,-116.3861667,9.97,1.13,ml,42,32,0.09133,0.2,ci,ci40239815,2023-06-01T17:03:15.390Z,"11km N of Borrego Springs, CA",earthquake,0.28,0.64,0.138,27,reviewed,ci,ci
2023-06-01T14:44:07.600Z,33.365,-116.9666667,8.97,0.67,ml,21,53,0.05956,0.17,ci,ci40239799,2023-06-06T22:20:07.664Z,"10km W of Palomar Observatory, CA",earthquake,0.25,0.67,0.094,9,reviewed,ci,ci
2023-06-01T14:39:38.591Z,61.5274,-151.241,9.2,0.8,ml,,,,0.76,ak,ak0236zm98va,2023-06-10T23:11:31.739Z,"38 km W of Susitna, Alaska",earthquake,,0.2,,,reviewed,ak,ak
2023-06-01T14:35:05.648Z,59.4357,-152.5004,65.3,1.2,ml,,,,0.44,ak,ak0236zm8c10,2023-06-07T21:05:20.488Z,"34 km WNW of Nanwalek, Alaska",earthquake,,0.3,,,reviewed,ak,ak
2023-06-01T14:34:18.820Z,58.1711666666667,-155.3345,-2.2,-0.25,ml,7,177,,0.06,av,av91906901,2023-06-04T03:04:20.010Z,"",earthquake,0.28,1.71,0.35622793670895,7,reviewed,av,av
2023-06-01T14:32:09.930Z,19.1678333282471,-155.486831665039,33.9900016784668,1.89999998,md,40,106,,0.119999997,hv,hv73434112,2023-06-01T14:35:21.010Z,"Island of Hawaii, Hawaii",earthquake,0.71,0.959999979,1.89999998,4,automatic,hv,hv
2023-06-01T14:30:54.652Z,54.6919,-164.1615,109.4,2.2,ml,,,,0.48,ak,ak0236zm7dfq,2023-06-10T23:11:31.530Z,"Unimak Island region, Alaska",earthquake,,0.7,,,reviewed,ak,ak
2023-06-01T14:28:28.500Z,58.1913333333333,-155.314666666667,2.42,-0.5,ml,6,224,,0.07,av,av91906886,2023-06-04T03:15:58.770Z,"Alaska Peninsula",earthquake,0.78,0.38,0.290168367735012,6,reviewed,av,av
2023-06-01T14:28:16.100Z,58.1778333333333,-155.321166666667,1.79,-0.84,ml,5,166,,0.06,av,av91106388,2023-06-04T03:19:12.890Z,"85 km NW of Karluk, Alaska",earthquake,0.25,0.79,0.354573324070925,5,reviewed,av,av
2023-06-01T14:24:32.262Z,56.8697,-155.8133,16,1.8,ml,,,,0.37,ak,ak0236zm617e,2023-06-07T21:05:20.288Z,"100 km W of Akhiok, Alaska",earthquake,,0.3,,,reviewed,ak,ak
2023-06-01T14:08:46.005Z,55.1889,-159.8496,12.9,2.1,ml,,,,0.42,ak,ak0236zm2mll,2023-06-07T21:05:17.637Z,"44 km ESE of Sand Point, Alaska",earthquake,,1.4,,,reviewed,ak,ak
2023-06-01T14:08:44.940Z,58.1988333333333,-155.259,1.81,-0.7,ml,6,130,,0.08,av,av91906871,2023-06-04T03:23:21.210Z,"84 km NW of Karluk, Alaska",earthquake,0.23,0.93,0.203334871760135,7,reviewed,av,av
2023-06-01T14:05:02.110Z,19.3921666666667,-155.278,1.49,2.12,ml,29,51,,0.1,hv,hv73434092,2023-06-01T21:23:12.160Z,"7 km SW of Volcano, Hawaii",earthquake,0.17,0.15,0.211136043216978,13,reviewed,hv,hv
2023-06-01T14:02:36.285Z,54.7447,-159.7761,17.7,2.3,ml,,,,0.44,ak,ak0236zm1brg,2023-06-07T21:05:20.087Z,"80 km SE of Sand Point, Alaska",earthquake,,0.9,,,reviewed,ak,ak
2023-06-01T13:58:06.290Z,51.8516666666667,-177.760833333333,1.32,1.59,ml,5,176,,0.1,av,av91906856,2023-06-03T16:23:48.310Z,"77 km W of Adak, Alaska",earthquake,0.61,1.91,0.234310795501517,5,reviewed,av,av
2023-06-01T13:53:08.300Z,38.1991667,-111.8708333,2.82,1.63,ml,19,100,0.2931,0.18,uu,uu60541351,2023-06-01T17:16:02.310Z,"14 km NE of Antimony, Utah",earthquake,0.43,1.73,0.159,5,reviewed,uu,uu
2023-06-01T13:50:57.617Z,59.8484,-151.2711,63.8,1.3,ml,,,,0.65,ak,ak0236zlq869,2023-06-07T21:05:19.883Z,"12 km N of Fritz Creek, Alaska",earthquake,,0.5,,,reviewed,ak,ak
2023-06-01T13:50:32.450Z,58.1625,-155.380333333333,1.62,0.16,ml,9,198,,0.08,av,av91906851,2023-06-03T16:28:03.510Z,"85 km NW of Karluk, Alaska",earthquake,0.29,0.59,0.232498329069444,9,reviewed,av,av
2023-06-01T13:43:59.840Z,33.5498333,-116.9198333,13.05,0.67,ml,23,46,0.1,0.2,ci,ci40239783,2023-06-01T17:02:45.590Z,"13km NNW of Aguanga, CA",earthquake,0.3,0.84,0.114,14,reviewed,ci,ci
2023-06-01T13:28:54.061Z,29.2837,142.278,10,4.5,mb,44,74,4.364,0.66,us,us7000k5hl,2023-06-23T15:02:07.040Z,"Izu Islands, Japan region",earthquake,11.47,1.861,0.07,60,reviewed,us,us
2023-06-01T13:28:43.030Z,58.1876666666667,-155.3295,1.46,-0.42,ml,7,157,,0.07,av,av91906846,2023-06-03T16:31:40.900Z,"",earthquake,0.22,0.6,0.265580815703355,7,reviewed,av,av
2023-06-01T13:21:13.770Z,58.1941666666667,-155.253333333333,2.82,0.02,ml,9,132,,0.08,av,av91906836,2023-06-03T20:17:38.990Z,"84 km NW of Karluk, Alaska",earthquake,0.23,0.77,0.259015209875721,9,reviewed,av,av
2023-06-01T13:16:19.818Z,63.2876,-150.4107,120.5,1.2,ml,,,,0.52,ak,ak0236zlivab,2023-06-07T21:05:17.417Z,"71 km ESE of Denali National Park, Alaska",earthquake,,0.5,,,reviewed,ak,ak
2023-06-01T13:14:31.005Z,61.5958,-148.266,10,0.8,ml,,,,0.75,ak,ak0236zligb4,2023-06-07T21:05:17.221Z,"24 km SSE of Chickaloon, Alaska",earthquake,,0.5,,,reviewed,ak,ak
2023-06-01T13:13:15.600Z,58.1785,-155.336,1.71,0.03,ml,9,169,,0.09,av,av91906831,2023-06-03T20:23:10.860Z,"85 km NW of Karluk, Alaska",earthquake,0.25,0.44,0.322044757855283,9,reviewed,av,av
2023-06-01T13:11:53.512Z,64.9972,-147.3755,0,1.1,ml,,,,0.16,ak,ak0236zlhux4,2023-06-10T23:11:31.354Z,"12 km ENE of Fox, Alaska",explosion,,0,,,reviewed,ak,ak
2023-06-01T13:10:16.301Z,61.7518,-149.7422,26.8,1,ml,,,,0.84,ak,ak0236zlhk9p,2023-06-07T21:05:16.806Z,"14 km NNE of Houston, Alaska",earthquake,,0.7,,,reviewed,ak,ak
2023-06-01T13:09:42.870Z,53.3868333333333,-168.226833333333,-0.14,-0.34,ml,7,262,,0.26,av,av91906826,2023-06-03T16:20:46.510Z,"Fox Islands, Aleutian Islands, Alaska",earthquake,0.74,0.67,0.297016556040265,7,reviewed,av,av
2023-06-01T13:03:33.540Z,52.8173333333333,-169.601666666667,-0.07,0.44,ml,4,178,,0.02,av,av91106333,2023-06-03T16:14:47.430Z,"51 km WSW of Nikolski, Alaska",earthquake,0.68,0.23,0.146708361629917,4,reviewed,av,av
2023-06-01T12:59:34.220Z,58.179,-155.333666666667,1.76,-0.49,ml,7,112,,0.06,av,av91906816,2023-06-03T04:10:26.430Z,"85 km NW of Karluk, Alaska",earthquake,0.22,0.55,0.191552950350751,7,reviewed,av,av
2023-06-01T12:57:20.400Z,51.2731,-177.0909,38.755,3.1,ml,16,216,0.497,0.36,us,us7000k709,2023-06-27T07:10:16.040Z,"73 km SSW of Adak, Alaska",earthquake,5.11,11.32,0.105,12,reviewed,us,us
2023-06-01T12:48:25.560Z,17.9388333333333,-64.9726666666667,11.46,2.88,md,5,161,0.2714,0.15,pr,pr71411958,2023-06-01T13:13:25.070Z,"33 km NW of Saint Croix, U.S. Virgin Islands",earthquake,0.55,1.16,0.0232826813389799,3,reviewed,pr,pr
2023-06-01T12:42:54.363Z,39.6154,-119.9656,6.8,1.6,ml,24,68.04,0.009,0.1417,nn,nn00860601,2023-06-01T15:20:30.347Z,"7 km S of Cold Springs, Nevada",earthquake,,0.9,0.34,6,reviewed,nn,nn
2023-06-01T12:37:48.890Z,38.8376656,-122.8003311,1.84,0.26,md,8,90,0.007835,0.02,nc,nc73895056,2023-06-01T12:54:12.388Z,"7km WNW of Cobb, CA",earthquake,0.44,1.2,0.11,10,automatic,nc,nc
2023-06-01T12:34:13.550Z,34.85233333,-97.83666667,7.98,1.39,ml,63,56,0.08818269555,0.43,ok,ok2023kqvv,2023-06-02T13:05:11.049Z,"Oklahoma",earthquake,,1,0.26,20,reviewed,ok,ok
2023-06-01T12:28:03.150Z,40.1966667,-121.087,6.99,2.4,md,43,39,0.06781,0.17,nc,nc73895051,2023-06-01T22:06:14.855Z,"3km NNW of Canyondam, CA",earthquake,0.26,0.47,0.143,50,reviewed,nc,nc
2023-06-01T12:27:02.400Z,19.2250003814697,-155.383499145508,29.5300006866455,2.1,ml,52,152,,0.129999995,hv,hv73433977,2023-06-27T07:17:00.040Z,"10 km ENE of Pāhala, Hawaii",earthquake,0.46,0.629999995,3.64,15,automatic,hv,hv
2023-06-01T12:25:57.100Z,38.8231667,-122.855,2.3,0.36,md,21,94,0.00461,0.03,nc,nc73895046,2023-06-01T19:16:13.826Z,"10km WNW of The Geysers, CA",earthquake,0.21,0.35,0.232,19,reviewed,nc,nc
2023-06-01T12:25:57.090Z,58.1716666666667,-155.3785,1.92,-0.35,ml,8,133,,0.07,av,av91906791,2023-06-03T04:00:27.690Z,"86 km NW of Karluk, Alaska",earthquake,0.22,0.59,0.143734248362941,8,reviewed,av,av
2023-06-01T12:19:52.250Z,33.027,-116.0041667,4.63,1.61,ml,45,34,0.1429,0.17,ci,ci40239703,2023-06-07T16:03:33.360Z,"18km SE of Ocotillo Wells, CA",earthquake,0.16,0.64,0.162,24,reviewed,ci,ci
2023-06-01T12:14:52.981Z,62.0447,-149.816,50.3,0.9,ml,,,,0.63,ak,ak0236zkx2dr,2023-06-07T21:05:16.404Z,"13 km S of Susitna North, Alaska",earthquake,,0.8,,,reviewed,ak,ak
2023-06-01T12:13:02.320Z,37.4303333,-118.747,5.68,1.27,md,24,123,0.1391,0.05,nc,nc73895041,2023-06-01T22:53:11.151Z,"13km W of Round Valley, CA",earthquake,0.5,2.1,0.132,15,reviewed,nc,nc
2023-06-01T12:07:52.990Z,38.7575,-122.7038333,1.59,1.95,md,65,38,0.01124,0.04,nc,nc73895036,2023-06-01T23:20:10.293Z,"2km SSW of Anderson Springs, CA",earthquake,0.11,0.13,0.163,69,reviewed,nc,nc
2023-06-01T12:04:54.340Z,64.8525,-147.3114,6,0.8,ml,,,,0.65,ak,ak0236zkuxcw,2023-06-07T21:05:16.190Z,"11 km N of North Pole, Alaska",earthquake,,0.4,,,reviewed,ak,ak
2023-06-01T12:03:36.170Z,40.5033333,-124.4281667,18.71,2.3,md,21,232,0.07451,0.15,nc,nc73895031,2023-06-01T21:51:14.743Z,"16km WSW of Ferndale, CA",earthquake,0.79,0.42,0.361,21,reviewed,nc,nc
2023-06-01T12:03:23.609Z,64.7945,-150.8131,16.2,1.1,ml,,,,0.86,ak,ak0236zkumzt,2023-06-07T21:05:15.983Z,"24 km SSW of Manley Hot Springs, Alaska",earthquake,,0.2,,,reviewed,ak,ak
2023-06-01T11:54:16.580Z,38.8183327,-122.8239975,2.12,0.98,md,10,65,0.009853,0.02,nc,nc73895026,2023-06-01T12:27:15.224Z,"7km NW of The Geysers, CA",earthquake,0.35,0.89,0.26,9,automatic,nc,nc
2023-06-01T11:51:13.339Z,36.2775,-97.49866667,6.9,1.03,ml,74,50,0.06568710995,0.24,ok,ok2023kquk,2023-06-01T13:23:42.636Z,"3 km W of Lucien, Oklahoma",earthquake,,0.4,0.28,29,reviewed,ok,ok
2023-06-01T11:47:17.112Z,51.3721,-178.4984,52.966,4.5,mb,82,127,0.268,0.91,us,us7000k5h3,2023-06-27T15:26:25.040Z,"140 km WSW of Adak, Alaska",earthquake,3.7,5.907,0.036,229,reviewed,us,us
2023-06-01T11:40:22.062Z,61.6484,-146.7904,14.6,2.1,ml,,,,0.83,ak,ak0236zkh4zf,2023-06-07T21:05:15.409Z,"37 km SSE of Eureka Roadhouse, Alaska",earthquake,,0.5,,,reviewed,ak,ak
2023-06-01T11:34:29.182Z,65.0058,-151.2672,11.2,0.7,ml,,,,0.63,ak,ak0236zkfvay,2023-06-07T21:05:15.214Z,"29 km W of Manley Hot Springs, Alaska",earthquake,,0.2,,,reviewed,ak,ak
2023-06-01T11:33:25.730Z,35.1128333,-119.0603333,10.34,1.52,ml,23,130,0.05743,0.25,ci,ci40239687,2023-06-08T17:55:10.902Z,"21km SW of Lamont, CA",earthquake,0.45,0.61,0.092,17,reviewed,ci,ci
2023-06-01T11:28:01.689Z,62.2513,-149.6461,58.4,1.1,ml,,,,0.48,ak,ak0236zkeiv8,2023-06-07T21:05:15.005Z,"14 km NE of Susitna North, Alaska",earthquake,,0.8,,,reviewed,ak,ak
2023-06-01T11:23:48.620Z,19.1959991455078,-155.504165649414,33.7700004577637,1.77,ml,45,81,,0.109999999,hv,hv73433867,2023-06-01T11:29:18.290Z,"Island of Hawaii, Hawaii",earthquake,0.52,0.680000007,3.52,6,automatic,hv,hv
2023-06-01T11:12:43.090Z,46.85466666666667,-121.75216666666667,0.98,0.36,ml,18,75,0.02115,0.07,uw,uw61929696,2023-06-03T04:41:34.270Z,"23 km ENE of Ashford, Washington",earthquake,0.21,0.4,0.21018565476224113,9,reviewed,uw,uw
2023-06-01T11:11:04.920Z,19.1881675720215,-155.481338500977,31.3999996185303,1.83000004,md,38,89,,0.109999999,hv,hv73433852,2023-06-01T11:14:18.660Z,"Island of Hawaii, Hawaii",earthquake,0.48,0.75999999,0.910000026,3,automatic,hv,hv
2023-06-01T11:07:12.510Z,37.9661667,-112.6781667,6.08,1.63,ml,19,109,0.2879,0.15,uu,uu60541341,2023-06-01T13:38:57.840Z,"12 km NE of Paragonah, Utah",earthquake,0.47,2.13,0.125,11,reviewed,uu,uu
2023-06-01T11:03:09.641Z,57.4469,-154.2392,15.3,1.5,ml,,,,0.61,ak,ak0236zk96o7,2023-06-10T23:11:32.362Z,"18 km WSW of Larsen Bay, Alaska",earthquake,,0.2,,,reviewed,ak,ak
2023-06-01T11:01:03.266Z,-5.7768,152.0111,39.381,4.8,mb,36,129,6.01,0.82,us,us7000k5gr,2023-06-01T11:33:29.040Z,"New Britain region, Papua New Guinea",earthquake,13.14,7.709,0.067,68,reviewed,us,us
2023-06-01T10:49:46.740Z,33.1703333,-115.6465,3.91,1.51,ml,9,230,0.02378,0.19,ci,ci40239671,2023-06-01T15:32:58.240Z,"13km WNW of Calipatria, CA",earthquake,1.28,0.3,0.213,4,reviewed,ci,ci
2023-06-01T10:49:45.114Z,31.68434067,-104.4081805,6.131567383,2,ml,24,75,0.0156372447,0.2,tx,tx2023kqsk,2023-06-01T13:25:06.066Z,"54 km S of Whites City, New Mexico",earthquake,0.7436594373,0.5317977601,0.1,12,reviewed,tx,tx
2023-06-01T10:44:26.232Z,51.5791,-174.9246,25.6,1.9,ml,,,,0.46,ak,ak0236zjwkn3,2023-06-07T21:05:19.512Z,"84 km SW of Atka, Alaska",earthquake,,1.2,,,reviewed,ak,ak
2023-06-01T10:36:52.070Z,35.62483333,-97.98166667,5.9,1.31,ml,68,44,0.1313742199,0.34,ok,ok2023kqrz,2023-06-02T12:52:00.094Z,"10 km NNW of El Reno, Oklahoma",earthquake,,0.7,0.24,29,reviewed,ok,ok
2023-06-01T10:31:38.217Z,61.3242,-150.7022,61.3,1.1,ml,,,,0.53,ak,ak0236zjtt99,2023-06-07T21:05:19.285Z,"26 km SSW of Susitna, Alaska",earthquake,,0.9,,,reviewed,ak,ak
2023-06-01T10:25:25.990Z,58.187,-155.311166666667,2.21,-0.14,ml,9,99,,0.08,av,av91906696,2023-06-03T02:57:45.300Z,"85 km NW of Karluk, Alaska",earthquake,0.21,0.37,0.243399139702209,9,reviewed,av,av
2023-06-01T10:24:43.860Z,58.1891666666667,-155.292666666667,2.12,-0.47,ml,6,148,,0.06,av,av91906701,2023-06-03T03:00:12.150Z,"85 km NW of Karluk, Alaska",earthquake,0.24,0.51,0.275733479398406,6,reviewed,av,av
2023-06-01T10:21:35.100Z,48.1291666666667,-116.390166666667,2.89,1.42,ml,12,139,0.3565,0.25,mb,mb90016658,2023-06-02T22:26:45.790Z,"14 km SSW of East Hope, Idaho",earthquake,0.56,3.78,0.462697010945297,9,reviewed,mb,mb
2023-06-01T10:21:14.480Z,33.9588333,-116.9426667,14.84,0.26,ml,15,121,0.1345,0.08,ci,ci40239663,2023-06-06T22:08:21.752Z,"5km NE of Beaumont, CA",earthquake,0.22,0.66,0.171,7,reviewed,ci,ci
2023-06-01T10:20:15.050Z,61.2331666666667,-152.232333333333,23.64,-0.48,ml,9,94,,0.3,av,av91906691,2023-06-01T18:28:17.860Z,"61 km WNW of Tyonek, Alaska",earthquake,1.04,1.16,0.310316667909141,9,reviewed,av,av
2023-06-01T10:15:58.960Z,46.852833333333336,-121.7545,1.22,0.92,ml,22,73,0.02267,0.07,uw,uw61929691,2023-06-01T21:15:16.090Z,"23 km ENE of Ashford, Washington",earthquake,0.19,0.4,0.1734818712676257,14,reviewed,uw,uw
2023-06-01T10:12:54.130Z,55.3926666666667,-161.765833333333,11.28,0.03,ml,5,194,,0.33,av,av91106308,2023-06-03T03:05:09.460Z,"51 km NE of King Cove, Alaska",earthquake,1.85,2.06,0.268970923622107,4,reviewed,av,av
2023-06-01T10:10:43.720Z,32.7185,-116.6196667,11.55,1.07,ml,17,107,0.05855,0.12,ci,ci40239655,2023-06-01T13:25:03.636Z,"14km SW of Pine Valley, CA",earthquake,0.28,0.56,0.254,8,reviewed,ci,ci
2023-06-01T10:07:33.652Z,61.3792,-150.1306,29,1.4,ml,,,,0.77,ak,ak0236zjonnh,2023-06-07T21:05:14.742Z,"Southern Alaska",earthquake,,0.5,,,reviewed,ak,ak
2023-06-01T10:06:21.420Z,19.4325,-155.224166666667,1.99,0.51,md,14,214,,0.11,hv,hv73433742,2023-06-01T23:16:05.440Z,"1 km SE of Volcano, Hawaii",earthquake,0.5,0.35,0.106252520199028,2,reviewed,hv,hv
2023-06-01T10:05:29.132Z,63.5436,-150.8613,9.1,1.8,ml,,,,0.78,ak,ak0236zjo7x9,2023-06-07T21:05:14.508Z,"Central Alaska",earthquake,,0.1,,,reviewed,ak,ak
2023-06-01T10:03:08.500Z,38.8025017,-122.7798309,1.47,0.92,md,19,66,0.01076,0.02,nc,nc73895021,2023-06-01T10:28:11.472Z,"4km NW of The Geysers, CA",earthquake,0.23,0.35,0.19,20,automatic,nc,nc
2023-06-01T10:02:09.360Z,14.6858,-90.6282,209.293,4.6,mb,61,148,1.133,0.74,us,us7000k5gi,2023-06-01T10:47:23.040Z,"1 km E of San Pedro Sacatepéquez, Guatemala",earthquake,7.43,7.728,0.046,141,reviewed,us,us
2023-06-01T10:00:10.295Z,-5.7721,152.0588,38.723,4.9,mb,38,129,6.05,0.7,us,us7000k5gj,2023-06-01T10:23:46.040Z,"159 km S of Kokopo, Papua New Guinea",earthquake,14.75,7.964,0.064,118,reviewed,us,us
2023-06-01T09:58:33.396Z,60.0194,-152.9689,122.1,1.7,ml,,,,0.61,ak,ak0236zje5m3,2023-06-07T21:05:19.064Z,"68 km ENE of Pedro Bay, Alaska",earthquake,,0.2,,,reviewed,ak,ak
2023-06-01T09:56:16.730Z,36.3121667,-120.521,8.43,1.54,md,28,72,0.1248,0.13,nc,nc73895016,2023-06-01T20:42:17.320Z,"18km SE of New Idria, CA",earthquake,0.41,0.81,0.328,27,reviewed,nc,nc
2023-06-01T09:48:31.590Z,19.2228336334229,-155.390335083008,33.0900001525879,1.98,ml,51,151,,0.140000001,hv,hv73433707,2023-06-01T09:54:04.440Z,"9 km ENE of Pāhala, Hawaii",earthquake,0.52,0.699999988,3.9,5,automatic,hv,hv
2023-06-01T09:42:24.440Z,33.3531667,-116.373,10.68,0.71,ml,30,141,0.02682,0.16,ci,ci40239647,2023-06-06T21:56:41.667Z,"11km N of Borrego Springs, CA",earthquake,0.24,0.35,0.193,14,reviewed,ci,ci
2023-06-01T09:41:09.723Z,59.4782,-151.9197,70.5,2.9,ml,,,,0.91,ak,ak0236zjagjx,2023-06-07T21:05:14.121Z,"12 km WNW of Seldovia, Alaska",earthquake,,0.2,,,reviewed,ak,ak
2023-06-01T09:38:48.800Z,38.8218333,-122.8521667,2.8,1.23,md,45,55,0.006785,0.04,nc,nc73895011,2023-06-02T00:00:11.642Z,"10km WNW of The Geysers, CA",earthquake,0.16,0.27,0.199,37,reviewed,nc,nc
2023-06-01T09:37:57.150Z,58.1798333333333,-155.314666666667,2.02,0.26,ml,9,105,,0.07,av,av91906646,2023-06-07T21:03:51.433Z,"85 km NW of Karluk, Alaska",earthquake,0.2,0.37,0.226712928244742,10,reviewed,av,av
2023-06-01T09:37:17.490Z,58.1778333333333,-155.315833333333,0.23,-0.33,ml,7,106,,0.07,av,av91906651,2023-06-03T01:05:52.080Z,"84 km NW of Karluk, Alaska",earthquake,0.21,1.56,0.362796908604769,7,reviewed,av,av
2023-06-01T09:34:04.350Z,58.1781666666667,-155.314666666667,0.82,-0.48,ml,7,106,,0.03,av,av91906636,2023-06-03T01:08:14.910Z,"84 km NW of Karluk, Alaska",earthquake,0.2,0.91,0.239640372927302,7,reviewed,av,av
2023-06-01T09:32:24.120Z,33.0283333,-115.9981667,7.42,1.55,ml,43,43,0.1432,0.16,ci,ci40239639,2023-06-06T21:35:29.563Z,"18km SE of Ocotillo Wells, CA",earthquake,0.17,0.69,0.165,23,reviewed,ci,ci
2023-06-01T09:29:05.490Z,34.1151667,-117.8386667,12.3,0.99,ml,33,88,0.03506,0.2,ci,ci40239631,2023-06-06T20:48:52.171Z,"2km NNE of Charter Oak, CA",earthquake,0.28,0.45,0.156,14,reviewed,ci,ci
2023-06-01T09:28:33.499Z,61.04,-152.4168,111.4,1.7,ml,,,,0.77,ak,ak0236zj7q2d,2023-06-07T21:05:13.869Z,"69 km W of Tyonek, Alaska",earthquake,,0.3,,,reviewed,ak,ak
2023-06-01T09:24:21.170Z,19.4035,-155.271166666667,0.93,1.94,ml,21,43,,0.11,hv,hv73433677,2023-06-01T23:43:10.080Z,"5 km SW of Volcano, Hawaii",earthquake,0.15,0.2,0.165021233337361,14,reviewed,hv,hv
2023-06-01T09:19:09.400Z,19.2625007629395,-155.395660400391,30.9599990844727,2.3,ml,51,127,,0.140000001,hv,hv73433672,2023-06-01T09:24:40.300Z,"10 km NE of Pāhala, Hawaii",earthquake,0.51,0.589999974,3.24,26,automatic,hv,hv
2023-06-01T09:16:14.940Z,38.831501,-122.8181686,1.49,0.93,md,12,69,0.01027,0.01,nc,nc73895006,2023-06-01T09:54:13.273Z,"8km NW of The Geysers, CA",earthquake,0.28,0.59,0.25,13,automatic,nc,nc
2023-06-01T09:07:22.625Z,65.8678,-156.365,18,1.1,ml,,,,0.8,ak,ak0236zj379i,2023-06-07T21:05:18.880Z,"18 km N of Huslia, Alaska",earthquake,,0.3,,,reviewed,ak,ak
2023-06-01T09:07:09.740Z,58.2453333333333,-155.0715,4.42,-0.14,ml,11,104,,0.17,av,av91906621,2023-06-03T01:37:35.030Z,"83 km NNW of Karluk, Alaska",earthquake,0.35,0.71,0.213151962970229,11,reviewed,av,av
2023-06-01T09:05:49.280Z,32.8903333,-116.2766667,5.95,0.88,ml,33,79,0.06791,0.17,ci,ci40239623,2023-06-06T20:29:25.486Z,"25km ENE of Pine Valley, CA",earthquake,0.2,0.84,0.158,11,reviewed,ci,ci
2023-06-01T09:05:49.083Z,36.7282,-116.0536,6.2,-0.3,ml,10,95.83,0.034,0.0678,nn,nn00860610,2023-06-01T15:36:03.426Z,"38 km WNW of Indian Springs, Nevada",earthquake,,1.6,0.41,5,reviewed,nn,nn
2023-06-01T09:04:05.810Z,58.4303333333333,-154.378,3.72,-0.42,ml,4,313,,0.16,av,av91106273,2023-06-03T01:50:47.410Z,"Alaska Peninsula",earthquake,1.23,2.39,0.169099622908028,4,reviewed,av,av
2023-06-01T09:03:07.356Z,57.8977,-154.6161,71.2,1.6,ml,,,,0.69,ak,ak0236zj2big,2023-06-07T21:05:13.662Z,"37 km NNW of Karluk, Alaska",earthquake,,0.2,,,reviewed,ak,ak
2023-06-01T09:00:31.580Z,58.1678333333333,-155.359,1.27,-1.02,ml,5,129,,0.04,av,av91906611,2023-06-07T21:03:46.963Z,"85 km NW of Karluk, Alaska",earthquake,0.2,1.25,0.174270402332886,5,reviewed,av,av
2023-06-01T09:00:01.010Z,58.192,-155.291666666667,2.58,-0.3,ml,8,102,,0.06,av,av91906606,2023-06-03T01:46:24.370Z,"85 km NW of Karluk, Alaska",earthquake,0.23,0.36,0.117474462738172,7,reviewed,av,av
2023-06-01T08:57:15.840Z,40.5193333,-124.436,17.91,3.04,ml,28,219,0.08692,0.16,nc,nc73894986,2023-06-25T11:13:38.040Z,"16km WSW of Ferndale, CA",earthquake,0.82,0.41,0.25,25,reviewed,nc,nc
2023-06-01T08:56:46.890Z,37.2863,-117.581,7.1,1,ml,9,128.67,0.074,0.1831,nn,nn00860599,2023-06-01T15:17:16.626Z,"52 km S of Silver Peak, Nevada",earthquake,,3.5,0.97,6,reviewed,nn,nn
2023-06-01T08:53:25.440Z,63.0027,-149.5719,76.5,1.9,ml,,,,0.64,ak,ak0236zirmwh,2023-06-07T21:05:13.359Z,"53 km SW of Cantwell, Alaska",earthquake,,0.3,,,reviewed,ak,ak
2023-06-01T08:52:31.310Z,33.9853333,-118.6841667,14.68,1.41,ml,17,123,0.08028,0.12,ci,ci40239615,2023-06-06T19:59:26.316Z,"5km S of Malibu Beach, CA",earthquake,0.32,0.37,0.208,14,reviewed,ci,ci
2023-06-01T08:51:21.120Z,58.1991666666667,-155.282833333333,1.72,-0.76,ml,4,242,,0.02,av,av91906596,2023-06-03T00:00:26.760Z,"85 km NW of Karluk, Alaska",earthquake,0.76,0.62,0.257189221692078,4,reviewed,av,av
2023-06-01T08:50:39.710Z,58.1751666666667,-155.300666666667,1.98,0.25,ml,10,103,,0.07,av,av91906591,2023-06-07T21:03:44.624Z,"84 km NW of Karluk, Alaska",earthquake,0.21,0.41,0.158924431759703,11,reviewed,av,av
2023-06-01T08:50:29.240Z,58.1765,-155.299333333333,2.12,-0.53,ml,6,101,,0.12,av,av91106258,2023-06-03T00:08:00.850Z,"84 km NW of Karluk, Alaska",earthquake,0.29,1.06,0.151266856354731,6,reviewed,av,av
2023-06-01T08:49:06.034Z,-5.6476,151.842,10,4.8,mb,74,109,1.482,0.47,us,us7000k5g9,2023-06-25T10:59:40.040Z,"151 km SSW of Kokopo, Papua New Guinea",earthquake,9.22,1.794,0.066,112,reviewed,us,us
2023-06-01T08:43:23.500Z,58.1791666666667,-155.3415,-0.95,-0.3,ml,7,113,,0.06,av,av91106263,2023-06-03T00:16:00.800Z,"85 km NW of Karluk, Alaska",earthquake,0.2,31.61,0.177132064900569,7,reviewed,av,av
2023-06-01T08:43:10.050Z,58.1751666666667,-155.319166666667,0.71,-0.47,ml,6,109,,0.03,av,av91906586,2023-06-03T00:13:22.370Z,"84 km NW of Karluk, Alaska",earthquake,0.19,1.1,0.258103007810883,6,reviewed,av,av
2023-06-01T08:41:55.310Z,58.2276666666667,-155.121833333333,-1.07,-0.22,ml,8,95,,0.17,av,av91106268,2023-06-03T00:26:26.140Z,"83 km NNW of Karluk, Alaska",earthquake,0.33,7.06,0.248769559844258,8,reviewed,av,av
2023-06-01T08:41:52.750Z,58.1808333333333,-155.3165,1.02,-0.47,ml,4,161,,0.01,av,av91906581,2023-06-03T00:23:34.150Z,"85 km NW of Karluk, Alaska",earthquake,0.25,0.95,0.369086401832867,4,reviewed,av,av
2023-06-01T08:40:42.733Z,-5.8377,152.1526,10,4.6,mb,39,145,1.636,0.51,us,us7000k5g7,2023-06-25T10:38:50.040Z,"New Britain region, Papua New Guinea",earthquake,10.14,1.902,0.069,70,reviewed,us,us
2023-06-01T08:32:13.680Z,38.7811661,-122.7643356,0.95,0.96,md,11,85,0.01976,0.04,nc,nc73894976,2023-06-01T09:54:13.401Z,"1km WNW of The Geysers, CA",earthquake,0.27,0.7,0.27,12,automatic,nc,nc
2023-06-01T08:27:18.890Z,33.845,-116.9306667,13.07,0.82,ml,21,216,0.1487,0.09,ci,ci40239607,2023-06-01T13:25:58.128Z,"7km NNE of San Jacinto, CA",earthquake,0.88,0.9,0.142,21,reviewed,ci,ci
2023-06-01T08:21:49.480Z,32.6471667,-115.9755,10.38,1.02,ml,22,63,0.04491,0.12,ci,ci40239599,2023-06-06T19:35:53.149Z,"10km S of Ocotillo, CA",earthquake,0.25,0.33,0.283,6,reviewed,ci,ci
2023-06-01T08:20:16.995Z,51.594,-177.0325,71.657,2.8,ml,17,210,0.21,0.3,us,us7000k707,2023-06-24T12:52:55.040Z,"41 km SW of Adak, Alaska",earthquake,6.71,7.2,0.105,12,reviewed,us,us
2023-06-01T08:14:05.721Z,60.0044,-146.8978,20,1.2,ml,,,,0.89,ak,ak0236zij8ax,2023-06-07T21:05:12.922Z,"62 km E of Chenega, Alaska",earthquake,,0.5,,,reviewed,ak,ak
2023-06-01T08:13:31.651Z,40.2068,-119.8182,1.8,0.7,ml,3,248.35,0.076,0.0975,nn,nn00860696,2023-06-02T16:58:35.354Z,"27 km ENE of Herlong, California",earthquake,,41,0.41,3,reviewed,nn,nn
2023-06-01T08:08:28.360Z,58.1641666666667,-155.328333333333,2.42,0.5,ml,10,119,,0.07,av,av91906561,2023-06-07T21:03:35.601Z,"84 km NW of Karluk, Alaska",earthquake,0.19,0.41,0.286475518189216,10,reviewed,av,av
2023-06-01T08:07:10.544Z,67.379,-163.6561,15.6,1.9,ml,,,,0.63,ak,ak0236zihqq7,2023-06-10T23:11:32.179Z,"36 km SW of Noatak, Alaska",earthquake,,0.3,,,reviewed,ak,ak
2023-06-01T08:00:25.690Z,58.1836666666667,-155.276833333333,1.57,0.11,ml,9,91,,0.07,av,av91906551,2023-06-03T00:34:42.080Z,"84 km NW of Karluk, Alaska",earthquake,0.2,0.79,0.241247184221197,9,reviewed,av,av
2023-06-01T07:59:41.270Z,58.191,-155.278333333333,2.91,-0.42,ml,6,141,,0.08,av,av91906546,2023-06-02T23:28:27.350Z,"84 km NW of Karluk, Alaska",earthquake,0.32,0.76,0.153491709102241,6,reviewed,av,av
2023-06-01T07:59:09.891Z,37.2842,-117.5757,5.7,1.9,ml,13,96.57,0.076,0.1728,nn,nn00860597,2023-06-01T15:10:57.219Z,"52 km S of Silver Peak, Nevada",earthquake,,2.3,1.03,8,reviewed,nn,nn
2023-06-01T07:52:53.510Z,51.863,-177.8755,7.97,0.63,ml,4,166,,0.09,av,av91106278,2023-06-03T01:56:45.210Z,"85 km W of Adak, Alaska",earthquake,0.87,1.16,0.337272165047496,4,reviewed,av,av
2023-06-01T07:49:40.920Z,38.7973328,-122.779335,-0.09,1.11,md,16,82,0.007886,0.04,nc,nc73894971,2023-06-01T09:26:21.233Z,"3km NW of The Geysers, CA",earthquake,0.18,0.5,0.12,19,automatic,nc,nc
2023-06-01T07:45:23.800Z,38.784668,-122.7401657,0.86,0.76,md,8,118,0.003045,0.02,nc,nc73894966,2023-06-01T08:59:15.960Z,"2km ENE of The Geysers, CA",earthquake,0.6,1.39,0.04,8,automatic,nc,nc
2023-06-01T07:45:22.078Z,60.0765,-152.2698,70.7,1.4,ml,,,,0.39,ak,ak0236zi4h5e,2023-06-06T23:38:10.974Z,"33 km WNW of Happy Valley, Alaska",earthquake,,0.4,,,reviewed,ak,ak
2023-06-01T07:42:29.722Z,-6.9614,129.4855,174.588,4.4,mb,43,60,2.459,0.62,us,us7000k5g4,2023-06-25T07:09:22.040Z,"Banda Sea",earthquake,7.22,6.099,0.092,34,reviewed,us,us
2023-06-01T07:19:55.446Z,67.3626,-163.788,11,1.5,ml,,,,0.54,ak,ak0236zhyz6g,2023-06-06T23:38:13.570Z,"42 km SW of Noatak, Alaska",earthquake,,0.9,,,reviewed,ak,ak
2023-06-01T07:16:50.020Z,34.1561667,-117.4255,5.19,1.72,ml,87,18,0.03638,0.19,ci,ci40239583,2023-06-08T15:54:57.174Z,"7km NNE of Fontana, CA",earthquake,0.13,0.33,0.154,22,reviewed,ci,ci
2023-06-01T07:16:46.890Z,34.153,-117.4216667,4.63,0.62,ml,25,76,0.03979,0.13,ci,ci40239575,2023-06-08T17:29:48.339Z,"7km NNE of Fontana, CA",earthquake,0.28,0.62,0.131,2,reviewed,ci,ci
2023-06-01T07:11:10.420Z,19.3961658477783,-155.269500732422,1.53999996185303,1.93,ml,24,41,,0.219999999,hv,hv73433522,2023-06-01T07:16:41.880Z,"6 km SW of Volcano, Hawaii",earthquake,0.27,0.310000002,0.36,10,automatic,hv,hv
2023-06-01T07:07:38.050Z,34.0296667,-117.2358333,10.13,1.26,ml,9,175,0.09417,0.16,ci,ci40239567,2023-06-01T15:25:48.202Z,"3km SE of Loma Linda, CA",earthquake,0.53,0.98,0.062,2,reviewed,ci,ci
2023-06-01T07:05:25.859Z,35.1155,-97.5755,5.6,1.74,ml,90,33,0.06118799283,0.3,ok,ok2023kqkz,2023-06-01T12:42:26.484Z,"1 km N of Cole, Oklahoma",earthquake,,0.6,0.21,42,reviewed,ok,ok
2023-06-01T07:05:25.380Z,33.3025,-116.324,11.74,1.47,ml,70,19,0.04346,0.18,ci,ci40239559,2023-06-06T19:26:27.170Z,"7km NE of Borrego Springs, CA",earthquake,0.16,0.29,0.184,25,reviewed,ci,ci
2023-06-01T07:02:49.580Z,58.1611666666667,-155.355833333333,1.98,-0.23,ml,7,193,,0.09,av,av91906496,2023-06-02T23:38:40.950Z,"84 km NW of Karluk, Alaska",earthquake,0.29,0.48,0.178196405011996,7,reviewed,av,av
2023-06-01T07:00:44.965Z,61.5095,-140.7381,1.1,1.1,ml,,,,0.62,ak,ak0236zhuvri,2023-06-06T23:38:10.742Z,"116 km E of McCarthy, Alaska",earthquake,,0.4,,,reviewed,ak,ak
2023-06-01T07:00:31.510Z,58.1786666666667,-155.329,1.59,-0.04,ml,9,166,,0.07,av,av91906491,2023-06-02T23:41:01.620Z,"85 km NW of Karluk, Alaska",earthquake,0.22,0.38,0.217652030071947,9,reviewed,av,av
2023-06-01T06:58:42.980Z,33.4918333,-116.4773333,13.58,0.36,ml,21,99,0.05341,0.15,ci,ci40239551,2023-06-06T18:13:35.525Z,"20km ESE of Anza, CA",earthquake,0.28,0.61,0.172,12,reviewed,ci,ci
2023-06-01T06:57:41.520Z,18.0181666666667,-66.8215,15,2.07,md,8,150,0.06971,0.16,pr,pr71411953,2023-06-01T07:05:27.980Z,"2 km N of Indios, Puerto Rico",earthquake,0.52,1.06,0.0502742605182576,5,reviewed,pr,pr
2023-06-01T06:46:13.228Z,60.3098,-152.2277,87.4,1.6,ml,,,,0.62,ak,ak0236zhj8ni,2023-06-06T23:38:10.471Z,"42 km NW of Ninilchik, Alaska",earthquake,,0.4,,,reviewed,ak,ak
2023-06-01T06:44:36.060Z,38.8156667,-122.8076667,3.49,1.7,md,52,21,0.007943,0.06,nc,nc73894951,2023-06-01T20:00:15.089Z,"6km NW of The Geysers, CA",earthquake,0.15,0.23,0.135,47,reviewed,nc,nc
2023-06-01T06:42:08.750Z,58.177,-155.379333333333,2.18,-0.68,ml,6,236,,0.07,av,av91906471,2023-06-02T22:20:45.780Z,"87 km NW of Karluk, Alaska",earthquake,0.58,0.39,0.0898811760765201,6,reviewed,av,av
2023-06-01T06:39:36.400Z,19.1681671142578,-155.504501342773,33.7299995422363,2.01999998,md,45,102,,0.140000001,hv,hv73433487,2023-06-01T06:42:47.360Z,"4 km SW of Pāhala, Hawaii",earthquake,0.56,0.939999998,1.58000004,10,automatic,hv,hv
2023-06-01T06:37:50.340Z,61.0938,-140.4314,13.5,0.7,ml,,,,0.72,ak,ak0236zhhdva,2023-06-06T23:38:10.285Z,"138 km ESE of McCarthy, Alaska",earthquake,,0.3,,,reviewed,ak,ak
2023-06-01T06:32:03.880Z,58.1921666666667,-155.287333333333,2.33,0.22,ml,7,143,,0.05,av,av91906461,2023-06-02T22:24:34.070Z,"85 km NW of Karluk, Alaska",earthquake,0.27,0.48,0.413640974929073,8,reviewed,av,av
2023-06-01T06:28:16.320Z,35.70683333,-98.07633333,7,1.35,ml,66,59,0.1223759857,0.53,ok,ok2023kqju,2023-06-02T12:40:45.694Z,"9 km WSW of Okarche, Oklahoma",earthquake,,1.4,0.27,30,reviewed,ok,ok
2023-06-01T06:27:38.587Z,67.3287,-163.7336,12.6,1.7,ml,,,,1.13,ak,ak0236zhf7vl,2023-06-10T21:14:43.586Z,"42 km SW of Noatak, Alaska",earthquake,,1,,,reviewed,ak,ak
2023-06-01T06:26:21.530Z,34.019,-117.2276667,10.46,1.97,ml,96,27,0.08476,0.14,ci,ci40239535,2023-06-01T22:51:02.850Z,"4km SE of Loma Linda, CA",earthquake,0.11,0.24,0.179,26,reviewed,ci,ci
2023-06-01T06:26:20.730Z,58.1938333333333,-155.256833333333,2.49,-0.6,ml,7,133,,0.1,av,av91906451,2023-06-02T22:32:41.150Z,"84 km NW of Karluk, Alaska",earthquake,0.25,0.64,0.186700076980035,7,reviewed,av,av
2023-06-01T06:22:41.140Z,58.1956666666667,-155.266666666667,2.12,-0.17,ml,6,134,,0.04,av,av91106248,2023-06-02T22:37:23.860Z,"84 km NW of Karluk, Alaska",earthquake,0.23,0.76,0.302010096249381,6,reviewed,av,av
2023-06-01T06:22:28.610Z,58.1965,-155.266,2.49,-0.19,ml,7,134,,0.06,av,av91906446,2023-06-02T22:35:17.050Z,"84 km NW of Karluk, Alaska",earthquake,0.24,0.53,0.336803706589322,7,reviewed,av,av
2023-06-01T06:20:29.042Z,67.2996,-163.6732,9.4,3.3,ml,,,,0.8,ak,ak0236zhdpbs,2023-06-25T07:21:58.040Z,"42 km SW of Noatak, Alaska",earthquake,,1.1,,,reviewed,ak,ak
2023-06-01T06:18:30.050Z,58.19,-155.295166666667,2.2,-0.59,ml,6,147,,0.07,av,av91906441,2023-06-02T22:41:37.040Z,"85 km NW of Karluk, Alaska",earthquake,0.25,0.5,0.273210667218569,6,reviewed,av,av
2023-06-01T06:18:07.110Z,66.1262,-150.1273,15.2,1.1,ml,,,,0.89,ak,ak0236zhd82u,2023-06-06T23:38:09.610Z,"northern Alaska",earthquake,,0.2,,,reviewed,ak,ak
2023-06-01T06:16:18.590Z,33.3763333,-116.8713333,4.93,0.97,ml,39,38,0.0238,0.19,ci,ci40239527,2023-06-01T22:34:44.430Z,"2km NNW of Palomar Observatory, CA",earthquake,0.22,0.38,0.107,27,reviewed,ci,ci
2023-06-01T06:11:45.284Z,63.2755,-151.6015,1.8,0.8,ml,,,,1.03,ak,ak0236zhbt2p,2023-06-06T23:38:09.819Z,"Central Alaska",earthquake,,0.4,,,reviewed,ak,ak
2023-06-01T06:11:31.580Z,38.8185,-122.8078333,3.14,1.92,md,52,40,0.005192,0.05,nc,nc73894941,2023-06-01T21:09:15.464Z,"6km NW of The Geysers, CA",earthquake,0.14,0.23,0.182,44,reviewed,nc,nc
2023-06-01T06:11:25.300Z,38.8176651,-122.8081665,3.2,0.77,md,14,71,0.005912,0.02,nc,nc73894936,2023-06-01T07:07:13.323Z,"6km NW of The Geysers, CA",earthquake,0.34,0.73,0.13,15,automatic,nc,nc
2023-06-01T06:10:39.050Z,34.0196667,-117.2266667,10.56,1.41,ml,62,46,0.08488,0.13,ci,ci40239519,2023-06-01T22:28:18.143Z,"4km SE of Loma Linda, CA",earthquake,0.13,0.25,0.175,29,reviewed,ci,ci
2023-06-01T06:10:10.420Z,34.0181667,-117.2263333,11.02,1.39,ml,57,47,0.08346,0.13,ci,ci40239511,2023-06-01T22:09:25.800Z,"5km SE of Loma Linda, CA",earthquake,0.13,0.26,0.189,26,reviewed,ci,ci
2023-06-01T06:09:15.610Z,34.0248333,-117.2301667,10,0.8,ml,12,171,0.09079,0.16,ci,ci37525477,2023-06-01T21:42:01.776Z,"4km SE of Loma Linda, CA",earthquake,0.42,1.01,0.099,4,reviewed,ci,ci
2023-06-01T06:08:42.080Z,34.0198333,-117.2261667,10.73,1,ml,33,91,0.0848,0.14,ci,ci40239495,2023-06-01T21:31:15.538Z,"4km SE of Loma Linda, CA",earthquake,0.22,0.41,0.155,25,reviewed,ci,ci
2023-06-01T06:04:06.200Z,34.0193333,-117.228,10.96,1.01,ml,41,73,0.08518,0.14,ci,ci40239487,2023-06-01T21:20:05.723Z,"4km SE of Loma Linda, CA",earthquake,0.17,0.3,0.161,26,reviewed,ci,ci
2023-06-01T06:03:16.280Z,36.551,-121.0778333,10.46,1.79,md,36,128,0.04125,0.08,nc,nc73894931,2023-06-01T20:16:14.176Z,"6km ENE of Pinnacles, CA",earthquake,0.22,0.29,0.189,32,reviewed,nc,nc
2023-06-01T05:58:58.133Z,54.4291,-159.8191,10,2.8,ml,11,249,0.997,0.63,us,us7000k6rf,2023-06-24T12:59:34.040Z,"110 km SSE of Sand Point, Alaska",earthquake,5.62,2.016,0.148,6,reviewed,us,us
2023-06-01T05:50:31.636Z,61.1864,-146.9426,0,1.4,ml,,,,0.6,ak,ak0236zgypf3,2023-06-06T23:38:09.416Z,"32 km W of Valdez, Alaska",ice quake,,0,,,reviewed,ak,ak
2023-06-01T05:48:49.982Z,61.657,-150.0027,41.3,1.1,ml,,,,0.69,ak,ak0236zgyb8k,2023-06-06T23:38:09.194Z,"Southern Alaska",earthquake,,0.4,,,reviewed,ak,ak
2023-06-01T05:48:35.360Z,19.404167175293,-155.287338256836,2.14000010490417,1.87,md,23,46,,0.0900000036,hv,hv73433427,2023-06-01T05:51:32.760Z,"7 km SW of Volcano, Hawaii",earthquake,0.29,0.219999999,0.860000014,16,automatic,hv,hv
2023-06-01T05:46:43.460Z,33.339,-116.3478333,14.34,0.66,ml,20,185,0.09141,0.19,ci,ci40239471,2023-06-01T20:47:25.029Z,"10km NNE of Borrego Springs, CA",earthquake,0.57,1.03,0.12,13,reviewed,ci,ci
2023-06-01T05:41:21.760Z,58.1891666666667,-155.318166666667,1.21,-0.57,ml,7,152,,0.05,av,av91906421,2023-06-02T21:23:41.650Z,"Alaska Peninsula",earthquake,0.2,0.56,0.219624788557479,7,reviewed,av,av
2023-06-01T05:38:59.705Z,60.2777,-150.3656,37.7,1.2,ml,,,,0.42,ak,ak0236zgw6wi,2023-06-06T23:38:12.985Z,"33 km SE of Funny River, Alaska",earthquake,,0.7,,,reviewed,ak,ak
2023-06-01T05:31:24.370Z,38.8195,-122.8221664,2.05,0.51,md,12,86,0.01022,0.01,nc,nc73894926,2023-06-01T06:14:14.026Z,"7km NW of The Geysers, CA",earthquake,0.35,0.91,0.36,14,automatic,nc,nc
2023-06-01T05:30:34.155Z,57.126,-155.0411,47.3,1.8,ml,,,,0.35,ak,ak0236zguf6d,2023-06-10T21:14:42.931Z,"56 km WNW of Akhiok, Alaska",earthquake,,1.1,,,reviewed,ak,ak
2023-06-01T05:24:18.582Z,60.082,-140.3444,6.4,1.3,ml,,,,0.58,ak,ak0236zgt41y,2023-06-06T23:38:08.778Z,"68 km NNW of Yakutat, Alaska",earthquake,,0.2,,,reviewed,ak,ak
2023-06-01T05:13:08.130Z,38.788,-122.7113333,1.38,1.37,md,38,56,0.005808,0.04,nc,nc73894921,2023-06-01T19:06:15.755Z,"2km NW of Anderson Springs, CA",earthquake,0.17,0.27,0.12,34,reviewed,nc,nc
2023-06-01T05:07:27.680Z,58.2805,-154.995666666667,2.98,0.11,ml,13,129,,0.15,av,av91906366,2023-06-02T21:16:26.740Z,"85 km NNW of Karluk, Alaska",earthquake,0.28,0.71,0.323023843354663,13,reviewed,av,av
2023-06-01T05:02:54.255Z,61.8612,-149.1527,15,0.9,ml,,,,0.74,ak,ak0236zgog36,2023-06-06T23:38:08.564Z,"13 km NNE of Fishhook, Alaska",earthquake,,0.3,,,reviewed,ak,ak
2023-06-01T04:56:17.226Z,62.7147,-149.6742,14.8,0.8,ml,,,,0.59,ak,ak0236zgeiwv,2023-06-06T23:38:08.360Z,"36 km NE of Chase, Alaska",earthquake,,0.3,,,reviewed,ak,ak
2023-06-01T04:50:49.924Z,58.261,-154.9794,1.5,0.9,ml,,,,0.33,ak,ak0236zgdb5z,2023-06-10T21:14:42.745Z,"83 km NNW of Karluk, Alaska",earthquake,,0.7,,,reviewed,ak,ak
2023-06-01T04:49:30.848Z,65.412,-144.6802,6.2,1.7,ml,,,,0.89,ak,ak0236zgd212,2023-06-06T23:38:07.919Z,"18 km SSE of Central, Alaska",earthquake,,0.3,,,reviewed,ak,ak
2023-06-01T04:40:45.280Z,58.1913333333333,-155.295833333333,2.14,-0.19,ml,7,146,,0.07,av,av91906336,2023-06-02T20:57:34.720Z,"85 km NW of Karluk, Alaska",earthquake,0.3,0.37,0.28785126765463,7,reviewed,av,av
2023-06-01T04:40:32.550Z,53.386,-168.235,-0.96,0.02,ml,5,280,,0.18,av,av91106218,2023-06-02T21:03:48.590Z,"65 km NE of Nikolski, Alaska",earthquake,0.62,1.36,0.440521347308187,5,reviewed,av,av
2023-06-01T04:33:02.866Z,57.9281,-155.0327,77.8,1.9,ml,,,,0.47,ak,ak0236zg9k9f,2023-06-06T23:38:07.699Z,"52 km NW of Karluk, Alaska",earthquake,,0.6,,,reviewed,ak,ak
2023-06-01T04:24:08.650Z,18.1095,-67.1811666666667,15.86,2.4,md,9,224,0.1231,0.12,pr,pr71411948,2023-06-01T04:33:23.340Z,"3 km N of Puerto Real, Puerto Rico",earthquake,0.59,0.49,0.111259593005715,5,reviewed,pr,pr
2023-06-01T04:18:06.798Z,63.1172,-150.4967,109.3,1.8,ml,,,,0.65,ak,ak0236zg6cqs,2023-06-06T23:38:07.418Z,"70 km NNE of Petersville, Alaska",earthquake,,0.5,,,reviewed,ak,ak
2023-06-01T04:16:24.900Z,60.207,-153.336833333333,2.31,0.29,ml,7,233,,0.12,av,av91906316,2023-06-02T20:45:13.650Z,"54 km E of Port Alsworth, Alaska",earthquake,0.93,31.61,0.206878280724308,7,reviewed,av,av
2023-06-01T04:12:31.700Z,46.85616666666667,-121.75516666666667,1.66,0.19,ml,16,76,0.02147,0.06,uw,uw61929656,2023-06-01T21:51:14.930Z,"23 km ENE of Ashford, Washington",earthquake,0.26,0.43,0.2488273891633359,7,reviewed,uw,uw
2023-06-01T04:10:15.867Z,61.7753,-150.7447,60.9,1,ml,,,,0.31,ak,ak0236zg4nv6,2023-06-06T23:38:12.778Z,"28 km NNW of Susitna, Alaska",earthquake,,0.9,,,reviewed,ak,ak
2023-06-01T04:01:43.269Z,-5.6552,152.0016,46.835,4.5,mb,28,125,1.463,0.63,us,us7000k72w,2023-06-15T02:30:18.040Z,"",earthquake,11.49,8.59,0.118,21,reviewed,us,us
2023-06-01T03:52:44.686Z,-20.8342,-68.2657,199.229,4.2,mb,20,59,1.161,0.65,us,us7000k5f4,2023-06-15T01:49:44.040Z,"43 km N of Ollagüe, Chile",earthquake,7.02,9.74,0.216,6,reviewed,us,us
2023-06-01T03:51:08.968Z,-5.741,151.91,10,4.9,mb,42,79,1.56,0.4,us,us7000k5f5,2023-06-15T01:41:20.040Z,"159 km SSW of Kokopo, Papua New Guinea",earthquake,10.56,1.819,0.056,101,reviewed,us,us
2023-06-01T03:47:54.826Z,54.569,-168.1736,29.6,2,ml,,,,0.34,ak,ak0236zfr8re,2023-06-06T23:38:12.392Z,"130 km NW of Dutch Harbor, Alaska",earthquake,,3.9,,,reviewed,ak,ak
2023-06-01T03:45:39.003Z,54.411,-167.9531,16.6,1.9,ml,,,,0.63,ak,ak0236zfqs3w,2023-06-06T23:38:12.587Z,"108 km WNW of Dutch Harbor, Alaska",earthquake,,1,,,reviewed,ak,ak
2023-06-01T03:42:46.990Z,35.702,-98.06766667,4,1.63,ml,94,38,0.1277749262,0.29,ok,ok2023kqei,2023-06-01T13:10:01.119Z,"",earthquake,,0.8,0.23,49,reviewed,ok,ok
2023-06-01T03:41:20.716Z,31.64757716,-104.1105072,1.7869140619999997,1.8,ml,13,63,0.03614583414,0.1,tx,tx2023kqeg,2023-06-02T09:34:20.584Z,"47 km NW of Toyah, Texas",earthquake,0.6168439314,1.106327796,0.1,20,reviewed,tx,tx
2023-06-01T03:38:14.250Z,35.70733333,-98.07883333,5,1.13,ml,47,69,0.1205763388,0.34,ok,ok2023kqee,2023-06-02T12:30:16.588Z,"Oklahoma",earthquake,,1,0.25,20,reviewed,ok,ok
2023-06-01T03:30:53.868Z,25.9978,95.1144,39.076,4.2,mb,17,137,5.496,0.77,us,us7000k72v,2023-06-14T05:24:16.040Z,"41 km SE of Tuensang, India",earthquake,9.1,12.124,0.236,5,reviewed,us,us
2023-06-01T03:26:29.668Z,61.6447,-151.2975,9.8,1.2,ml,,,,0.83,ak,ak0236zfmosf,2023-06-06T23:38:07.194Z,"Southern Alaska",earthquake,,0.2,,,reviewed,ak,ak
2023-06-01T03:23:12.400Z,19.2081661224365,-155.382171630859,28.2399997711182,2.23,ml,49,158,,0.170000002,hv,hv73433297,2023-06-04T23:35:48.040Z,"Island of Hawaii, Hawaii",earthquake,0.55,0.720000029,3.19,21,automatic,hv,hv
2023-06-01T03:21:14.892Z,41.7695,71.8063,11.792,4.4,mb,73,44,0.119,0.68,us,us7000k5ex,2023-06-14T05:13:45.040Z,"Uzbekistan-Kyrgyzstan border region",earthquake,3.72,3.99,0.082,43,reviewed,us,us
2023-06-01T03:19:57.970Z,37.34,-122.2041667,9.17,1.03,md,9,68,0.02338,0.09,nc,nc73894911,2023-06-01T10:22:10.434Z,"6km SSE of Portola Valley, CA",earthquake,0.38,0.65,0.101,7,reviewed,nc,nc
2023-06-01T03:14:17.660Z,19.3763333333333,-155.287333333333,2,0.89,md,22,93,,0.1,hv,hv73433277,2023-06-01T04:06:59.900Z,"9 km SW of Volcano, Hawaii",earthquake,0.18,0.23,0.24339538573723,8,reviewed,hv,hv
2023-06-01T03:14:12.470Z,35.8666667,-117.6861667,9.69,0.93,ml,15,123,0.08611,0.09,ci,ci40239423,2023-06-13T21:34:01.851Z,"21km ESE of Little Lake, CA",earthquake,0.2,0.42,0.167,8,reviewed,ci,ci
2023-06-01T03:13:17.950Z,52.3718333333333,-174.144166666667,3.57,0.01,ml,4,276,,0.07,av,av91106203,2023-06-02T19:28:41.320Z,"19 km N of Atka, Alaska",earthquake,0.56,0.54,0.142828041074078,3,reviewed,av,av
2023-06-01T03:11:56.941Z,53.1343,-166.8419,25.6,1.7,ml,,,,0.28,ak,ak0236zfjj5a,2023-06-06T23:38:12.190Z,"84 km SSW of Unalaska, Alaska",earthquake,,2.8,,,reviewed,ak,ak
2023-06-01T03:03:32.314Z,39.8822,-120.6191,7.8,1.6,ml,9,276.31,0.2,0.1831,nn,nn00860596,2023-06-01T15:07:46.370Z,"Northern California",earthquake,,3.5,0.37,6,reviewed,nn,nn
2023-06-01T03:03:30.493Z,-18.5861,-177.484,630.838,4.2,mb,21,48,3.304,0.63,us,us7000k72u,2023-06-14T05:08:10.040Z,"",earthquake,15.33,8.854,0.186,11,reviewed,us,us
2023-06-01T03:01:56.120Z,19.387,-155.279166666667,0.89,0.91,md,17,67,,0.1,hv,hv73433267,2023-06-01T04:11:51.940Z,"7 km SW of Volcano, Hawaii",earthquake,0.13,0.15,0.130602046460082,4,reviewed,hv,hv
2023-06-01T03:01:38.761Z,61.5863,-148.298,14.7,0.9,ml,,,,0.55,ak,ak0236zfhcl2,2023-06-06T23:38:06.987Z,"25 km SSE of Chickaloon, Alaska",earthquake,,0.2,,,reviewed,ak,ak
2023-06-01T03:00:44.060Z,19.4023333333333,-155.2405,1.22,0.34,md,13,99,,0.07,hv,hv73433257,2023-06-01T04:16:14.140Z,"4 km S of Volcano, Hawaii",earthquake,0.18,0.26,0.0936451674693569,2,reviewed,hv,hv
2023-06-01T02:57:44.550Z,51.8578333333333,-178.071,-1.8,0.45,ml,4,191,,0.13,av,av91906261,2023-06-01T23:00:54.050Z,"",earthquake,0.45,1.2,0.574247460992611,4,reviewed,av,av
2023-06-01T02:47:35.990Z,19.3863333333333,-155.279,1.02,0.91,md,14,102,,0.07,hv,hv73433227,2023-06-01T04:19:25.280Z,"7 km SW of Volcano, Hawaii",earthquake,0.26,0.19,0.0132226441852729,5,reviewed,hv,hv
2023-06-01T02:42:41.342Z,-23.7054,-179.8818,539.494,4.4,mb,46,102,5.01,0.63,us,us7000k72t,2023-06-14T04:56:19.040Z,"south of the Fiji Islands",earthquake,14.83,7.197,0.114,22,reviewed,us,us
2023-06-01T02:41:11.964Z,12.8107,-88.8556,35,4.1,mb,39,192,0.835,0.72,us,us7000k5es,2023-06-14T04:37:10.040Z,"61 km SSW of Puerto El Triunfo, El Salvador",earthquake,6.1,1.999,0.107,24,reviewed,us,us
2023-06-01T02:40:59.727Z,61.5182,-146.5348,21.7,1,ml,,,,0.58,ak,ak0236zf4bge,2023-06-06T23:38:06.750Z,"Southern Alaska",earthquake,,0.5,,,reviewed,ak,ak
2023-06-01T02:40:23.796Z,-18.3774,-177.7363,612.378,4,mb,18,108,3.555,0.4,us,us7000k72s,2023-06-14T04:29:41.040Z,"Fiji region",earthquake,14.32,11.585,0.156,11,reviewed,us,us
2023-06-01T02:37:49.820Z,36.0318333,-120.6018333,-0.65,0.91,md,15,105,0.03718,0.09,nc,nc73894901,2023-06-01T16:03:15.612Z,"21km NW of Parkfield, CA",earthquake,0.34,1.06,0.196,5,reviewed,nc,nc
2023-06-01T02:33:32.800Z,19.6315,-65.7171,58,3.96,md,14,282,1.3723,0.4,pr,pr2023152000,2023-06-02T04:12:47.040Z,"133 km N of Suárez, Puerto Rico",earthquake,4.01,13.7,0.1,11,reviewed,pr,pr
2023-06-01T02:30:24.880Z,37.5706667,-118.8421667,4.46,0.99,md,17,151,0.02193,0.02,nc,nc73894896,2023-06-01T10:40:12.548Z,"14km ESE of Mammoth Lakes, CA",earthquake,0.52,0.54,0.126,16,reviewed,nc,nc
2023-06-01T02:28:29.857Z,30.0562,129.8259,10,4.4,mb,42,121,1.546,1.08,us,us7000k5eq,2023-06-14T02:58:24.040Z,"62 km WSW of Kurio, Japan",earthquake,8.89,1.885,0.112,23,reviewed,us,us
2023-06-01T02:28:15.909Z,58.7401,-152.7583,54.9,1.4,ml,,,,0.78,ak,ak0236zf1njq,2023-06-06T23:38:11.994Z,"76 km N of Aleneva, Alaska",earthquake,,1.5,,,reviewed,ak,ak
2023-06-01T02:19:23.039Z,35.69916667,-98.09233333,6.6,1.33,ml,62,73,0.1079788109,0.48,ok,ok2023kqbo,2023-06-01T13:14:57.675Z,"10 km WSW of Okarche, Oklahoma",earthquake,,1.2,0.22,31,reviewed,ok,ok
2023-06-01T02:15:53.830Z,33.812,-118.171,7.67,2.67,ml,88,66,0.03166,0.29,ci,ci40239415,2023-06-13T15:58:19.811Z,"1km NNW of Signal Hill, CA",earthquake,0.26,0.48,0.243,28,reviewed,ci,ci
2023-06-01T02:10:49.069Z,64.6989,-148.1435,12.7,2.1,ml,,,,0.76,ak,ak0236zexv7f,2023-06-06T23:41:01.228Z,"17 km SSW of Ester, Alaska",earthquake,,0.1,,,reviewed,ak,ak
2023-06-01T02:08:12.990Z,53.3918333333333,-168.244833333333,5.29,0.06,ml,4,288,,0.19,av,av91906236,2023-06-02T04:20:09.180Z,"65 km NE of Nikolski, Alaska",earthquake,2.08,2.88,0.402703401030743,4,reviewed,av,av
2023-06-01T02:08:07.501Z,61.4501,-151.8227,96.5,1.1,ml,,,,0.39,ak,ak0236zexcku,2023-06-06T23:38:11.797Z,"52 km NW of Beluga, Alaska",earthquake,,0.8,,,reviewed,ak,ak
2023-06-01T02:07:37.885Z,36.7915,-116.0805,3.8,-0.1,ml,10,155.17,0.021,0.0834,nn,nn00860609,2023-06-01T15:32:54.359Z,"44 km NW of Indian Springs, Nevada",earthquake,,1.7,0.48,5,reviewed,nn,nn
2023-06-01T01:58:34.469Z,54.3833,-160.9105,4.9,2.4,ml,,,,0.71,ak,ak0236zemp7k,2023-06-06T23:38:06.280Z,"109 km SSW of Sand Point, Alaska",earthquake,,1.2,,,reviewed,ak,ak
2023-06-01T01:56:54.060Z,60.0513333333333,-153.074833333333,1.2,-0.23,ml,5,119,,0.1,av,av91906226,2023-06-01T21:09:05.550Z,"Southern Alaska",earthquake,0.87,0.48,0.357073516294593,5,reviewed,av,av
2023-06-01T01:51:47.310Z,17.9503333333333,-66.9303333333333,9.83,2.22,md,5,211,0.05448,0.09,pr,pr71411923,2023-06-01T02:01:13.270Z,"3 km SW of Guánica, Puerto Rico",earthquake,0.68,0.55,0.224360398540097,5,reviewed,pr,pr
2023-06-01T01:40:29.940Z,58.1865,-155.3075,0.97,-0.53,ml,6,154,,0.07,av,av91906211,2023-06-01T21:12:17.420Z,"85 km NW of Karluk, Alaska",earthquake,0.23,0.76,0.226641515355105,6,reviewed,av,av
2023-06-01T01:29:10.130Z,34.2351667,-117.4951667,7.97,0.76,ml,19,88,0.01061,0.2,ci,ci40239407,2023-06-01T15:01:15.797Z,"3km S of Lytle Creek, CA",earthquake,0.32,0.53,0.153,7,reviewed,ci,ci
2023-06-01T01:20:27.830Z,58.2933333333333,-155.0125,2.84,-0.9,ml,4,209,,0.08,av,av91105828,2023-06-01T21:18:15.950Z,"Alaska Peninsula",earthquake,0.84,0.48,0.12897072898998,4,reviewed,av,av
2023-06-01T01:19:14.960Z,58.2088333333333,-155.2055,3.97,-0.19,ml,11,68,,0.13,av,av91906201,2023-06-01T21:15:13.480Z,"84 km NNW of Karluk, Alaska",earthquake,0.26,0.73,0.229052728987006,11,reviewed,av,av
2023-06-01T01:18:30.981Z,23.9601,122.562,25.263,4.2,mb,32,74,0.651,0.53,us,us7000k5eh,2023-06-14T02:34:25.040Z,"71 km SW of Yonakuni, Japan",earthquake,4.15,4.676,0.136,15,reviewed,us,us
2023-06-01T01:18:30.966Z,60.2604,-141.3001,0,1.1,ml,,,,0.68,ak,ak0236zee3z6,2023-06-06T23:38:06.089Z,"118 km NW of Yakutat, Alaska",ice quake,,0,,,reviewed,ak,ak
2023-06-01T01:17:01.650Z,33.6751667,-116.7273333,14.91,0.53,ml,18,97,0.03755,0.08,ci,ci40239399,2023-06-13T21:28:51.876Z,"7km S of Idyllwild, CA",earthquake,0.26,0.33,0.138,11,reviewed,ci,ci
2023-06-01T01:16:43.620Z,58.1708333333333,-155.339666666667,0.53,-0.31,ml,9,119,,0.08,av,av91906196,2023-06-01T21:33:54.750Z,"85 km NW of Karluk, Alaska",earthquake,0.22,1.41,0.350635040776149,9,reviewed,av,av
2023-06-01T01:16:25.280Z,38.831501,-122.8176651,1.88,0.78,md,10,80,0.01003,0.01,nc,nc73894886,2023-06-01T01:34:11.347Z,"8km NW of The Geysers, CA",earthquake,0.4,1.42,0.13,11,automatic,nc,nc
2023-06-01T01:15:53.090Z,58.1908333333333,-155.288833333333,2.34,-0.09,ml,9,91,,0.07,av,av91906191,2023-06-01T21:27:55.870Z,"85 km NW of Karluk, Alaska",earthquake,0.2,0.46,0.33005065136376,9,reviewed,av,av
2023-06-01T01:15:42.760Z,58.1893333333333,-155.290833333333,1.53,-0.49,ml,5,147,,0.04,av,av91105833,2023-06-01T21:30:57.720Z,"85 km NW of Karluk, Alaska",earthquake,0.23,0.74,0.27157323786272,5,reviewed,av,av
2023-06-01T01:13:09.947Z,63.5386,-147.2521,0.3,1.4,ml,,,,0.93,ak,ak0236zeczry,2023-06-06T23:38:05.845Z,"85 km ESE of Denali Park, Alaska",earthquake,,0.3,,,reviewed,ak,ak
2023-06-01T01:12:24.178Z,58.2071,-155.2822,1.4,1.8,ml,,,,0.71,ak,ak0236zect45,2023-06-10T21:14:42.544Z,"86 km NW of Karluk, Alaska",earthquake,,0.2,,,reviewed,ak,ak
2023-06-01T01:12:00.712Z,60.4296,-151.9711,83.2,1.2,ml,,,,0.31,ak,ak0236zecrbb,2023-06-06T23:38:11.588Z,"37 km W of Cohoe, Alaska",earthquake,,1.1,,,reviewed,ak,ak
2023-06-01T01:08:48.370Z,47.0096666666667,-113.049,5.7,0.7,ml,8,126,0.06535,0.04,mb,mb90016663,2023-06-02T22:41:02.480Z,"6 km E of Ovando, Montana",earthquake,0.46,1.09,0.197048835008077,5,reviewed,mb,mb
2023-06-01T01:08:41.579Z,63.2328,-150.6987,122.5,1.1,ml,,,,0.35,ak,ak0236zebzlp,2023-06-06T23:38:11.391Z,"61 km SE of Denali National Park, Alaska",earthquake,,0.9,,,reviewed,ak,ak
2023-06-01T01:06:45.720Z,38.7803345,-122.7570038,1.19,0.87,md,8,97,0.01178,0.01,nc,nc73894876,2023-06-01T02:00:16.515Z,"0km N of The Geysers, CA",earthquake,0.43,0.63,0.48,8,automatic,nc,nc
2023-06-01T01:06:16.581Z,37.2696,-117.5935,7.3,1.1,ml,7,124.98,0.056,0.1226,nn,nn00860593,2023-06-01T15:04:34.593Z,"53 km S of Silver Peak, Nevada",earthquake,,4.8,1.12,6,reviewed,nn,nn
2023-06-01T01:05:21.780Z,19.2396666666667,-155.381666666667,30.39,1.45,md,22,218,,0.1,hv,hv73433092,2023-06-02T01:48:46.290Z,"10 km ENE of Pāhala, Hawaii",earthquake,0.69,0.7,0.0264348375216379,8,reviewed,hv,hv
2023-06-01T01:04:46.240Z,36.6865,-121.3275,3.01,1.28,md,21,134,0.0259,0.1,nc,nc73894871,2023-06-01T19:48:17.013Z,"12km S of Tres Pinos, CA",earthquake,0.27,0.41,0.17,18,reviewed,nc,nc
2023-06-01T01:01:49.341Z,36.7088,-116.0721,5.6,-0.4,ml,8,164.43,0.025,0.0884,nn,nn00860607,2023-06-02T17:57:46.791Z,"39 km WNW of Indian Springs, Nevada",earthquake,,1.7,0.09,3,reviewed,nn,nn
2023-06-01T00:55:49.517Z,60.7951,-151.6377,73.9,1.6,ml,,,,0.6,ak,ak0236ze0n6j,2023-06-06T23:38:05.385Z,"22 km WNW of Nikiski, Alaska",earthquake,,0.6,,,reviewed,ak,ak
2023-06-01T00:47:01.168Z,54.1821,-162.472,10,2.5,ml,14,219,0.796,0.74,us,us7000k6rd,2023-06-13T05:35:25.040Z,"Alaska Peninsula",earthquake,3.35,2.005,0.148,6,reviewed,us,us
2023-06-01T00:44:35.730Z,36.5485,71.2749,64.982,4.2,mb,31,136,2.771,0.44,us,us7000k5ed,2023-06-03T22:33:05.040Z,"27 km WSW of Ashkāsham, Afghanistan",earthquake,8.8,6.393,0.131,16,reviewed,us,us
2023-06-01T00:31:35.180Z,33.4651667,-116.578,8.93,0.33,ml,15,131,0.03573,0.09,ci,ci40239375,2023-06-01T14:49:01.003Z,"13km SE of Anza, CA",earthquake,0.23,0.4,0.104,3,reviewed,ci,ci
2023-06-01T00:25:31.000Z,40.4675,-124.7641667,23.56,2.64,md,45,234,0.3256,0.16,nc,nc73894866,2023-06-03T22:11:31.040Z,"44km WNW of Petrolia, CA",earthquake,1.06,3.57,0.25,38,reviewed,nc,nc
2023-06-01T00:13:55.580Z,19.3866666666667,-155.247833333333,1.64,0.69,md,14,95,,0.08,hv,hv73433027,2023-06-01T03:17:06.430Z,"6 km SSW of Volcano, Hawaii",earthquake,0.21,0.33,0.13641086200221,3,reviewed,hv,hv
2023-06-01T00:08:19.505Z,60.269,-140.1285,6.2,1.8,ml,,,,0.69,ak,ak0236zdqifl,2023-06-06T23:38:05.150Z,"83 km NNW of Yakutat, Alaska",earthquake,,0.2,,,reviewed,ak,ak
2023-06-01T00:05:17.507Z,-5.8099,151.9322,35,5.3,mb,62,65,5.927,0.87,us,us7000k5eb,2023-06-01T00:23:42.040Z,"166 km SSW of Kokopo, Papua New Guinea",earthquake,7.22,1.867,0.046,161,reviewed,us,us
2023-06-01T00:00:41.820Z,35.675,-117.5456667,2.76,1.07,ml,16,68,0.09979,0.15,ci,ci40239367,2023-06-01T23:35:21.447Z,"13km ENE of Ridgecrest, CA",earthquake,0.34,0.41,0.102,7,reviewed,ci,ci
2023-05-31T23:57:38.950Z,63.0696,-150.8952,102.9,1.1,ml,,,,0.49,ak,ak0236y46oav,2023-06-11T21:48:26.726Z,"64 km N of Petersville, Alaska",earthquake,,0.3,,,reviewed,ak,ak
2023-05-31T23:56:52.217Z,60.665,-150.2245,39.9,1.1,ml,,,,0.42,ak,ak0236y46hlx,2023-06-11T21:48:26.522Z,"29 km NW of Cooper Landing, Alaska",earthquake,,0.6,,,reviewed,ak,ak
2023-05-31T23:48:16.289Z,35.05966667,-97.87583333,7,0.95,ml,16,107,0.1214761622,0.18,ok,ok2023kpwo,2023-06-01T15:25:40.557Z,"5 km E of Chickasha, Oklahoma",earthquake,,0.7,0.29,5,reviewed,ok,ok
2023-05-31T23:47:09.430Z,19.1536674499512,-155.372833251953,29.1800003051758,1.77,ml,44,179,,0.109999999,hv,hv73432987,2023-05-31T23:54:01.900Z,"12 km ESE of Pāhala, Hawaii",earthquake,0.56,0.910000026,4.5,6,automatic,hv,hv
2023-05-31T23:45:52.860Z,58.2498,-155.1306,3.1,1.1,ml,,,,0.29,ak,ak0236y444sp,2023-06-11T21:48:20.993Z,"85 km NNW of Karluk, Alaska",earthquake,,0.4,,,reviewed,ak,ak
2023-05-31T23:42:15.742Z,58.4486,-150.6494,57.3,1.8,ml,,,,0.62,ak,ak0236y43erq,2023-06-11T21:48:26.334Z,"121 km SSE of Port Graham, Alaska",earthquake,,2,,,reviewed,ak,ak
2023-05-31T23:35:26.020Z,38.8153333,-122.7775,0.81,0.41,md,14,115,0.003238,0.01,nc,nc73894856,2023-06-01T00:50:14.008Z,"5km NNW of The Geysers, CA",earthquake,0.33,0.55,0.058,12,reviewed,nc,nc
2023-05-31T23:33:03.640Z,18.8915,-67.6578333333333,5.56,3.1,md,11,228,0.532,0.28,pr,pr71411908,2023-06-26T05:25:34.040Z,"73 km NW of San Antonio, Puerto Rico",earthquake,0.9,1.41,0.0919257732709342,11,reviewed,pr,pr
2023-05-31T23:27:27.570Z,33.9506667,-116.6428333,16.34,2.35,ml,78,29,0.0559,0.12,ci,ci40239351,2023-06-02T00:35:45.094Z,"10km WNW of Garnet, CA",earthquake,0.1,0.27,0.231,25,reviewed,ci,ci
2023-05-31T23:27:25.790Z,58.1875,-155.290333333333,1.24,0.38,ml,11,55,,0.06,av,av91106178,2023-06-11T21:46:44.692Z,"84 km NW of Karluk, Alaska",earthquake,0.17,0.73,0.373943309146356,12,reviewed,av,av
2023-05-31T23:22:55.035Z,0.5389,123.0214,258.863,4,mb,18,75,2.31,0.59,us,us7000k6uh,2023-06-13T21:38:02.040Z,"4 km W of Gorontalo, Indonesia",earthquake,9.95,9.313,0.143,13,reviewed,us,us
2023-05-31T23:21:48.040Z,37.3351667,-122.2023333,8.16,1.27,md,16,75,0.02712,0.11,nc,nc73894846,2023-06-01T05:18:10.674Z,"6km SSE of Portola Valley, CA",earthquake,0.27,0.47,0.114,10,reviewed,nc,nc
2023-05-31T23:19:07.660Z,33.3886667,-116.9015,14.46,0.9,ml,35,34,0.04774,0.15,ci,ci40239343,2023-06-02T00:22:58.160Z,"5km NW of Palomar Observatory, CA",earthquake,0.19,0.45,0.162,20,reviewed,ci,ci
2023-05-31T23:11:10.870Z,1.9821,-90.2558,10,4.2,mb,22,133,10.051,0.45,us,us7000k6ui,2023-06-13T22:45:56.040Z,"Galapagos Islands, Ecuador region",earthquake,13.34,1.963,0.136,15,reviewed,us,us
2023-05-31T23:10:57.780Z,44.4251666666667,-115.203,3.92,1.66,ml,8,115,0.7215,0.11,mb,mb90016558,2023-06-01T03:52:05.850Z,"southern Idaho",earthquake,0.31,2.64,0.272807587835139,11,reviewed,mb,mb
2023-05-31T23:10:55.320Z,34.008,-116.801,17.41,0.93,ml,20,98,0.02766,0.1,ci,ci40239335,2023-06-02T00:11:49.298Z,"10km N of Cabazon, CA",earthquake,0.23,0.44,0.219,19,reviewed,ci,ci
2023-05-31T23:05:27.930Z,19.379,-155.282833333333,1.4,0.50999999,md,12,133,,0.08,hv,hv73432962,2023-06-01T00:25:06.810Z,"8 km SW of Volcano, Hawaii",earthquake,0.25,0.18,0.50999999,5,reviewed,hv,hv
2023-05-31T23:04:53.860Z,58.1951666666667,-155.294833333333,1.96,-0.11,ml,9,91,,0.09,av,av91106173,2023-06-02T04:07:35.960Z,"Alaska Peninsula",earthquake,0.21,0.42,0.318121054556141,10,reviewed,av,av
2023-05-31T23:01:59.700Z,19.4131666666667,-155.325833333333,3.72,0.67,md,20,110,,0.11,hv,hv73432947,2023-06-01T00:49:12.760Z,"10 km WSW of Volcano, Hawaii",earthquake,0.31,0.54,0.199402752521968,5,reviewed,hv,hv
2023-05-31T23:00:43.280Z,58.244,-155.078333333333,5.65,0.31,ml,16,100,,0.12,av,av91106168,2023-06-11T21:46:40.123Z,"",earthquake,0.26,0.5,0.269483504193234,16,reviewed,av,av
2023-05-31T22:59:28.910Z,36.9826667,-121.6286667,7.47,0.88,md,19,57,0.04626,0.15,nc,nc73894841,2023-06-01T00:07:10.728Z,"6km WSW of Gilroy, CA",earthquake,0.39,0.71,0.209,15,reviewed,nc,nc
2023-05-31T22:54:33.559Z,58.2441,-155.0862,2.9,1.3,ml,,,,0.29,ak,ak0236y3kl58,2023-06-11T21:48:20.802Z,"83 km NNW of Karluk, Alaska",earthquake,,0.2,,,reviewed,ak,ak
2023-05-31T22:36:35.434Z,63.5579,-147.1511,2.8,0.7,ml,,,,0.69,ak,ak0236y3gqh8,2023-06-11T21:48:20.610Z,"88 km SW of Delta Junction, Alaska",earthquake,,0.6,,,reviewed,ak,ak
2023-05-31T22:31:07.050Z,33.505,-116.4016667,12.67,0.69,ml,19,72,0.1157,0.18,ci,ci40239303,2023-06-01T13:28:37.168Z,"20km SSW of La Quinta, CA",earthquake,0.34,0.64,0.113,13,reviewed,ci,ci
2023-05-31T22:29:02.060Z,33.4991667,-116.3988333,7.59,0.76,ml,19,89,0.122,0.15,ci,ci40239295,2023-06-01T13:28:39.889Z,"20km SSW of La Quinta, CA",earthquake,0.31,1.52,0.202,17,reviewed,ci,ci
2023-05-31T22:28:43.660Z,33.506,-116.4055,8.74,0.63,ml,13,156,0.02421,0.13,ci,ci40239287,2023-06-02T00:07:47.148Z,"20km SSW of La Quinta, CA",earthquake,0.41,0.93,0.1,10,reviewed,ci,ci
2023-05-31T22:28:04.160Z,32.9618333,-117.5353333,5.73,1.36,ml,29,204,0.2602,0.27,ci,ci40239279,2023-06-02T00:04:53.836Z,"24km WSW of Encinitas, CA",earthquake,0.71,31.61,0.166,12,reviewed,ci,ci
2023-05-31T22:27:27.082Z,60.5805,-147.517,4,1.3,ml,,,,0.51,ak,ak0236y3esas,2023-06-11T21:48:20.380Z,"55 km SW of Tatitlek, Alaska",earthquake,,0.1,,,reviewed,ak,ak
2023-05-31T22:23:56.956Z,62.9162,-148.3509,14.3,0.8,ml,,,,0.53,ak,ak0236y3dzps,2023-06-11T21:48:20.189Z,"61 km SSE of Cantwell, Alaska",earthquake,,0.2,,,reviewed,ak,ak
2023-05-31T22:19:37.725Z,61.3987,-146.605,3.6,1.3,ml,,,,0.75,ak,ak0236y3d3dv,2023-06-11T21:48:19.945Z,"32 km NNW of Valdez, Alaska",earthquake,,0.2,,,reviewed,ak,ak
2023-05-31T22:10:49.530Z,19.408,-155.2675,1.34,1.43,md,19,53,,0.1,hv,hv73432897,2023-06-01T00:12:14.840Z,"5 km SW of Volcano, Hawaii",earthquake,0.16,0.24,0.0272989369933567,2,reviewed,hv,hv
2023-05-31T22:10:14.079Z,58.1646,-155.3167,2.5,1,ml,,,,0.66,ak,ak0236y3b44d,2023-06-11T21:48:19.764Z,"83 km NW of Karluk, Alaska",earthquake,,0.5,,,reviewed,ak,ak
2023-05-31T22:07:53.590Z,34.0053333,-117.0091667,19.56,0.76,ml,15,130,0.107,0.22,ci,ci40239263,2023-06-01T14:39:16.522Z,"4km SE of Yucaipa, CA",earthquake,0.57,1.49,0.028,3,reviewed,ci,ci
2023-05-31T22:02:52.890Z,38.7958336,-122.7813339,3.16,0.28,md,9,91,0.005788,0.01,nc,nc73894826,2023-05-31T22:41:14.235Z,"3km NW of The Geysers, CA",earthquake,0.57,1.47,0.07,10,automatic,nc,nc
2023-05-31T21:57:13.261Z,51.2605,-177.0057,35,2.8,ml,15,252,0.522,0.32,us,us7000k7wg,2023-06-13T05:16:01.040Z,"72 km SSW of Adak, Alaska",earthquake,4.84,2.017,0.105,12,reviewed,us,us
2023-05-31T21:56:50.527Z,63.0423,-150.4492,101,2.2,ml,,,,0.68,ak,ak0236y2zmbo,2023-06-11T21:48:19.232Z,"62 km NNE of Petersville, Alaska",earthquake,,0.4,,,reviewed,ak,ak
2023-05-31T21:56:38.451Z,-3.6169,128.2412,119.534,5.2,mww,93,25,1.887,0.95,us,us7000k5db,2023-05-31T22:10:50.040Z,"Seram, Indonesia",earthquake,4.87,6.284,0.071,19,reviewed,us,us
2023-05-31T21:52:21.040Z,37.2373333,-117.6176667,5.2,1.63,ml,3,198,0.02296,0.16,ci,ci40239255,2023-06-13T21:25:45.310Z,"60km E of Big Pine, CA",earthquake,2.44,2.51,0.088,1,reviewed,ci,ci
2023-05-31T21:51:47.740Z,51.8585,-178.087666666667,1.08,0.73,ml,4,208,,0.26,av,av91106153,2023-06-02T03:44:42.210Z,"100 km W of Adak, Alaska",earthquake,1,3.26,0.222747640267755,4,reviewed,av,av
2023-05-31T21:50:56.670Z,51.8513333333333,-178.088333333333,3.33,1.11,ml,4,213,,0.14,av,av91106148,2023-06-02T03:42:20.390Z,"100 km W of Adak, Alaska",earthquake,0.78,0.98,0.156920330545328,4,reviewed,av,av
2023-05-31T21:50:21.251Z,58.2084,-151.423,24,1.5,ml,,,,0.7,ak,ak0236y2y9pp,2023-06-11T21:48:26.149Z,"71 km ENE of Ouzinkie, Alaska",earthquake,,1.5,,,reviewed,ak,ak
2023-05-31T21:41:36.540Z,19.1611671447754,-155.482833862305,32.8300018310547,1.98,ml,42,115,,0.119999997,hv,hv73432847,2023-05-31T21:47:07.980Z,"4 km S of Pāhala, Hawaii",earthquake,0.61,0.769999981,4.42,7,automatic,hv,hv
2023-05-31T21:35:25.629Z,36.431,-96.9435,7.03,0.59,ml,22,67,0.02519505587,0.11,ok,ok2023kpsf,2023-06-01T14:09:44.594Z,"Oklahoma",earthquake,,0.4,0.28,4,reviewed,ok,ok
2023-05-31T21:34:49.250Z,19.417,-155.265166666667,1.34,0.43,md,12,88,,0.09,hv,hv73432842,2023-06-01T00:52:48.770Z,"4 km SW of Volcano, Hawaii",earthquake,0.29,0.36,0.0858985348340187,2,reviewed,hv,hv
2023-05-31T21:33:51.740Z,19.9783333333333,-155.628666666667,13.45,2.04,ml,10,140,,0.15,hv,hv72000543,2023-06-01T02:24:44.940Z,"6 km SE of Waimea, Hawaii",earthquake,0.71,0.42,0.147765673010184,4,reviewed,hv,hv
2023-05-31T21:28:32.178Z,61.8587,-151.9398,111,1.2,ml,,,,0.42,ak,ak0236y2tksx,2023-06-11T21:48:25.961Z,"32 km WSW of Skwentna, Alaska",earthquake,,0.5,,,reviewed,ak,ak
2023-05-31T21:25:36.800Z,51.8635,-178.079333333333,-1.8,0.63,ml,4,194,,0.18,av,av91106143,2023-06-02T03:39:59.770Z,"Andreanof Islands, Aleutian Islands, Alaska",earthquake,0.58,1.38,0.316603828884454,4,reviewed,av,av
2023-05-31T21:24:32.270Z,19.396,-155.305166666667,2.3,0.84,md,14,62,,0.09,hv,hv73432812,2023-06-01T01:03:36.020Z,"9 km SW of Volcano, Hawaii",earthquake,0.26,0.23,0.0821316465387077,3,reviewed,hv,hv
2023-05-31T21:19:19.130Z,19.0345001220703,-155.401504516602,34.2200012207031,1.87,ml,43,209,,0.109999999,hv,hv73432802,2023-05-31T21:24:51.120Z,"19 km E of Naalehu, Hawaii",earthquake,0.68,0.910000026,4.64,6,automatic,hv,hv
2023-05-31T21:12:22.020Z,31.7395,-116.2335,5.37,3.08,ml,26,90,0.3591,0.28,ci,ci40239231,2023-06-01T23:59:25.090Z,"32km E of Maneadero, B.C., MX",earthquake,0.34,31.61,0.126,116,reviewed,ci,ci
2023-05-31T21:12:20.770Z,38.794,-122.78,3.39,1.28,md,45,78,0.006242,0.04,nc,nc73894816,2023-06-01T00:36:13.892Z,"3km NW of The Geysers, CA",earthquake,0.14,0.2,0.135,35,reviewed,nc,nc
2023-05-31T21:10:42.520Z,38.8358333,-122.8166667,2.41,0.36,md,16,63,0.01345,0.03,nc,nc73894811,2023-05-31T23:53:11.651Z,"8km W of Cobb, CA",earthquake,0.29,0.39,0.183,15,reviewed,nc,nc
2023-05-31T21:06:22.520Z,33.0295,-116.5305,13.85,0.93,ml,25,53,0.08176,0.17,ci,ci40239223,2023-06-01T23:46:13.513Z,"9km SE of Julian, CA",earthquake,0.27,0.65,0.077,8,reviewed,ci,ci
2023-05-31T20:59:40.070Z,19.405,-155.29,2,1.51,ml,24,39,,0.1,hv,hv73432772,2023-06-01T01:16:25.890Z,"7 km SW of Volcano, Hawaii",earthquake,0.18,0.18,0.175844348612559,11,reviewed,hv,hv
2023-05-31T20:57:11.927Z,56.2928,-156.5376,67.9,2.1,ml,,,,0.49,ak,ak0236y2ebeg,2023-06-11T21:48:25.766Z,"115 km E of Chignik, Alaska",earthquake,,3.2,,,reviewed,ak,ak
2023-05-31T20:54:31.020Z,19.4038333333333,-155.273,0.57,0.27,md,14,41,,0.08,hv,hv73432762,2023-06-01T01:24:09.090Z,"5 km SW of Volcano, Hawaii",earthquake,0.13,0.23,0.0214154430992246,3,reviewed,hv,hv
2023-05-31T20:50:13.940Z,38.815834,-122.8178329,0.72,1.1,md,21,55,0.009682,0.04,nc,nc73894806,2023-05-31T21:37:12.875Z,"7km NW of The Geysers, CA",earthquake,0.16,0.37,0.18,23,automatic,nc,nc
2023-05-31T20:48:28.060Z,33.2753333,-116.3161667,12.68,0.96,ml,36,95,0.06671,0.19,ci,ci40239215,2023-06-01T23:33:46.925Z,"6km ENE of Borrego Springs, CA",earthquake,0.29,0.52,0.171,24,reviewed,ci,ci
2023-05-31T20:47:29.460Z,19.362,-155.2885,2.45,1.89,ml,24,114,,0.1,hv,hv73432752,2023-06-01T01:34:41.690Z,"10 km SSW of Volcano, Hawaii",earthquake,0.23,0.33,0.196644467377544,15,reviewed,hv,hv
2023-05-31T20:47:28.397Z,59.9705,-151.8214,57.3,2.2,ml,,,,0.69,ak,ak0236y2c7i2,2023-06-11T21:48:18.913Z,"5 km WNW of Happy Valley, Alaska",earthquake,,0.3,,,reviewed,ak,ak
2023-05-31T20:47:19.730Z,19.1431666666667,-155.496,32.9,1.6,md,12,207,,0.12,hv,hv73432757,2023-06-02T22:55:58.380Z,"6 km SSW of Pāhala, Hawaii",earthquake,0.87,0.92,0.101635528876541,6,reviewed,hv,hv
2023-05-31T20:43:57.870Z,19.4146666666667,-155.2655,1.35,0.53,md,15,61,,0.08,hv,hv73432747,2023-06-01T01:53:31.550Z,"4 km SW of Volcano, Hawaii",earthquake,0.18,0.36,0.134731614846902,3,reviewed,hv,hv
2023-05-31T20:34:24.970Z,60.5093333333333,-152.777,1,-0.94,ml,5,136,,0.15,av,av91105573,2023-05-31T23:59:12.650Z,"79 km NW of Ninilchik, Alaska",earthquake,0.89,1.07,0.112487526536933,5,reviewed,av,av
2023-05-31T20:33:17.819Z,61.2846,-152.1036,98.9,1.3,ml,,,,0.53,ak,ak0236y296o5,2023-06-11T21:48:25.539Z,"57 km WNW of Beluga, Alaska",earthquake,,0.2,,,reviewed,ak,ak
2023-05-31T20:28:46.831Z,61.4809,-151.6866,80.6,1.1,ml,,,,0.67,ak,ak0236y286ls,2023-06-11T21:48:18.719Z,"49 km NW of Beluga, Alaska",earthquake,,0.4,,,reviewed,ak,ak
2023-05-31T20:28:41.394Z,69.477,-144.4505,4,1.2,ml,,,,0.68,ak,ak0236y285wr,2023-06-11T21:48:25.364Z,"79 km SSW of Kaktovik, Alaska",earthquake,,0.8,,,reviewed,ak,ak
2023-05-31T20:12:25.970Z,33.0338333,-116.4126667,10.4,1.29,ml,51,43,0.04836,0.16,ci,ci40239191,2023-06-01T23:25:42.610Z,"18km ESE of Julian, CA",earthquake,0.19,0.35,0.158,22,reviewed,ci,ci
2023-05-31T20:04:32.388Z,60.5741,-152.4459,110.8,1.4,ml,,,,0.55,ak,ak0236y23012,2023-06-11T21:48:25.155Z,"61 km W of Salamatof, Alaska",earthquake,,0.3,,,reviewed,ak,ak
2023-05-31T20:04:12.319Z,63.1992,-152.0779,8,1,ml,,,,0.67,ak,ak0236y22yfp,2023-06-11T21:48:18.526Z,"41 km SSW of Denali National Park, Alaska",earthquake,,0.3,,,reviewed,ak,ak
2023-05-31T20:02:05.480Z,-29.3475,-177.3363,51.601,4.4,mb,30,90,0.517,0.89,us,us7000k5cq,2023-06-08T19:20:25.040Z,"",earthquake,10.46,6.069,0.12,20,reviewed,us,us
2023-05-31T19:59:39.790Z,40.35,-125.6006667,10,3.94,mw,103,247,0.9639,0.22,nc,nc73894796,2023-06-08T19:14:10.261Z,"112km W of Petrolia, CA",earthquake,1.42,31.61,,3,reviewed,nc,nc
2023-05-31T19:59:08.980Z,54.6696,-160.0651,45.1,3.1,ml,,,,0.97,ak,ak0236y1tb0q,2023-06-11T21:48:18.311Z,"79 km SSE of Sand Point, Alaska",earthquake,,2,,,reviewed,ak,ak
2023-05-31T19:59:05.870Z,61.946,-149.9429,34,1.6,ml,,,,0.76,ak,ak0236y1tana,2023-06-11T21:48:18.034Z,"22 km NNE of Willow, Alaska",earthquake,,0.5,,,reviewed,ak,ak
2023-05-31T19:54:37.953Z,57.048,-157.1245,20,1.9,ml,,,,0.9,ak,ak0236y1sann,2023-06-11T21:48:24.971Z,"54 km SSE of Ugashik, Alaska",earthquake,,0.8,,,reviewed,ak,ak
2023-05-31T19:40:12.850Z,19.3868333333333,-155.281,1.01,0.86,md,13,111,,0.07,hv,hv73432687,2023-06-01T03:09:18.460Z,"",earthquake,0.26,0.18,0.0309067043752468,3,reviewed,hv,hv
2023-05-31T19:38:30.190Z,18.0233333333333,-66.783,15.72,2.15,md,10,160,0.008768,0.1,pr,pr71411898,2023-05-31T20:04:57.300Z,"1 km ENE of Guayanilla, Puerto Rico",earthquake,0.41,0.79,0.0419972210485944,3,reviewed,pr,pr
2023-05-31T19:36:45.920Z,19.4058333333333,-155.2905,1.56,1.12,md,13,86,,0.08,hv,hv73432682,2023-06-01T02:56:50.400Z,"7 km SW of Volcano, Hawaii",earthquake,0.26,0.25,0.0169341350194419,2,reviewed,hv,hv
2023-05-31T19:34:31.160Z,58.1745,-155.370333333333,1.83,0.38,ml,10,181,,0.07,av,av91106133,2023-06-11T21:46:17.658Z,"86 km NW of Karluk, Alaska",earthquake,0.27,0.5,0.244249994153695,10,reviewed,av,av
2023-05-31T19:30:25.470Z,32.6165,-116.9833333,-0.43,1,ml,27,107,0.0457,0.26,ci,ci40239167,2023-06-01T23:08:42.922Z,"6km ESE of Chula Vista, CA",quarry blast,0.64,31.61,0.109,6,reviewed,ci,ci
2023-05-31T19:29:02.970Z,46.196666666666665,-122.19066666666667,0.84,0.48,ml,6,103,0.02345,0.07,uw,uw61929526,2023-05-31T22:07:56.180Z,"37 km NNE of Amboy, Washington",earthquake,0.59,0.7,0.10487280483535999,5,reviewed,uw,uw
2023-05-31T19:25:31.450Z,33.8218333,-117.4763333,-0.64,1.17,ml,30,62,0.02645,0.27,ci,ci40239159,2023-06-01T23:04:04.382Z,"8km SSE of Home Gardens, CA",quarry blast,0.54,31.61,0.219,23,reviewed,ci,ci
2023-05-31T19:11:56.770Z,19.411,-155.319166666667,4.01,0.48,md,14,180,,0.06,hv,hv73432672,2023-05-31T21:34:52.510Z,"9 km WSW of Volcano, Hawaii",earthquake,0.36,0.39,0.0264835937826226,3,reviewed,hv,hv
2023-05-31T19:11:38.976Z,57.3025,-155.6051,81.9,2.2,ml,,,,0.55,ak,ak0236y1j2x0,2023-06-11T21:48:17.802Z,"75 km WSW of Karluk, Alaska",earthquake,,0.3,,,reviewed,ak,ak
2023-05-31T19:11:11.934Z,-10.2266,161.3723,92.219,4.3,mb,25,136,1.608,0.83,us,us7000k6uc,2023-06-08T18:59:59.040Z,"65 km WNW of Kirakira, Solomon Islands",earthquake,10.7,8.477,0.133,16,reviewed,us,us
2023-05-31T19:05:21.030Z,46.0135,-112.4595,-2,2.05,ml,18,62,0.066,0.13,mb,mb90016388,2023-06-01T04:12:41.930Z,"5 km E of Butte, Montana",quarry blast,0.35,31.61,0.193490837888611,21,reviewed,mb,mb
2023-05-31T19:04:16.050Z,19.4018333333333,-155.289833333333,1.59,0.47,md,13,54,,0.09,hv,hv73432667,2023-05-31T19:17:11.140Z,"7 km SW of Volcano, Hawaii",earthquake,0.22,0.26,0.160674142415906,2,reviewed,hv,hv
2023-05-31T19:02:21.790Z,46.4948333333333,-112.017833333333,10.19,1.24,ml,13,98,0.09582,0.06,mb,mb90016568,2023-06-01T03:20:05.380Z,"4 km NW of Clancy, Montana",earthquake,0.37,0.76,0.064156939799429,7,reviewed,mb,mb
2023-05-31T18:57:54.510Z,34.9868333,-118.1941667,-0.91,1.46,ml,16,77,0.1114,0.24,ci,ci40239135,2023-06-13T21:23:23.618Z,"8km SSW of Mojave, CA",quarry blast,0.6,31.61,0.164,23,reviewed,ci,ci
2023-05-31T18:56:22.230Z,38.8253333,-122.8028333,2.7,1.53,md,51,31,0.005978,0.04,nc,nc73894791,2023-06-01T02:56:10.836Z,"7km NW of The Geysers, CA",earthquake,0.12,0.21,0.21,42,reviewed,nc,nc
2023-05-31T18:56:01.459Z,34.37766667,-96.856,0,1.66,ml,25,119,0.2222563857,0.39,ok,ok2023kpmy,2023-06-01T14:01:22.418Z,"4 km SW of Mill Creek, Oklahoma",quarry blast,,0.8,0.24,4,reviewed,ok,ok
2023-05-31T18:55:06.870Z,19.3763333333333,-155.288666666667,1.8,0.18,md,10,194,,0.06,hv,hv73432652,2023-05-31T19:06:57.720Z,"Island of Hawaii, Hawaii",earthquake,0.49,0.36,0.0411223362380708,2,reviewed,hv,hv
2023-05-31T18:47:45.356Z,61.4237,-147.3567,8.9,1.4,ml,,,,0.88,ak,ak0236y15dkj,2023-06-11T21:48:17.544Z,"45 km SSE of Glacier View, Alaska",earthquake,,0.2,,,reviewed,ak,ak
2023-05-31T18:44:02.047Z,58.1779,-155.3063,1.2,1.3,ml,,,,0.61,ak,ak0236y14n4z,2023-06-11T21:48:17.345Z,"Alaska Peninsula",earthquake,,0.3,,,reviewed,ak,ak
2023-05-31T18:41:56.540Z,36.3738333,-121.2331667,-0.56,1.26,md,22,48,0.1594,0.07,nc,nc71130534,2023-05-31T20:56:12.623Z,"6km N of Greenfield, CA",quarry blast,0.21,31.61,0.208,16,reviewed,nc,nc
2023-05-31T18:41:20.070Z,38.1191667,-122.1761667,-0.08,1.42,md,17,90,0.02157,0.09,nc,nc73894786,2023-05-31T19:57:51.555Z,"5km E of Vallejo, CA",quarry blast,0.2,31.61,0.258,18,reviewed,nc,nc
2023-05-31T18:40:52.660Z,19.4111666666667,-155.297833333333,1.53,0.32,md,14,150,,0.08,hv,hv73432642,2023-05-31T19:35:09.350Z,"7 km WSW of Volcano, Hawaii",earthquake,0.21,0.26,0.202028823884863,3,reviewed,hv,hv
2023-05-31T18:39:34.379Z,58.9528,-134.7282,7,1.1,ml,,,,0.54,ak,ak0236y13n19,2023-06-11T21:48:24.793Z,"Southeastern Alaska",earthquake,,0.3,,,reviewed,ak,ak
2023-05-31T18:38:00.180Z,19.4,-155.297833333333,2.29,1.11,md,16,67,,0.08,hv,hv73432637,2023-05-31T18:55:30.640Z,"8 km SW of Volcano, Hawaii",earthquake,0.21,0.18,0.0235069569094358,2,reviewed,hv,hv
2023-05-31T18:36:19.610Z,38.8323326,-122.819664,1.42,0.85,md,11,57,0.01165,0.02,nc,nc73894781,2023-05-31T19:04:13.907Z,"8km NW of The Geysers, CA",earthquake,0.31,0.8,0.22,11,automatic,nc,nc
2023-05-31T18:32:23.210Z,19.4146666666667,-155.295,1.51,0.8,md,14,82,,0.1,hv,hv73432632,2023-05-31T19:01:25.410Z,"7 km WSW of Volcano, Hawaii",earthquake,0.21,0.21,0.168466911457096,2,reviewed,hv,hv
2023-05-31T18:32:16.219Z,51.1833,-178.129,28.4,2,ml,,,,0.44,ak,ak0236y123md,2023-06-11T21:48:24.594Z,"129 km SW of Adak, Alaska",earthquake,,11.1,,,reviewed,ak,ak
2023-05-31T18:26:34.795Z,54.7418,-161.8638,56.4,2.3,ml,,,,0.44,ak,ak0236y10urb,2023-06-11T21:48:24.382Z,"Alaska Peninsula",earthquake,,0.6,,,reviewed,ak,ak
2023-05-31T18:18:24.762Z,58.3066,-150.9024,24.1,1.9,ml,,,,0.98,ak,ak0236y0z498,2023-06-11T21:48:24.163Z,"103 km ENE of Ouzinkie, Alaska",earthquake,,1.4,,,reviewed,ak,ak
2023-05-31T18:16:52.600Z,37.5691667,-118.781,6.15,0.37,md,10,218,0.04353,0.03,nc,nc73894776,2023-05-31T20:06:10.290Z,"9km W of Toms Place, CA",earthquake,2.13,1.75,0.258,10,reviewed,nc,nc
2023-05-31T18:09:15.893Z,53.4263,-165.5954,36.4,2.7,ml,,,,0.56,ak,ak0236y0x6cf,2023-06-11T21:48:17.118Z,"Fox Islands, Aleutian Islands, Alaska",earthquake,,0.6,,,reviewed,ak,ak
2023-05-31T18:07:53.250Z,33.0448333,-114.9541667,-0.23,1.14,ml,10,81,0.07515,0.19,ci,ci40239111,2023-06-13T21:17:56.148Z,"44km NNW of Los Algodones, B.C., MX",quarry blast,0.47,31.61,0.185,4,reviewed,ci,ci
2023-05-31T18:03:52.136Z,57.9072,-153.7676,69.6,1.3,ml,,,,0.58,ak,ak0236y0vyml,2023-06-11T21:48:23.970Z,"42 km NNE of Larsen Bay, Alaska",earthquake,,0.7,,,reviewed,ak,ak
2023-05-31T18:01:30.460Z,-22.1828,-179.4954,585.716,4.3,mb,38,96,4.117,0.83,us,us7000k6ue,2023-06-08T14:23:42.040Z,"",earthquake,12.07,8.176,0.113,22,reviewed,us,us
2023-05-31T18:00:31.825Z,52.1247,-176.634,205.3,2.4,ml,,,,0.56,ak,ak0236y0v9wu,2023-06-11T21:48:23.789Z,"27 km N of Adak, Alaska",earthquake,,0.4,,,reviewed,ak,ak
2023-05-31T17:58:03.058Z,62.9295,-150.8603,119.6,1,ml,,,,0.26,ak,ak0236y0m7m9,2023-06-11T21:48:23.607Z,"Central Alaska",earthquake,,0.6,,,reviewed,ak,ak
2023-05-31T17:55:05.640Z,65.3951,-144.7008,1.9,1.6,ml,,,,0.74,ak,ak0236y0lkpq,2023-06-11T21:48:16.885Z,"20 km SSE of Central, Alaska",earthquake,,0.2,,,reviewed,ak,ak
2023-05-31T17:54:24.810Z,58.3129,-153.9888,68.7,1.5,ml,,,,0.52,ak,ak0236y0lcw7,2023-06-11T21:48:16.663Z,"Kodiak Island region, Alaska",earthquake,,0.4,,,reviewed,ak,ak
2023-05-31T17:54:18.821Z,-25.2273,-176.3989,27.948,4.6,mb,28,164,4.186,1.4,us,us7000k6u8,2023-06-08T13:40:55.040Z,"",earthquake,8.56,5.629,0.133,17,reviewed,us,us
2023-05-31T17:49:20.542Z,60.4828,-152.2485,82,1.2,ml,,,,0.45,ak,ak0236y0kbiu,2023-06-11T21:48:23.410Z,"53 km WSW of Salamatof, Alaska",earthquake,,0.6,,,reviewed,ak,ak
2023-05-31T17:47:06.958Z,60.7994,-144.137,1.1,1,ml,,,,0.66,ak,ak0236y0jv2c,2023-06-11T21:48:16.448Z,"Southern Alaska",earthquake,,0.8,,,reviewed,ak,ak
2023-05-31T17:44:40.060Z,47.81133333333333,-122.88216666666666,23.25,1.11,ml,11,122,0.01973,0.16,uw,uw61929491,2023-05-31T22:05:13.480Z,"1 km SSW of Quilcene, Washington",earthquake,0.95,0.61,0.1759477978895485,5,reviewed,uw,uw
2023-05-31T17:43:16.580Z,33.7105,-116.7583333,16.31,0.48,ml,15,174,0.03682,0.1,ci,ci40239079,2023-06-01T14:24:45.442Z,"5km SW of Idyllwild, CA",earthquake,0.31,0.44,0.013,3,reviewed,ci,ci
2023-05-31T17:41:08.170Z,19.4028333333333,-155.290333333333,1.55,0.84,md,11,65,,0.06,hv,hv73432572,2023-05-31T18:55:33.640Z,"7 km SW of Volcano, Hawaii",earthquake,0.25,0.37,0.12107791184393,2,reviewed,hv,hv
2023-05-31T17:37:26.130Z,31.71944943,-104.3045529,5.617407227000001,1.7,ml,21,63,0.05480769478,0.2,tx,tx2023kpkj,2023-06-01T09:06:46.707Z,"51 km S of Whites City, New Mexico",earthquake,0.6427291392999999,0.9452737442,0.1,19,reviewed,tx,tx
2023-05-31T17:33:58.900Z,60.5993,-151.0658,8.2,1.1,ml,,,,0.75,ak,ak0236y0gz0y,2023-06-11T21:48:23.197Z,"7 km N of Ridgeway, Alaska",earthquake,,0.4,,,reviewed,ak,ak
2023-05-31T17:33:31.310Z,19.4145,-155.293166666667,1.43,0.65,md,11,142,,0.07,hv,hv73432557,2023-05-31T18:57:53.310Z,"6 km WSW of Volcano, Hawaii",earthquake,0.2,0.27,0.298667444416627,2,reviewed,hv,hv
2023-05-31T17:31:57.240Z,38.8313332,-122.8181686,1.81,0.23,md,7,157,0.01014,0.01,nc,nc73894771,2023-05-31T18:03:13.554Z,"8km NW of The Geysers, CA",earthquake,0.56,1.44,0.14,8,automatic,nc,nc
2023-05-31T17:30:51.710Z,19.406,-155.264166666667,0.75,0.47,md,13,59,,0.09,hv,hv73432552,2023-05-31T17:40:08.200Z,"Island of Hawaii, Hawaii",earthquake,0.15,0.34,0.063172823563803,2,reviewed,hv,hv
2023-05-31T17:25:52.046Z,58.2205,-155.2081,4.3,1.3,ml,,,,0.65,ak,ak0236y0f8r7,2023-06-11T21:48:16.235Z,"85 km NNW of Karluk, Alaska",earthquake,,0.2,,,reviewed,ak,ak
2023-05-31T17:22:45.820Z,19.4248333333333,-155.324666666667,4.19,0.8,md,20,130,,0.08,hv,hv73432537,2023-05-31T18:13:28.710Z,"",earthquake,0.28,0.56,0.0537694478921652,4,reviewed,hv,hv
2023-05-31T17:22:27.891Z,56.9982,-155.507,8.9,1.5,ml,,,,0.53,ak,ak0236y0ejr9,2023-06-11T21:48:23.012Z,"81 km W of Akhiok, Alaska",earthquake,,1.6,,,reviewed,ak,ak
2023-05-31T17:16:58.760Z,19.402,-155.282,0.67,0.41,md,14,50,,0.09,hv,hv73432527,2023-05-31T17:29:58.150Z,"6 km SW of Volcano, Hawaii",earthquake,0.15,0.21,0.144862070673796,2,reviewed,hv,hv
2023-05-31T17:13:57.620Z,33.973,-118.199,15.54,1.46,ml,22,127,0.04147,0.21,ci,ci40239047,2023-06-01T22:59:03.638Z,"1km WSW of Bell, CA",earthquake,0.75,0.48,0.196,14,reviewed,ci,ci
2023-05-31T17:13:29.844Z,59.3376,-153.3702,93.2,1.4,ml,,,,0.41,ak,ak0236y0cmgo,2023-06-11T21:48:22.816Z,"65 km SE of Pedro Bay, Alaska",earthquake,,0.4,,,reviewed,ak,ak
2023-05-31T17:11:57.380Z,53.4063333333333,-168.264,3.4,0.3,ml,4,302,,0.07,av,av91106108,2023-06-02T02:54:58.960Z,"Fox Islands, Aleutian Islands, Alaska",earthquake,0.62,1.23,0.340949534395662,4,reviewed,av,av
2023-05-31T17:08:25.464Z,65.6034,-166.8131,24.1,2.6,ml,,,,0.66,ak,ak0236y0bjjm,2023-06-11T21:48:22.409Z,"33 km NNW of Brevig Mission, Alaska",earthquake,,0.8,,,reviewed,ak,ak
2023-05-31T17:06:30.460Z,53.3713333333333,-168.236333333333,6.02,0.12,ml,5,289,,0.28,av,av91106103,2023-06-02T02:48:14.740Z,"Fox Islands, Aleutian Islands, Alaska",earthquake,3.34,3.12,0.355502875404967,4,reviewed,av,av
2023-05-31T17:06:02.185Z,51.5313,-178.9033,12.6,1.8,ml,,,,0.46,ak,ak0236y0b2be,2023-06-11T21:48:22.620Z,"161 km WSW of Adak, Alaska",earthquake,,0.2,,,reviewed,ak,ak
2023-05-31T17:05:12.350Z,51.9141666666667,179.601166666667,12.31,0.54,ml,5,141,,0.13,av,av91106088,2023-06-02T02:24:51.370Z,"",earthquake,0.77,0.92,0.284828595462682,5,reviewed,av,av
2023-05-31T17:05:00.660Z,19.404,-155.288666666667,0.89,0.7,md,16,50,,0.06,hv,hv73432507,2023-05-31T17:18:08.170Z,"7 km SW of Volcano, Hawaii",earthquake,0.13,0.17,0.25210665620165,2,reviewed,hv,hv
2023-05-31T16:59:45.550Z,33.626,-116.6806667,13.14,0.73,ml,28,54,0.07246,0.11,ci,ci40239031,2023-06-01T00:01:24.730Z,"8km N of Anza, CA",earthquake,0.17,0.3,0.12,20,reviewed,ci,ci
2023-05-31T16:57:54.020Z,38.8256683,-122.8093338,1.05,1.11,md,9,69,0.002342,0.03,nc,nc73894766,2023-05-31T18:44:14.783Z,"7km NW of The Geysers, CA",earthquake,0.32,0.98,0.2,10,automatic,nc,nc
2023-05-31T16:57:44.581Z,59.6976,-154.1272,166.8,1.7,ml,,,,0.65,ak,ak0236y00ni2,2023-06-11T21:48:22.217Z,"10 km S of Pedro Bay, Alaska",earthquake,,0.7,,,reviewed,ak,ak
2023-05-31T16:56:33.110Z,19.4053333333333,-155.272166666667,-0.34,0.36,md,11,62,,0.12,hv,hv73432492,2023-05-31T17:22:15.630Z,"5 km SW of Volcano, Hawaii",earthquake,0.14,0.25,0.156661640428703,3,reviewed,hv,hv
2023-05-31T16:55:57.390Z,19.399,-155.247833333333,22.92,1.12,md,24,104,,0.07,hv,hv73432487,2023-05-31T17:19:55.950Z,"5 km SSW of Volcano, Hawaii",earthquake,0.64,0.47,0.0928666924128893,6,reviewed,hv,hv
2023-05-31T16:54:00.090Z,34.0218333,-117.4695,-0.32,0.9,ml,15,86,0.01515,0.19,ci,ci40239015,2023-06-06T17:14:03.769Z,"2km NE of Glen Avon, CA",earthquake,0.46,0.77,0.105,6,reviewed,ci,ci
2023-05-31T16:51:05.730Z,19.4073333333333,-155.272333333333,0.5,1.72,ml,24,42,,0.08,hv,hv73432477,2023-05-31T17:06:20.940Z,"5 km SW of Volcano, Hawaii",earthquake,0.13,0.19,0.151846834895107,11,reviewed,hv,hv
2023-05-31T16:49:34.690Z,19.3743333333333,-155.284,1.4,0.38,md,11,149,,0.07,hv,hv73432472,2023-05-31T17:13:45.720Z,"9 km SW of Volcano, Hawaii",earthquake,0.4,0.26,0.139818469808509,2,reviewed,hv,hv
2023-05-31T16:46:52.802Z,-1.169,-15.7841,10,4.7,mb,17,90,13.401,0.39,us,us7000k6un,2023-06-13T05:08:11.040Z,"north of Ascension Island",earthquake,12.88,1.91,0.166,11,reviewed,us,us
2023-05-31T16:42:45.890Z,19.4063333333333,-155.274333333333,0.18,0.44,md,15,46,,0.06,hv,hv73432467,2023-05-31T17:13:51.040Z,"5 km SW of Volcano, Hawaii",earthquake,0.12,0.23,0.166633780973606,4,reviewed,hv,hv
2023-05-31T16:39:47.822Z,63.1498,-150.7942,111.9,1.4,ml,,,,0.53,ak,ak0236xzwsv2,2023-06-11T21:48:21.785Z,"63 km SE of Denali National Park, Alaska",earthquake,,0.6,,,reviewed,ak,ak
2023-05-31T16:37:16.717Z,60.4443,-152.8243,125,1.4,ml,,,,0.47,ak,ak0236xzwb13,2023-06-11T21:48:21.999Z,"77 km NW of Ninilchik, Alaska",earthquake,,0.6,,,reviewed,ak,ak
2023-05-31T16:33:43.800Z,33.3876667,-116.9028333,13.49,1.25,ml,50,26,0.0478,0.16,ci,ci40238999,2023-06-06T16:52:24.600Z,"5km NW of Palomar Observatory, CA",earthquake,0.18,0.41,0.163,24,reviewed,ci,ci
2023-05-31T16:31:04.470Z,19.3976666666667,-155.282666666667,0.98,0.81,md,14,64,,0.1,hv,hv73432432,2023-05-31T17:31:43.970Z,"Island of Hawaii, Hawaii",earthquake,0.19,0.25,0.0651040636714709,3,reviewed,hv,hv
2023-05-31T16:30:16.200Z,38.833168,-122.8153305,1.51,0.65,md,11,72,0.01059,0.03,nc,nc73892100,2023-05-31T17:28:12.359Z,"8km NW of The Geysers, CA",earthquake,0.3,0.79,0.42,10,automatic,nc,nc
2023-05-31T16:28:18.100Z,19.4041666666667,-155.281,0.41,0.58,md,16,38,,0.08,hv,hv73432422,2023-05-31T16:49:56.210Z,"6 km SW of Volcano, Hawaii",earthquake,0.14,0.19,0.346289721158093,3,reviewed,hv,hv
2023-05-31T16:27:59.930Z,33.6931667,-116.803,15.58,0.76,ml,28,84,0.07325,0.15,ci,ci40238983,2023-06-05T23:53:40.570Z,"9km SW of Idyllwild, CA",earthquake,0.25,0.36,0.177,18,reviewed,ci,ci
2023-05-31T16:26:28.410Z,19.4041666666667,-155.280666666667,0.38,0.61,md,20,38,,0.07,hv,hv73432417,2023-05-31T16:56:53.870Z,"6 km SW of Volcano, Hawaii",earthquake,0.13,0.16,0.0840048226463975,4,reviewed,hv,hv
2023-05-31T16:24:25.780Z,19.4041666666667,-155.280833333333,0.19,0.62,md,15,52,,0.08,hv,hv73432412,2023-05-31T17:00:45.020Z,"6 km SW of Volcano, Hawaii",earthquake,0.13,0.23,0.0106613870799205,3,reviewed,hv,hv
2023-05-31T16:23:23.320Z,45.9253333333333,-112.240666666667,-2,1.4,ml,9,124,0.03087,0.12,mb,mb90016378,2023-06-01T13:10:36.090Z,"12 km WNW of Whitehall, Montana",quarry blast,0.74,31.61,0.141498945373,10,reviewed,mb,mb
2023-05-31T16:21:51.120Z,19.1458339691162,-155.369827270508,28.4599990844727,1.79999995,md,43,182,,0.100000001,hv,hv73432407,2023-05-31T16:25:04.960Z,"13 km ESE of Pāhala, Hawaii",earthquake,0.73,1.14999998,0.680000007,7,automatic,hv,hv
2023-05-31T16:18:19.390Z,38.8256683,-122.8113327,1.25,1.16,md,16,59,0.002474,0.02,nc,nc73892095,2023-05-31T18:18:15.633Z,"7km NW of The Geysers, CA",earthquake,0.22,0.57,0.08,18,automatic,nc,nc
2023-05-31T16:18:05.060Z,38.8274994,-122.8116684,1.07,0.49,md,8,85,0.004283,0.03,nc,nc73892090,2023-05-31T16:54:12.150Z,"7km NW of The Geysers, CA",earthquake,0.35,0.99,0.34,10,automatic,nc,nc
2023-05-31T16:13:01.480Z,19.4038333333333,-155.282166666667,0.43,0.53,md,17,69,,0.06,hv,hv73432397,2023-05-31T16:34:56.920Z,"Island of Hawaii, Hawaii",earthquake,0.13,0.17,0.0556412698512875,2,reviewed,hv,hv
2023-05-31T16:11:38.620Z,48.461666666666666,-123.23566666666666,19.24,0.38,md,6,168,0.07687,0.34,uw,uw61929481,2023-05-31T22:25:49.810Z,"Washington-British Columbia border region",earthquake,1.23,2.13,0.09324393909968309,5,reviewed,uw,uw
2023-05-31T16:10:37.197Z,60.0278,-152.8186,110.7,1.5,ml,,,,0.43,ak,ak0236xzqk9z,2023-06-11T21:48:21.569Z,"61 km W of Happy Valley, Alaska",earthquake,,0.4,,,reviewed,ak,ak
2023-05-31T16:10:35.910Z,36.018,-120.5835,3.68,1.01,md,28,113,0.03897,0.07,nc,nc73892085,2023-05-31T20:03:10.270Z,"19km NW of Parkfield, CA",earthquake,0.22,0.32,0.191,16,reviewed,nc,nc
2023-05-31T16:02:58.316Z,59.4012,-152.8204,82.9,1.4,ml,,,,0.48,ak,ak0236xzow6f,2023-06-11T21:48:21.183Z,"51 km W of Nanwalek, Alaska",earthquake,,0.3,,,reviewed,ak,ak
2023-05-31T16:01:07.140Z,19.4113333333333,-155.275333333333,0.86,0.44,md,15,57,,0.08,hv,hv73432372,2023-05-31T16:39:02.740Z,"5 km SW of Volcano, Hawaii",earthquake,0.16,0.23,0.127384530284994,2,reviewed,hv,hv
2023-05-31T16:00:57.270Z,69.4262,-143.7361,7.8,1,ml,,,,0.31,ak,ak0236xzognz,2023-06-11T21:48:21.392Z,"northern Alaska",earthquake,,1,,,reviewed,ak,ak
2023-05-31T15:57:48.230Z,19.4113333333333,-155.274833333333,0.73,1.32,ml,19,48,,0.09,hv,hv73432367,2023-05-31T17:04:43.670Z,"5 km SW of Volcano, Hawaii",earthquake,0.14,0.21,0.143276608549724,8,reviewed,hv,hv
2023-05-31T15:57:41.270Z,19.4126666666667,-155.275333333333,0.62,0.47,md,14,55,,0.07,hv,hv73432362,2023-05-31T17:36:21.050Z,"Island of Hawaii, Hawaii",earthquake,0.16,0.23,0.160274643885795,3,reviewed,hv,hv
2023-05-31T15:55:21.980Z,19.3928333333333,-155.2805,1.57,0.24,md,13,68,,0.14,hv,hv73432342,2023-05-31T17:39:48.840Z,"7 km SW of Volcano, Hawaii",earthquake,0.27,0.24,0.049650946801805,2,reviewed,hv,hv
2023-05-31T15:53:23.979Z,31.72059992,-104.3042928,6.054443359000001,2.2,ml,24,62,0.05364613505,0.2,tx,tx2023kpgv,2023-06-01T14:03:31.849Z,"50 km S of Whites City, New Mexico",earthquake,0.6346111676,0.6738949325,0.1,12,reviewed,tx,tx
2023-05-31T15:51:14.251Z,59.9069,-152.8508,104.7,1.6,ml,,,,0.32,ak,ak0236xzdv9d,2023-06-09T23:02:33.202Z,"58 km WNW of Anchor Point, Alaska",earthquake,,0.2,,,reviewed,ak,ak
2023-05-31T15:44:55.630Z,58.1786666666667,-155.306,-1.16,0.29,ml,8,162,,0.05,av,av91106078,2023-06-09T23:00:59.891Z,"",earthquake,0.22,4.22,0.299225660261302,10,reviewed,av,av
2023-05-31T15:44:23.650Z,51.8571666666667,-178.062166666667,-1.78,0.36,ml,4,179,,0.23,av,av91106073,2023-06-02T02:13:50.690Z,"98 km W of Adak, Alaska",earthquake,0.69,1.57,0.468401870411614,4,reviewed,av,av
2023-05-31T15:44:15.506Z,-7.3417,155.8177,10,4.3,mb,12,138,4.586,0.35,us,us7000k6u7,2023-06-13T04:48:34.040Z,"119 km SSE of Panguna, Papua New Guinea",earthquake,9.44,1.937,0.238,5,reviewed,us,us
2023-05-31T15:43:39.947Z,58.1841,-155.2704,6.1,1.2,ml,,,,0.58,ak,ak0236xzc4kt,2023-06-09T23:02:31.233Z,"83 km NW of Karluk, Alaska",earthquake,,0.1,,,reviewed,ak,ak
2023-05-31T15:43:38.710Z,19.4131666666667,-155.296,1.7,0.79,md,20,68,,0.1,hv,hv73432317,2023-05-31T17:43:50.390Z,"7 km WSW of Volcano, Hawaii",earthquake,0.23,0.15,0.11563745286236,8,reviewed,hv,hv
2023-05-31T15:42:47.490Z,38.8263321,-122.8103333,1.36,1.07,md,20,61,0.01956,0.02,nc,nc73892080,2023-05-31T16:21:13.956Z,"7km NW of The Geysers, CA",earthquake,0.18,0.59,0.12,20,automatic,nc,nc
2023-05-31T15:42:23.965Z,62.9971,-148.3039,76.5,1.9,ml,,,,0.68,ak,ak0236xzbymn,2023-06-09T23:02:30.942Z,"Central Alaska",earthquake,,0.2,,,reviewed,ak,ak
2023-05-31T15:41:30.840Z,33.3615,-116.963,9.08,1.5,ml,43,25,0.06381,0.18,ci,ci40238967,2023-06-06T16:00:11.161Z,"9km W of Palomar Observatory, CA",earthquake,0.18,0.48,0.204,24,reviewed,ci,ci
2023-05-31T15:41:17.310Z,34.0005,-116.8393333,18.13,1.51,ml,43,27,0.04338,0.15,ci,ci40238951,2023-06-06T14:47:38.970Z,"9km NNE of Banning, CA",earthquake,0.17,0.37,0.175,22,reviewed,ci,ci
2023-05-31T15:40:32.570Z,33.6945,-117.4086667,5.8,1.22,ml,43,41,0.04757,0.21,ci,ci40238943,2023-06-05T23:41:18.480Z,"8km WNW of Lake Elsinore, CA",earthquake,0.19,0.53,0.131,24,reviewed,ci,ci
2023-05-31T15:40:26.330Z,58.2436666666667,-155.135,3.43,-0.33,ml,8,92,,0.07,av,av91106058,2023-06-02T02:11:02.560Z,"85 km NNW of Karluk, Alaska",earthquake,0.26,0.59,0.186011824371152,8,reviewed,av,av
2023-05-31T15:40:17.760Z,19.405,-155.286,0.9,0.57,md,17,50,,0.09,hv,hv73432307,2023-05-31T17:49:28.830Z,"6 km SW of Volcano, Hawaii",earthquake,0.14,0.16,0.34194619432055,2,reviewed,hv,hv
2023-05-31T15:40:09.210Z,58.196,-155.263333333333,2.57,-0.62,ml,8,133,,0.07,av,av91106063,2023-06-02T02:01:52.900Z,"84 km NW of Karluk, Alaska",earthquake,0.29,0.54,0.196712193575317,8,reviewed,av,av
2023-05-31T15:36:58.300Z,19.4168333333333,-155.302333333333,2.15,0.57,md,18,76,,0.1,hv,hv73432302,2023-05-31T17:56:06.570Z,"Island of Hawaii, Hawaii",earthquake,0.22,0.2,0.0379137396171559,2,reviewed,hv,hv
2023-05-31T15:25:00.070Z,51.8561666666667,-178.095833333333,3.35,0.13,ml,4,216,,0.24,av,av91106053,2023-06-02T01:51:58.720Z,"100 km W of Adak, Alaska",earthquake,1.32,0.89,0.209191494567941,4,reviewed,av,av
2023-05-31T15:24:39.670Z,19.41,-155.279166666667,0.97,0.53,md,18,50,,0.08,hv,hv73432282,2023-05-31T18:04:09.430Z,"",earthquake,0.15,0.21,0.240623817124323,3,reviewed,hv,hv
2023-05-31T15:24:39.425Z,61.1937,-151.6645,78.1,1.4,ml,,,,0.5,ak,ak0236xz84t9,2023-06-09T23:02:30.690Z,"31 km WNW of Tyonek, Alaska",earthquake,,0.3,,,reviewed,ak,ak
2023-05-31T15:24:09.380Z,19.4171666666667,-155.264333333333,1.3,0.7,md,21,67,,0.1,hv,hv73432277,2023-05-31T18:12:42.180Z,"Island of Hawaii, Hawaii",earthquake,0.18,0.2,0.178336113281861,6,reviewed,hv,hv
2023-05-31T15:22:19.043Z,31.7065,50.959,10,4.3,mb,52,80,8.168,0.63,us,us7000k59l,2023-06-03T22:01:14.040Z,"Western Iran",earthquake,9.06,1.913,0.088,36,reviewed,us,us
2023-05-31T15:11:49.330Z,19.4103333333333,-155.274666666667,0.94,1.95,ml,25,45,,0.07,hv,hv73432252,2023-05-31T18:24:57.170Z,"Island of Hawaii, Hawaii",earthquake,0.13,0.15,0.199647830704626,13,reviewed,hv,hv
2023-05-31T15:08:59.160Z,38.8250008,-122.7965012,2.79,0.77,md,12,72,0.01072,0.03,nc,nc73892070,2023-05-31T15:59:15.815Z,"6km NNW of The Geysers, CA",earthquake,0.34,0.82,0.14,13,automatic,nc,nc
2023-05-31T15:07:53.456Z,64.9849,-147.3745,0,1.4,ml,,,,0.4,ak,ak0236xz4irp,2023-06-09T23:02:30.505Z,"11 km ENE of Fox, Alaska",explosion,,0,,,reviewed,ak,ak
2023-05-31T15:07:25.920Z,53.4008333333333,-168.191166666667,4.51,0.83,ml,6,232,,0.15,av,av91106048,2023-06-02T01:45:29.780Z,"68 km NE of Nikolski, Alaska",earthquake,0.9,0.77,0.385419117051612,6,reviewed,av,av
2023-05-31T15:07:18.530Z,33.9948333,-116.8393333,17.81,2.34,ml,101,19,0.048,0.15,ci,ci40238895,2023-06-05T23:05:32.560Z,"8km NNE of Banning, CA",earthquake,0.1,0.21,0.21,70,reviewed,ci,ci
2023-05-31T15:06:02.720Z,38.7581667,-122.7,1.57,0.36,md,10,71,0.01001,0.01,nc,nc73892060,2023-05-31T19:43:19.839Z,"2km SSW of Anderson Springs, CA",earthquake,0.57,0.95,0.169,3,reviewed,nc,nc
2023-05-31T15:03:39.060Z,34.0413333,-117.2476667,19.2,0.8,ml,29,96,0.09485,0.18,ci,ci40238887,2023-06-01T20:54:26.003Z,"2km ESE of Loma Linda, CA",earthquake,0.35,0.57,0.054,3,reviewed,ci,ci
2023-05-31T15:02:24.838Z,60.1382,-148.3749,0,1.5,ml,,,,0.89,ak,ak0236xz3e3d,2023-06-09T23:02:30.327Z,"21 km WNW of Chenega, Alaska",ice quake,,0,,,reviewed,ak,ak
2023-05-31T14:59:47.733Z,52.6332,-173.7821,154.623,3.3,ml,28,165,0.355,0.41,us,us7000k6ng,2023-06-27T12:00:42.040Z,"56 km NNE of Atka, Alaska",earthquake,14.42,4.968,0.081,20,reviewed,us,us
2023-05-31T14:56:07.460Z,32.3816667,-115.231,19.52,1.83,ml,14,78,0.07309,0.31,ci,ci40238879,2023-06-01T20:45:36.950Z,"5km NW of Delta, B.C., MX",earthquake,0.6,1.18,0.211,9,reviewed,ci,ci
2023-05-31T14:45:25.383Z,31.71981164,-104.321252,6.131567383,2.1,ml,17,64,0.05693954871,0.2,tx,tx2023kper,2023-06-01T08:41:03.591Z,"50 km S of Whites City, New Mexico",earthquake,0.797030463,1.278543762,0.1,18,reviewed,tx,tx
2023-05-31T14:45:13.592Z,-11.9373,166.6304,207.003,4.4,mb,58,51,7.021,0.62,us,us7000k59a,2023-06-07T14:30:57.040Z,"162 km SE of Lata, Solomon Islands",earthquake,10.44,7.176,0.088,40,reviewed,us,us
2023-05-31T14:45:12.680Z,38.8068352,-122.8253326,1.9,0.74,md,12,68,0.003626,0.03,nc,nc73892050,2023-05-31T15:21:15.600Z,"7km WNW of The Geysers, CA",earthquake,0.31,0.69,0.12,13,automatic,nc,nc
2023-05-31T14:44:55.428Z,52.2448,-176.1004,128.9,1.9,ml,,,,0.34,ak,ak0236xyr0ti,2023-06-09T23:02:32.823Z,"55 km NE of Adak, Alaska",earthquake,,0.6,,,reviewed,ak,ak
2023-05-31T14:44:41.910Z,19.3746666666667,-155.283,1.3,0.28,md,13,105,,0.08,hv,hv73432222,2023-05-31T18:39:58.910Z,"9 km SW of Volcano, Hawaii",earthquake,0.24,0.25,0.0375102388608165,3,reviewed,hv,hv
2023-05-31T14:36:28.918Z,39.1619,-119.6142,5.9,0.5,ml,5,258.45,0.074,0.1253,nn,nn00860585,2023-06-01T02:04:15.041Z,"8 km SSW of Dayton, Nevada",earthquake,,4.2,0,1,reviewed,nn,nn
2023-05-31T14:29:48.168Z,61.7829,-149.9807,41.4,1,ml,,,,0.53,ak,ak0236xynq2i,2023-06-09T23:02:30.096Z,"4 km NE of Willow, Alaska",earthquake,,0.5,,,reviewed,ak,ak
2023-05-31T14:26:22.660Z,33.7075,-116.7233333,18.36,0.9,ml,34,82,0.008471,0.16,ci,ci40238847,2023-06-01T20:40:48.123Z,"4km S of Idyllwild, CA",earthquake,0.25,0.38,0.122,19,reviewed,ci,ci
2023-05-31T14:22:09.380Z,18.2126,-68.6281,115,3.93,md,21,181,0.3894,0.53,pr,pr2023151001,2023-06-02T14:23:44.040Z,"18 km S of Boca de Yuma, Dominican Republic",earthquake,2.57,1.83,0.12,15,reviewed,pr,pr
2023-05-31T14:19:34.290Z,38.8066673,-122.8263321,2.11,0.51,md,9,69,0.003126,0.02,nc,nc73892040,2023-05-31T15:10:16.530Z,"7km WNW of The Geysers, CA",earthquake,0.38,1.22,0.28,9,automatic,nc,nc
2023-05-31T14:17:25.020Z,38.8100014,-122.7939987,2.92,0.74,md,9,108,0.002272,0.02,nc,nc73892035,2023-05-31T14:48:15.411Z,"5km NW of The Geysers, CA",earthquake,0.49,0.89,0.18,12,automatic,nc,nc
2023-05-31T14:10:41.723Z,32.75115967,-100.6615615,7.263061523,3.2,ml,25,48,0.08315822377,0.2,tx,tx2023kpdn,2023-06-01T18:32:24.988Z,"15 km NE of Hermleigh, Texas",earthquake,0.8793841715,0.8995919835,0.1,12,reviewed,tx,tx
2023-05-31T14:10:33.871Z,63.3967,-150.1453,4.1,1.6,ml,,,,0.69,ak,ak0236xyjozs,2023-06-09T23:02:29.840Z,"59 km W of Cantwell, Alaska",earthquake,,0.2,,,reviewed,ak,ak
2023-05-31T14:06:07.440Z,38.8055,-122.8216667,2.33,1.23,md,34,69,0.006764,0.04,nc,nc73892030,2023-05-31T20:44:12.542Z,"6km WNW of The Geysers, CA",earthquake,0.17,0.33,0.279,26,reviewed,nc,nc
2023-05-31T14:05:51.950Z,38.8041667,-122.8223333,2.01,2.21,md,76,18,0.007116,0.06,nc,nc73892025,2023-05-31T22:32:10.188Z,"6km WNW of The Geysers, CA",earthquake,0.1,0.14,0.181,69,reviewed,nc,nc
2023-05-31T14:01:45.537Z,55.3195,163.097,10,5.5,mww,90,89,3.482,0.76,us,us7000k58z,2023-05-31T19:17:57.040Z,"off the east coast of the Kamchatka Peninsula, Russia",earthquake,8.41,1.859,0.061,26,reviewed,us,us
2023-05-31T13:59:18.910Z,51.863,-178.0885,3.27,0.84,ml,5,205,,0.22,av,av91106043,2023-06-02T01:39:41.580Z,"100 km W of Adak, Alaska",earthquake,0.88,0.61,0.301231390570863,5,reviewed,av,av
2023-05-31T13:56:16.410Z,19.4116666666667,-155.305,1.84,0.89,md,17,92,,0.09,hv,hv73432142,2023-05-31T14:10:24.960Z,"8 km WSW of Volcano, Hawaii",earthquake,0.26,0.26,0.0313631901094353,2,reviewed,hv,hv
2023-05-31T13:53:07.000Z,19.407,-155.281,0.46,0.41,md,13,57,,0.07,hv,hv73432132,2023-05-31T14:15:38.200Z,"",earthquake,0.14,0.32,0.145838151625351,2,reviewed,hv,hv
2023-05-31T13:52:38.090Z,33.7578333,-116.9256667,13.73,1.01,ml,43,45,0.07059,0.19,ci,ci40238823,2023-06-01T20:31:40.594Z,"3km WNW of Valle Vista, CA",earthquake,0.2,0.39,0.151,28,reviewed,ci,ci
2023-05-31T13:49:46.090Z,19.4171666666667,-155.2625,1.53,0.46,md,14,82,,0.06,hv,hv73432122,2023-05-31T14:20:29.620Z,"",earthquake,0.24,0.28,0.0122434989167866,2,reviewed,hv,hv
2023-05-31T13:37:47.096Z,31.59708221,-104.242258,6.799975586,1.9,ml,20,72,0.07710114092,0.2,tx,tx2023kpcl,2023-06-01T11:25:00.078Z,"52 km NW of Toyah, Texas",earthquake,0.9027926653000001,1.070608429,0.1,25,reviewed,tx,tx
2023-05-31T13:24:02.227Z,60.7121,-148.7549,18.7,0.9,ml,,,,0.49,ak,ak0236xy16pc,2023-06-09T23:02:29.618Z,"7 km SSW of Whittier, Alaska",earthquake,,0.4,,,reviewed,ak,ak
2023-05-31T13:16:40.618Z,60.3164,-140.2058,1.6,1.4,ml,,,,0.57,ak,ak0236xxzk0v,2023-06-09T23:02:29.392Z,"89 km NNW of Yakutat, Alaska",earthquake,,0.2,,,reviewed,ak,ak
2023-05-31T13:16:33.920Z,33.4618333,-116.5746667,10.16,0.55,ml,28,77,0.04005,0.13,ci,ci40238799,2023-06-01T20:06:11.066Z,"14km SE of Anza, CA",earthquake,0.19,0.42,0.159,12,reviewed,ci,ci
2023-05-31T13:16:24.790Z,31.58903822,-104.2424682,4.974707031,1.9,ml,14,74,0.08488557871,0.2,tx,tx2023kpbt,2023-06-01T12:35:13.132Z,"52 km NW of Toyah, Texas",earthquake,1.320387693,1.695581609,0.1,15,reviewed,tx,tx
2023-05-31T13:14:33.056Z,67.1613,-155.2667,5.1,0.9,ml,,,,0.61,ak,ak0236xxz409,2023-06-09T23:02:32.639Z,"75 km ENE of Kobuk, Alaska",earthquake,,0.5,,,reviewed,ak,ak
2023-05-31T13:12:39.320Z,36.306,-89.5331666666667,9.38,1.64,md,19,83,0.03278,0.07,nm,nm60527126,2023-05-31T17:17:57.500Z,"6 km NW of Ridgely, Tennessee",earthquake,0.43,0.63,0.0756351012702848,16,reviewed,nm,nm
2023-05-31T13:07:35.000Z,19.175500869751,-155.479995727539,36.3400001525879,2.19000006,md,46,77,,0.100000001,hv,hv73432032,2023-05-31T13:10:59.800Z,"Island of Hawaii, Hawaii",earthquake,0.62,0.779999971,0.400000006,21,automatic,hv,hv
2023-05-31T13:03:02.884Z,58.1674,-155.3034,4.1,0.9,ml,,,,0.51,ak,ak0236xxwk5a,2023-06-09T23:02:29.197Z,"83 km NW of Karluk, Alaska",earthquake,,0.3,,,reviewed,ak,ak
2023-05-31T13:00:18.730Z,38.8286667,-122.8160019,1.42,0.61,md,11,67,0.007011,0.04,nc,nc73892010,2023-05-31T13:27:15.930Z,"8km NW of The Geysers, CA",earthquake,0.38,0.95,0.32,12,automatic,nc,nc
2023-05-31T13:00:10.953Z,63.3523,-151.5512,10.5,1,ml,,,,0.54,ak,ak0236xxw29z,2023-06-09T23:02:29.000Z,"22 km SSE of Denali National Park, Alaska",earthquake,,0.3,,,reviewed,ak,ak
2023-05-31T12:58:31.530Z,36.0183333,-120.5818333,3.01,0.78,md,16,115,0.03773,0.07,nc,nc73892005,2023-05-31T19:40:10.258Z,"19km NW of Parkfield, CA",earthquake,0.28,0.59,0.108,8,reviewed,nc,nc
2023-05-31T12:52:56.017Z,58.249,-154.9401,5.3,0.9,ml,,,,0.46,ak,ak0236xxlv1v,2023-06-09T23:02:28.779Z,"81 km NNW of Karluk, Alaska",earthquake,,0.2,,,reviewed,ak,ak
2023-05-31T12:41:44.340Z,35.9513333,-117.689,4.46,1.43,ml,7,108,0.03152,0.03,ci,ci40238775,2023-06-01T18:56:18.936Z,"20km E of Little Lake, CA",earthquake,0.15,0.24,0.136,5,reviewed,ci,ci
2023-05-31T12:41:33.525Z,61.7807,-150.9438,63.9,1.3,ml,,,,0.42,ak,ak0236xxjgql,2023-06-09T23:02:28.550Z,"33 km SE of Skwentna, Alaska",earthquake,,0.4,,,reviewed,ak,ak
2023-05-31T12:31:45.100Z,19.4028333333333,-155.2885,1.59,0.58,md,15,62,,0.09,hv,hv73431992,2023-05-31T12:50:07.000Z,"7 km SW of Volcano, Hawaii",earthquake,0.23,0.28,0.108039224255228,3,reviewed,hv,hv
2023-05-31T12:29:33.270Z,-10.9554,166.3657,130.521,4.6,mb,49,101,6.495,0.7,us,us7000k58s,2023-06-14T05:38:37.040Z,"67 km ESE of Lata, Solomon Islands",earthquake,12.49,7.795,0.089,38,reviewed,us,us
2023-05-31T12:24:24.712Z,54.4347,-159.7774,35,3.8,mb,109,193,1.002,0.81,us,us7000k59n,2023-06-14T05:27:17.040Z,"south of Alaska",earthquake,6,1.997,0.254,4,reviewed,us,us
2023-05-31T12:22:21.620Z,57.1526666666667,-135.653833333333,1.34,0.78,ml,4,142,,0.25,av,av91105413,2023-05-31T17:56:55.550Z,"22 km WNW of Sitka, Alaska",earthquake,2.12,3.4,0.233618016867622,4,reviewed,av,av
2023-05-31T12:20:44.740Z,58.1871666666667,-155.3115,2.14,0.59,ml,9,153,,0.09,av,av91106033,2023-06-02T01:26:51.770Z,"85 km NW of Karluk, Alaska",earthquake,0.26,0.44,0.27026104027348,9,reviewed,av,av
2023-05-31T12:20:35.760Z,19.4111666666667,-155.282166666667,0.59,0.51,md,15,54,,0.07,hv,hv73431972,2023-05-31T13:00:18.970Z,"",earthquake,0.13,0.24,0.0580134691872521,4,reviewed,hv,hv
2023-05-31T12:20:31.500Z,58.1856666666667,-155.310833333333,2.56,0.49,ml,10,155,,0.12,av,av91106038,2023-06-02T01:30:59.230Z,"85 km NW of Karluk, Alaska",earthquake,0.31,0.41,0.239259136467912,10,reviewed,av,av
2023-05-31T12:17:07.990Z,19.428,-155.270333333333,2.13,0.5,md,16,120,,0.11,hv,hv73431957,2023-05-31T13:05:40.370Z,"",earthquake,0.27,0.24,0.155186255978991,3,reviewed,hv,hv
2023-05-31T12:16:48.486Z,57.4459,-155.5286,67.6,1.6,ml,,,,0.41,ak,ak0236xxe5bb,2023-06-09T23:02:28.061Z,"65 km WSW of Karluk, Alaska",earthquake,,0.4,,,reviewed,ak,ak
2023-05-31T12:01:28.560Z,33.785,-116.9398333,12.39,0.73,ml,30,96,0.09232,0.11,ci,ci40238743,2023-06-01T18:53:55.929Z,"2km E of San Jacinto, CA",earthquake,0.19,0.39,0.167,11,reviewed,ci,ci
2023-05-31T12:01:00.858Z,61.7235,-150.8834,60.6,1,ml,,,,0.51,ak,ak0236xxatm6,2023-06-09T23:02:27.842Z,"28 km NW of Susitna, Alaska",earthquake,,0.6,,,reviewed,ak,ak
2023-05-31T11:58:34.510Z,33.787,-116.9338333,11.99,1.7,ml,62,25,0.03526,0.2,ci,ci40238735,2023-05-31T13:13:35.090Z,"2km E of San Jacinto, CA",earthquake,0.2,0.51,0.261,25,reviewed,ci,ci
2023-05-31T11:56:13.460Z,19.4153327941895,-155.268997192383,1.69000005722046,1.76999998,md,15,52,,0.129999995,hv,hv73431912,2023-05-31T12:01:50.540Z,"4 km SW of Volcano, Hawaii",earthquake,0.27,0.400000006,1.29999995,10,automatic,hv,hv
2023-05-31T11:55:29.640Z,19.208833694458,-155.386505126953,5.30000019073486,2.34,ml,9,245,,0.109999999,hv,hv73431902,2023-05-31T12:01:00.170Z,"9 km E of Pāhala, Hawaii",earthquake,2.15,5.30999994,0.6,8,automatic,hv,hv
2023-05-31T11:52:15.580Z,19.2443332672119,-155.396331787109,31.8700008392334,1.78,ml,46,153,,0.129999995,hv,hv73431897,2023-05-31T11:57:48.720Z,"9 km ENE of Pāhala, Hawaii",earthquake,0.46,0.74000001,5.16,3,automatic,hv,hv
2023-05-31T11:45:58.147Z,-22.3577,-174.2696,10,4.5,mb,12,128,1.467,0.58,us,us7000k6tt,2023-06-11T06:40:15.040Z,"133 km SSE of ‘Ohonua, Tonga",earthquake,9.58,1.782,0.192,8,reviewed,us,us
2023-05-31T11:37:43.448Z,62.871,-148.3471,11.9,1,ml,,,,0.76,ak,ak0236xwx74j,2023-06-09T23:02:27.628Z,"65 km SSE of Cantwell, Alaska",earthquake,,0.1,,,reviewed,ak,ak
2023-05-31T11:37:38.545Z,51.4687,-175.9554,22.2,1.7,ml,,,,0.53,ak,ak0236xwx6nt,2023-06-09T23:02:27.430Z,"65 km SE of Adak, Alaska",earthquake,,0.5,,,reviewed,ak,ak
2023-05-31T11:29:35.732Z,61.5133,-149.712,34.5,0.9,ml,,,,0.5,ak,ak0236xwvgoz,2023-06-09T23:02:27.214Z,"Southern Alaska",earthquake,,0.6,,,reviewed,ak,ak
2023-05-31T11:21:59.253Z,61.1686,-146.9241,0,1,ml,,,,0.96,ak,ak0236xwtwbs,2023-06-09T23:02:27.031Z,"31 km W of Valdez, Alaska",ice quake,,0,,,reviewed,ak,ak
2023-05-31T11:20:14.013Z,25.1051,96.2315,10,5.9,mww,194,43,4.379,0.71,us,us7000k58h,2023-06-21T11:32:01.316Z,"121 km WSW of Myitkyina, Myanmar",earthquake,6.38,1.321,0.075,17,reviewed,us,us
2023-05-31T11:10:08.010Z,33.6268333,-116.6955,15.75,0.95,ml,37,36,0.06611,0.15,ci,ci40238703,2023-05-31T13:13:54.770Z,"8km NNW of Anza, CA",earthquake,0.23,0.35,0.16,28,reviewed,ci,ci
2023-05-31T11:08:23.452Z,51.5866,-177.9823,81.037,2.5,ml,9,197,0.251,0.24,us,us7000k6nb,2023-06-11T06:19:31.040Z,"98 km WSW of Adak, Alaska",earthquake,5.26,5.937,0.097,14,reviewed,us,us
2023-05-31T11:03:08.640Z,51.8505,-177.759166666667,2.24,1.09,ml,7,152,,0.1,av,av91106023,2023-06-02T01:20:08.150Z,"77 km W of Adak, Alaska",earthquake,0.54,1.18,0.314181226933954,8,reviewed,av,av
2023-05-31T11:02:50.170Z,33.3401667,-116.325,13.58,0.68,ml,30,138,0.03774,0.2,ci,ci40238695,2023-06-01T18:46:01.626Z,"10km NNE of Borrego Springs, CA",earthquake,0.39,0.78,0.096,12,reviewed,ci,ci
2023-05-31T11:02:25.326Z,1.1203,-90.7602,10,4.5,mb,49,174,10.362,0.56,us,us7000k6tr,2023-06-11T06:17:42.040Z,"211 km NNW of Puerto Ayora, Ecuador",earthquake,12.21,1.951,0.088,38,reviewed,us,us
2023-05-31T11:00:58.320Z,58.2686666666667,-155.146833333333,32.41,-0.13,ml,13,80,,0.14,av,av91106018,2023-06-02T01:11:56.800Z,"",earthquake,0.46,0.76,0.296666912834246,12,reviewed,av,av
2023-05-31T10:59:22.770Z,58.2491666666667,-155.095666666667,32.44,-0.46,ml,8,106,,0.07,av,av91106013,2023-06-02T01:02:04.240Z,"Alaska Peninsula",earthquake,0.57,0.64,0.269347515480592,7,reviewed,av,av
2023-05-31T10:58:47.679Z,59.9405,-141.1432,1.2,1,ml,,,,0.69,ak,ak0236xwg9ka,2023-06-09T23:02:26.600Z,"90 km WNW of Yakutat, Alaska",earthquake,,0.3,,,reviewed,ak,ak
2023-05-31T10:58:10.061Z,67.0905,-141.8539,26.8,1.4,ml,,,,0.86,ak,ak0236xwg6xa,2023-06-09T23:02:32.452Z,"95 km ENE of Chalkyitsik, Alaska",earthquake,,1.4,,,reviewed,ak,ak
2023-05-31T10:55:17.850Z,1.4439,-90.6943,10,5.5,mww,152,145,10.091,0.48,us,us7000k58f,2023-06-11T06:15:23.741Z,"245 km N of Puerto Ayora, Ecuador",earthquake,10.7,1.905,0.046,46,reviewed,us,us
2023-05-31T10:52:28.254Z,67.9712,-157.9465,11.4,2.5,ml,,,,0.96,ak,ak0236xwey15,2023-06-12T20:11:53.068Z,"98 km N of Ambler, Alaska",earthquake,,0.3,,,reviewed,ak,ak
2023-05-31T10:48:53.825Z,50.1029,-179.0813,10,2.6,ml,18,276,1.462,0.5,us,us7000k7jr,2023-06-11T05:54:34.040Z,"",earthquake,7.05,2.021,0.085,18,reviewed,us,us
2023-05-31T10:48:02.839Z,22.3165,121.232,31.36,4.4,mb,25,118,0.518,1.02,us,us7000k6tz,2023-06-11T05:51:43.040Z,"Taiwan region",earthquake,5.83,6.548,0.179,9,reviewed,us,us
2023-05-31T10:46:35.740Z,44.758,-114.386,7.75,1.59,ml,13,119,0.4496,0.08,mb,mb90016368,2023-06-01T04:22:09.750Z,"30 km NNW of Challis, Idaho",earthquake,0.44,1.03,0.158608299133025,16,reviewed,mb,mb
2023-05-31T10:41:08.860Z,38.7944984,-122.7633362,3.02,0.79,md,17,64,0.006741,0.02,nc,nc73891985,2023-05-31T10:58:15.052Z,"2km NNW of The Geysers, CA",earthquake,0.3,0.61,0.14,17,automatic,nc,nc
2023-05-31T10:38:29.128Z,59.9778,-141.0909,9.6,1.1,ml,,,,0.54,ak,ak0236xwbz0c,2023-06-09T23:02:26.386Z,"90 km WNW of Yakutat, Alaska",earthquake,,0.2,,,reviewed,ak,ak
2023-05-31T10:37:21.904Z,60.7394,-150.5651,43.6,1.2,ml,,,,0.5,ak,ak0236xwbprd,2023-06-09T23:02:26.146Z,"21 km SSE of Point Possession, Alaska",earthquake,,0.5,,,reviewed,ak,ak
2023-05-31T10:37:00.179Z,-23.464,171.7801,10,4.7,mb,38,122,4.081,0.43,us,us7000k58b,2023-06-11T05:48:34.040Z,"southeast of the Loyalty Islands",earthquake,5,1.918,0.102,30,reviewed,us,us
2023-05-31T10:33:37.520Z,34.2248333,-117.4235,13.76,1.22,ml,50,31,0.03232,0.2,ci,ci40238671,2023-05-31T14:33:28.124Z,"2km W of Devore, CA",earthquake,0.22,0.34,0.148,28,reviewed,ci,ci
2023-05-31T10:31:36.140Z,40.4223333,-123.78,9.06,2.02,md,19,78,0.0313,0.12,nc,nc73891980,2023-05-31T20:20:12.510Z,"29km ESE of Rio Dell, CA",earthquake,0.23,0.37,0.332,22,reviewed,nc,nc
2023-05-31T10:27:09.637Z,60.04,-152.929,112.1,1.6,ml,,,,0.55,ak,ak0236xw9jnv,2023-06-09T23:02:25.867Z,"67 km W of Happy Valley, Alaska",earthquake,,0.3,,,reviewed,ak,ak
2023-05-31T10:18:31.699Z,35.10066667,-95.54116667,7.31,1.22,ml,30,84,0.1169770451,0.25,ok,ok2023kovw,2023-06-01T13:52:20.750Z,"12 km ESE of Crowder, Oklahoma",earthquake,,0.8,0.05,5,reviewed,ok,ok
2023-05-31T10:15:44.446Z,59.7876,-151.084,33.9,1.6,ml,,,,0.68,ak,ak0236xw71of,2023-06-09T23:02:25.605Z,"10 km SW of Fox River, Alaska",earthquake,,0.4,,,reviewed,ak,ak
2023-05-31T10:15:32.530Z,34.4453333,-119.3735,7.34,0.69,ml,8,168,0.08105,0.29,ci,ci40238663,2023-05-31T14:21:00.286Z,"12km W of Ojai, CA",earthquake,1.05,1.34,0.158,4,reviewed,ci,ci
2023-05-31T10:15:24.334Z,51.406,-178.2883,24.2,1.6,ml,,,,0.4,ak,ak0236xw708h,2023-06-09T23:02:31.814Z,"125 km WSW of Adak, Alaska",earthquake,,0.4,,,reviewed,ak,ak
2023-05-31T10:14:21.219Z,61.1658,-146.8711,0,1.2,ml,,,,1.02,ak,ak0236xw6sc3,2023-06-09T23:02:25.417Z,"28 km W of Valdez, Alaska",ice quake,,0,,,reviewed,ak,ak
2023-05-31T10:08:55.710Z,19.2304992675781,-155.455825805664,32.8600006103516,1.75,md,40,121,,0.129999995,hv,hv73431762,2023-05-31T10:12:14.760Z,"3 km NE of Pāhala, Hawaii",earthquake,0.58,0.800000012,1.75,4,automatic,hv,hv
2023-05-31T10:07:55.676Z,32.75665283,-100.6722799,5.893595378,2,ml,15,77,0.08751354602,0.2,tx,tx2023kovo,2023-05-31T13:04:49.034Z,"15 km NNE of Hermleigh, Texas",earthquake,1.086288048,1.932983525,0.2,10,reviewed,tx,tx
2023-05-31T10:04:37.583Z,43.4358,-71.8439,6.458,2.2,mb_lg,19,97,0.42,0.39,us,us7000k57r,2023-06-17T21:32:50.971Z,"New Hampshire",earthquake,1.45,4.302,0.193,7,reviewed,us,us
2023-05-31T10:04:21.482Z,2.3217,96.7774,31.319,4,mb,16,151,1.288,0.51,us,us7000k6tp,2023-06-11T05:45:04.040Z,"47 km ESE of Sinabang, Indonesia",earthquake,9.19,7.122,0.196,7,reviewed,us,us
2023-05-31T09:55:36.530Z,59.9667,-153.0628,107.3,1.6,ml,,,,0.59,ak,ak0236xvu66q,2023-06-09T23:02:25.130Z,"Southern Alaska",earthquake,,0.2,,,reviewed,ak,ak
2023-05-31T09:51:05.923Z,38.892,-119.6214,1.7,1.6,ml,16,114.16,0.01,0.1315,nn,nn00860564,2023-06-01T02:04:08.684Z,"3 km NNE of Carter Springs, Nevada",earthquake,,1.5,0.31,6,reviewed,nn,nn
2023-05-31T09:42:22.463Z,36.6957,-115.8802,3.1,0.3,ml,19,253.97,0.074,0.1528,nn,nn00860563,2023-06-01T02:04:04.457Z,"23 km NW of Indian Springs, Nevada",earthquake,,3.1,0.23,8,reviewed,nn,nn
2023-05-31T09:39:51.800Z,33.717,-116.7648333,15.22,0.79,ml,29,66,0.04263,0.15,ci,ci40238655,2023-05-31T13:14:13.840Z,"5km WSW of Idyllwild, CA",earthquake,0.26,0.44,0.097,15,reviewed,ci,ci
2023-05-31T09:39:19.774Z,52.4104,-174.3047,91.281,2.9,ml,14,172,0.056,0.79,us,us7000k6nc,2023-06-12T20:10:27.067Z,"24 km NNW of Atka, Alaska",earthquake,11.55,12.188,0.091,16,reviewed,us,us
2023-05-31T09:37:05.978Z,61.4892,-151.9891,7.5,1.7,ml,,,,0.8,ak,ak0236xvq8w1,2023-06-09T23:02:24.861Z,"62 km NW of Beluga, Alaska",earthquake,,0.1,,,reviewed,ak,ak
2023-05-31T09:30:44.227Z,62.7304,-152.1705,140.5,1.7,ml,,,,0.63,ak,ak0236xvott9,2023-06-09T23:02:24.603Z,"76 km WNW of Petersville, Alaska",earthquake,,0.6,,,reviewed,ak,ak
2023-05-31T09:28:30.920Z,61.4914,-149.7195,29.6,2.4,ml,,,,0.78,ak,ak0236xvodee,2023-06-11T05:32:37.040Z,"3 km N of Knik, Alaska",earthquake,,0.3,,,reviewed,ak,ak
2023-05-31T09:28:15.700Z,19.400333404541,-155.267166137695,0.159999996423721,1.82,ml,16,68,,0.209999993,hv,hv73431707,2023-05-31T09:33:46.620Z,"5 km SW of Volcano, Hawaii",earthquake,0.19,0.310000002,0.28,8,automatic,hv,hv
2023-05-31T09:28:01.329Z,-25.3091,179.569,516.336,4.2,mb,21,103,4.527,0.53,us,us7000k570,2023-06-11T05:28:51.040Z,"",earthquake,14.97,10.077,0.128,17,reviewed,us,us
2023-05-31T09:27:51.890Z,38.841835,-122.8769989,2.33,0.95,md,14,89,0.006198,0.02,nc,nc73891965,2023-05-31T09:44:12.607Z,"13km NW of The Geysers, CA",earthquake,0.32,0.67,0.17,15,automatic,nc,nc
2023-05-31T09:25:35.730Z,33.8158333,-118.1711667,5.3,2.32,ml,70,84,0.03429,0.3,ci,ci40238647,2023-06-08T15:37:09.800Z,"1km NNW of Signal Hill, CA",earthquake,0.29,0.57,0.154,152,reviewed,ci,ci
2023-05-31T09:24:50.350Z,58.1898333333333,-155.275,2.44,0.12,ml,12,54,,0.09,av,av91106003,2023-06-02T00:48:58.630Z,"84 km NW of Karluk, Alaska",earthquake,0.19,0.39,0.307425634433431,12,reviewed,av,av
2023-05-31T09:15:40.635Z,37.0904,-116.7577,3.5,0.8,ml,13,144.61,0.061,0.1529,nn,nn00860562,2023-06-01T02:04:01.583Z,"20 km N of Beatty, Nevada",earthquake,,3.6,0.48,6,reviewed,nn,nn
2023-05-31T09:14:54.530Z,51.8706666666667,-177.698833333333,2.66,1.11,ml,5,161,,0.31,av,av91105988,2023-06-02T00:32:01.700Z,"Andreanof Islands, Aleutian Islands, Alaska",earthquake,1.1,2.73,0.342935856532103,5,reviewed,av,av
2023-05-31T09:14:03.073Z,63.9389,-149.0289,2.1,1.5,ml,,,,0.87,ak,ak0236xvlb9u,2023-06-09T23:02:23.976Z,"9 km NNW of Healy, Alaska",earthquake,,0.2,,,reviewed,ak,ak
2023-05-31T09:08:20.360Z,58.183,-155.291333333333,2.35,0.21,ml,11,96,,0.07,av,av91105998,2023-06-09T23:00:22.438Z,"84 km NW of Karluk, Alaska",earthquake,0.22,0.41,0.284471532245046,11,reviewed,av,av
2023-05-31T09:06:06.660Z,34.1695,-116.4333333,11.73,0.85,ml,29,56,0.03552,0.14,ci,ci40238631,2023-06-01T18:22:38.154Z,"6km N of Yucca Valley, CA",earthquake,0.2,0.43,0.145,11,reviewed,ci,ci
2023-05-31T09:06:03.090Z,19.1340007781982,-155.393661499023,32.1100006103516,2.15,ml,51,182,,0.100000001,hv,hv73431682,2023-06-11T05:24:06.040Z,"11 km SE of Pāhala, Hawaii",earthquake,0.49,0.769999981,3.25,14,automatic,hv,hv
2023-05-31T09:05:49.440Z,19.6718,-65.7216,74,4.03,md,16,248,1.4332,0.67,pr,pr2023151000,2023-06-11T05:22:58.040Z,"138 km N of Suárez, Puerto Rico",earthquake,5.82,16.54,0.11,9,reviewed,pr,pr
2023-05-31T09:04:18.925Z,58.266,-155.1129,2.8,1.1,ml,,,,0.54,ak,ak0236xvj7c6,2023-06-09T23:02:23.771Z,"86 km NNW of Karluk, Alaska",earthquake,,0.3,,,reviewed,ak,ak
2023-05-31T09:01:10.950Z,33.3773333,-116.8713333,4.73,0.54,ml,33,64,0.02475,0.16,ci,ci40238623,2023-06-01T18:04:01.665Z,"2km NNW of Palomar Observatory, CA",earthquake,0.19,0.32,0.122,11,reviewed,ci,ci
2023-05-31T09:00:23.266Z,40.1121,-119.7271,15,0.7,ml,3,207.88,0.058,0.1061,nn,nn00860580,2023-06-01T02:04:10.163Z,"20 km NNW of Sutcliffe, Nevada",earthquake,,3.6,0.3,3,reviewed,nn,nn
2023-05-31T08:59:38.170Z,57.1309,-135.6804,3.9,1.4,ml,,,,0.61,ak,ak0236xv9lll,2023-06-09T23:02:31.426Z,"22 km WNW of Sitka, Alaska",earthquake,,0.8,,,reviewed,ak,ak
2023-05-31T08:57:50.483Z,60.4019,-147.73,14.4,1,ml,,,,0.59,ak,ak0236xv978g,2023-06-09T23:02:23.561Z,"40 km NNE of Chenega, Alaska",earthquake,,0.2,,,reviewed,ak,ak
2023-05-31T08:54:04.180Z,33.818,-118.1811667,6.99,2.08,ml,52,78,0.03125,0.29,ci,ci40238615,2023-06-08T15:40:21.535Z,"2km NW of Signal Hill, CA",earthquake,0.33,0.66,0.127,43,reviewed,ci,ci
2023-05-31T08:49:53.990Z,38.688,-112.5008333,8.05,1.26,ml,11,227,0.08892,0.1,uu,uu60541296,2023-05-31T13:29:43.240Z,"13 km SSW of Kanosh, Utah",earthquake,1.87,1.33,0.157,4,reviewed,uu,uu
2023-05-31T08:46:40.711Z,31.60623083,-104.2503938,7.314135742,2.1,ml,25,70,0.06663821662,0.3,tx,tx2023kosv,2023-05-31T13:32:32.075Z,"54 km NW of Toyah, Texas",earthquake,1.34224653,1.099679805,0.2,18,reviewed,tx,tx
2023-05-31T08:42:45.156Z,61.895,-152.2165,124,1.5,ml,,,,0.49,ak,ak0236xv5zh8,2023-06-09T23:02:23.324Z,"44 km WSW of Skwentna, Alaska",earthquake,,0.5,,,reviewed,ak,ak
2023-05-31T08:42:19.431Z,40.1874,-119.7649,13,0.4,ml,3,249.62,0.031,0.0912,nn,nn00860579,2023-06-01T02:04:09.400Z,"29 km NNW of Sutcliffe, Nevada",earthquake,,4.1,0.23,3,reviewed,nn,nn
2023-05-31T08:27:53.134Z,31.62878439,-104.2441039,4.897583008,2.1,ml,22,63,0.04640932995,0.3,tx,tx2023kosf,2023-05-31T12:52:26.031Z,"55 km NW of Toyah, Texas",earthquake,0.9046890344000001,1.253525947,0.1,14,reviewed,tx,tx
2023-05-31T08:27:22.382Z,50.7816,176.8894,10,3,ml,14,247,1.549,0.23,us,us7000k5dt,2023-06-09T23:02:23.118Z,"Rat Islands, Aleutian Islands, Alaska",earthquake,4.59,2.006,0.091,16,reviewed,us,us
2023-05-31T08:14:25.515Z,53.0553,160.0508,50.537,4.4,mb,40,117,0.847,0.74,us,us7000k6tm,2023-06-14T07:23:50.040Z,"95 km E of Petropavlovsk-Kamchatsky, Russia",earthquake,5,7.192,0.126,18,reviewed,us,us
2023-05-31T08:11:15.184Z,-56.715,-26.1024,46.667,4.9,mb,36,68,6.384,0.76,us,us7000k56b,2023-05-31T08:34:11.040Z,"South Sandwich Islands region",earthquake,11.23,5.484,0.128,37,reviewed,us,us
2023-05-31T08:06:26.617Z,39.3289,-119.9868,8.8,-0.3,ml,4,137.28,0.053,0.1412,nn,nn00860584,2023-06-01T02:04:13.707Z,"7 km SSE of Floriston, California",earthquake,,3.7,0,1,reviewed,nn,nn
2023-05-31T07:57:37.850Z,34.75466667,-97.52366667,5.63,1.95,ml,86,55,0.118776692,0.28,ok,ok2023korf,2023-05-31T12:05:37.422Z,"9 km SE of Erin Springs, Oklahoma",earthquake,,0.6,0.21,32,reviewed,ok,ok
2023-05-31T07:50:45.570Z,47.55233333333334,-122.33216666666667,29.53,1.24,ml,30,48,0.05632,0.33,uw,uw61929431,2023-05-31T22:40:43.460Z,"4 km NNE of White Center, Washington",earthquake,0.47,1.03,0.1663599116399317,13,reviewed,uw,uw
2023-05-31T07:44:11.140Z,36.3988333,-117.8793333,1.71,2.09,ml,25,69,0.2488,0.2,ci,ci40238607,2023-06-01T17:41:08.764Z,"17km NE of Olancha, CA",earthquake,0.31,1.01,0.101,17,reviewed,ci,ci
2023-05-31T07:42:29.360Z,33.1946667,-115.5971667,3.01,1.58,ml,19,88,0.02311,0.18,ci,ci40238599,2023-06-01T17:36:12.146Z,"9km SW of Niland, CA",earthquake,0.33,0.24,0.202,23,reviewed,ci,ci
2023-05-31T07:41:36.335Z,37.1738,-117.2567,5,1.2,ml,19,165.94,0.198,0.1496,nn,nn00860558,2023-06-01T02:04:00.703Z,"53 km WNW of Beatty, Nevada",earthquake,,2.1,0.24,6,reviewed,nn,nn
2023-05-31T07:39:54.771Z,-16.4024,-174.5359,175.163,4.2,mb,27,62,2.292,0.55,us,us7000k6tk,2023-06-14T05:49:32.040Z,"93 km WSW of Hihifo, Tonga",earthquake,6.4,8.132,0.141,14,reviewed,us,us
2023-05-31T07:30:19.160Z,35.8751667,-117.7188333,9.87,1.59,ml,15,114,0.07627,0.17,ci,ci40238591,2023-05-31T13:15:32.750Z,"18km ESE of Little Lake, CA",earthquake,0.45,0.93,0.142,16,reviewed,ci,ci
2023-05-31T07:29:02.590Z,44.7866667,-110.387,5.53,2.26,ml,13,139,0.0412,0.18,uu,uu60541291,2023-05-31T13:25:03.290Z,"",earthquake,0.83,1.35,0.355,2,reviewed,uu,uu
2023-05-31T07:14:09.741Z,64.8678,-147.5378,20.6,1.3,ml,,,,0.58,ak,ak0236xuegku,2023-06-05T21:23:41.321Z,"7 km N of Badger, Alaska",earthquake,,0.2,,,reviewed,ak,ak
2023-05-31T07:14:04.028Z,64.8732,-147.5448,11.4,1.1,ml,,,,0.31,ak,ak0236xueg4e,2023-06-10T18:58:09.904Z,"8 km N of Badger, Alaska",earthquake,,0.7,,,reviewed,ak,ak
2023-05-31T07:12:48.357Z,40.2292,77.2073,10,4.3,mb,22,73,1.458,1.3,us,us7000k565,2023-05-31T08:41:29.040Z,"133 km NE of Kashgar, China",earthquake,3.73,1.961,0.237,5,reviewed,us,us
2023-05-31T06:59:25.960Z,17.6698333333333,-66.7558333333333,13.11,2.79,md,10,251,0.3255,0.1,pr,pr71411843,2023-05-31T08:37:25.810Z,"36 km S of Tallaboa, Puerto Rico",earthquake,0.58,1.51,0.0399298261118501,6,reviewed,pr,pr
2023-05-31T06:57:10.090Z,38.8230019,-122.8001633,1.51,0.8,md,9,96,0.007752,0.02,nc,nc73891930,2023-05-31T07:13:09.694Z,"6km NW of The Geysers, CA",earthquake,0.46,0.68,0.2,9,automatic,nc,nc
2023-05-31T06:54:10.760Z,33.4436667,-116.6338333,4.04,0.56,ml,20,65,0.05736,0.13,ci,ci40238583,2023-05-31T13:15:10.570Z,"13km SSE of Anza, CA",earthquake,0.26,0.52,0.111,15,reviewed,ci,ci
2023-05-31T06:42:56.050Z,38.5427,-119.4774,8.2,1,ml,5,181.03,0.049,0.0499,nn,nn00860583,2023-06-01T02:04:12.889Z,"3 km N of Walker, California",earthquake,,2.2,0.16,2,reviewed,nn,nn
2023-05-31T06:42:19.140Z,34.023,-116.8478333,19.18,1,ml,34,96,0.1015,0.13,ci,ci40238575,2023-06-01T17:29:40.750Z,"11km NNE of Banning, CA",earthquake,0.18,0.5,0.064,11,reviewed,ci,ci
2023-05-31T06:36:06.010Z,58.1895,-155.318333333333,0.86,-0.54,ml,7,152,,0.07,av,av91105978,2023-06-02T00:15:04.080Z,"86 km NW of Karluk, Alaska",earthquake,0.27,0.7,0.226150949830629,7,reviewed,av,av
2023-05-31T06:32:41.630Z,58.2573333333333,-155.140333333333,31.81,-0.11,ml,7,100,,0.09,av,av91105973,2023-06-02T00:08:14.540Z,"Alaska Peninsula",earthquake,1.18,0.69,0.360247108720361,7,reviewed,av,av
2023-05-31T06:32:27.860Z,58.2603333333333,-155.135166666667,32.29,0.09,ml,13,82,,0.12,av,av91105968,2023-06-02T00:01:45.110Z,"86 km NNW of Karluk, Alaska",earthquake,0.43,0.66,0.320905045412982,12,reviewed,av,av
2023-05-31T06:31:53.210Z,58.2603333333333,-155.1285,31.52,0.26,ml,14,84,,0.13,av,av91105963,2023-06-05T21:21:57.254Z,"86 km NNW of Karluk, Alaska",earthquake,0.46,0.68,0.272967031908816,14,reviewed,av,av
2023-05-31T06:31:02.920Z,57.0596,-135.7328,11.9,1.6,ml,,,,1.11,ak,ak0236xtwnl3,2023-06-10T18:58:09.733Z,"24 km W of Sitka, Alaska",earthquake,,0.2,,,reviewed,ak,ak
2023-05-31T06:30:48.180Z,58.257,-155.132166666667,32.07,-0.24,ml,10,108,,0.18,av,av91105958,2023-06-01T23:46:13.340Z,"86 km NNW of Karluk, Alaska",earthquake,0.61,0.93,0.322275324299448,10,reviewed,av,av
2023-05-31T06:29:53.000Z,58.1821666666667,-155.272333333333,1.4,0.02,ml,6,150,,0.03,av,av91105953,2023-06-01T23:36:50.810Z,"83 km NW of Karluk, Alaska",earthquake,0.21,0.92,0.280992871980642,6,reviewed,av,av
2023-05-31T06:26:35.470Z,52.3258333333333,-174.141666666667,9.19,0.42,ml,4,112,,0.17,av,av91105948,2023-06-01T23:32:13.530Z,"14 km NNE of Atka, Alaska",earthquake,0.84,1.12,0.297537954411224,4,reviewed,av,av
2023-05-31T06:26:11.160Z,34.21716667,-97.76683333,23.67,1.13,ml,28,113,0.1403724541,0.43,ok,ok2023koof,2023-06-01T13:40:42.273Z,"14 km SSW of Loco, Oklahoma",earthquake,,1.5,0.28,13,reviewed,ok,ok
2023-05-31T06:20:18.966Z,37.3126,-117.5782,3.7,1.3,ml,8,128.52,0.096,0.143,nn,nn00860556,2023-06-01T02:03:57.187Z,"49 km S of Silver Peak, Nevada",earthquake,,4.9,0.19,3,reviewed,nn,nn
2023-05-31T06:14:06.144Z,38.8695,-119.6435,1.3,1.1,ml,12,113.47,0.036,0.1535,nn,nn00860555,2023-06-01T02:03:55.976Z,"0 km NNW of Carter Springs, Nevada",earthquake,,4.7,0.16,7,reviewed,nn,nn
2023-05-31T06:08:29.830Z,52.2806666666667,-174.165166666667,10.64,0.45,ml,4,233,,0.08,av,av91105938,2023-06-01T23:26:05.120Z,"9 km NNE of Atka, Alaska",earthquake,0.72,0.81,0.424831763502911,4,reviewed,av,av
2023-05-31T06:05:37.920Z,58.1921666666667,-155.320666666667,2.45,0.62,ml,13,101,,0.12,av,av91105933,2023-06-05T21:21:49.885Z,"86 km NW of Karluk, Alaska",earthquake,0.22,0.33,0.328573029319315,14,reviewed,av,av
2023-05-31T06:02:06.999Z,58.197,-155.251,1.8,1.8,ml,,,,0.66,ak,ak0236xtqg6a,2023-06-10T18:58:09.330Z,"",earthquake,,0.3,,,reviewed,ak,ak
2023-05-31T06:01:57.411Z,61.6567,-148.2673,14.5,0.9,ml,,,,0.88,ak,ak0236xtqbhq,2023-06-10T18:58:09.530Z,"18 km SSE of Chickaloon, Alaska",earthquake,,0.2,,,reviewed,ak,ak
2023-05-31T05:59:32.050Z,52.271,-174.1515,10.13,0.41,ml,4,245,,0.07,av,av91105923,2023-06-01T23:09:51.190Z,"8 km NNE of Atka, Alaska",earthquake,0.65,0.72,0.441374881664744,4,reviewed,av,av
2023-05-31T05:56:55.940Z,39.9575,-119.5971,15.6,0.7,ml,4,244.64,0.175,0.0695,nn,nn00860582,2023-06-01T02:04:11.726Z,"0 km NNE of Sutcliffe, Nevada",earthquake,,3.7,0.13,3,reviewed,nn,nn
2023-05-31T05:56:35.140Z,52.3175,-174.143166666667,9.45,-0.3,ml,4,130,,0.23,av,av91105913,2023-06-01T22:49:08.390Z,"14 km NNE of Atka, Alaska",earthquake,1.22,1.44,0.517983933316272,4,reviewed,av,av
2023-05-31T05:51:36.712Z,58.206,-155.3231,0.6,1.1,ml,,,,0.49,ak,ak0236xtfkxh,2023-06-10T18:58:09.133Z,"87 km NW of Karluk, Alaska",earthquake,,0.1,,,reviewed,ak,ak
2023-05-31T05:48:55.290Z,51.8483333333333,-177.786166666667,-1.8,0.4,ml,4,275,,0.08,av,av91105868,2023-06-01T22:04:47.270Z,"79 km W of Adak, Alaska",earthquake,1.79,2.19,0.148092671805801,4,reviewed,av,av
2023-05-31T05:47:37.125Z,61.4714,-146.723,29.4,1,ml,,,,0.53,ak,ak0236xteq10,2023-06-05T21:23:37.717Z,"42 km NNW of Valdez, Alaska",earthquake,,0.9,,,reviewed,ak,ak
2023-05-31T05:47:02.693Z,53.3262,-165.8445,21.2,2.2,ml,,,,0.29,ak,ak0236xtengd,2023-06-05T21:23:41.131Z,"76 km SE of Unalaska, Alaska",earthquake,,3.5,,,reviewed,ak,ak
2023-05-31T05:45:45.015Z,58.1873,-155.2685,0.2,1.1,ml,,,,0.57,ak,ak0236xteb9g,2023-06-10T18:58:08.951Z,"84 km NW of Karluk, Alaska",earthquake,,1.3,,,reviewed,ak,ak
2023-05-31T05:44:27.791Z,58.1901,-155.2717,0.1,1.2,ml,,,,0.41,ak,ak0236xte27q,2023-06-10T18:58:11.073Z,"84 km NW of Karluk, Alaska",earthquake,,0.9,,,reviewed,ak,ak
2023-05-31T05:43:35.460Z,58.191,-155.2755,2.88,0.98,ml,4,172,,0.06,av,av91105898,2023-06-01T22:36:32.260Z,"84 km NW of Karluk, Alaska",earthquake,1.06,1.64,0.152410254114646,4,reviewed,av,av
2023-05-31T05:43:15.527Z,58.224,-155.2602,0.7,1.9,ml,,,,0.74,ak,ak0236xtdtk5,2023-06-10T18:58:08.751Z,"87 km NNW of Karluk, Alaska",earthquake,,0.3,,,reviewed,ak,ak
2023-05-31T05:37:45.420Z,33.308,-116.3238333,10.53,1.99,ml,67,30,0.08767,0.22,ci,ci40238527,2023-05-31T13:15:55.610Z,"8km NE of Borrego Springs, CA",earthquake,0.22,0.52,0.173,26,reviewed,ci,ci
2023-05-31T05:35:27.480Z,47.794666666666664,-122.852,22.19,1.03,ml,13,75,0.04054,0.23,uw,uw61929426,2023-05-31T21:57:26.480Z,"Puget Sound region, Washington",earthquake,1.02,0.86,0.07179174499719898,4,reviewed,uw,uw
2023-05-31T05:35:12.660Z,58.1873333333333,-155.317333333333,0.92,-0.46,ml,5,155,,0.04,av,av91105888,2023-06-01T22:29:32.970Z,"85 km NW of Karluk, Alaska",earthquake,0.21,0.71,0.328426379669432,5,reviewed,av,av
2023-05-31T05:34:26.860Z,58.1918333333333,-155.318166666667,2.2,0.15,ml,14,51,,0.15,av,av91105883,2023-06-05T21:21:40.695Z,"86 km NW of Karluk, Alaska",earthquake,0.28,0.42,0.269227132098596,14,reviewed,av,av
2023-05-31T05:34:14.560Z,36.0511667,-120.0931667,9.34,1.73,md,41,150,0.01658,0.09,nc,nc73891910,2023-05-31T09:21:13.462Z,"6km NNE of Avenal, CA",earthquake,0.22,0.2,0.249,35,reviewed,nc,nc
2023-05-31T05:31:09.540Z,52.2886666666667,-174.134666666667,12.81,0.41,ml,4,187,,0.32,av,av91105908,2023-06-01T22:42:01.020Z,"11 km NNE of Atka, Alaska",earthquake,2.15,1.72,0.370883706221356,3,reviewed,av,av
2023-05-31T05:26:20.339Z,61.3691,-150.0407,40.1,2.3,ml,,,,0.6,ak,ak0236xta6ph,2023-06-05T21:26:25.588Z,"3 km WNW of Point MacKenzie, Alaska",earthquake,,0.5,,,reviewed,ak,ak
2023-05-31T05:23:00.270Z,38.845665,-122.8166656,0.87,0.91,md,20,60,0.01039,0.04,nc,nc73891905,2023-05-31T05:36:11.281Z,"8km WNW of Cobb, CA",earthquake,0.21,0.44,0.13,21,automatic,nc,nc
2023-05-31T05:20:06.520Z,58.1985,-155.2775,2.77,0,ml,9,135,,0.08,av,av91105878,2023-06-01T22:21:14.630Z,"85 km NW of Karluk, Alaska",earthquake,0.23,0.3,0.359174128339054,9,reviewed,av,av
2023-05-31T05:19:53.223Z,63.3048,-145.4762,5.1,1.7,ml,,,,0.97,ak,ak0236xt8ra8,2023-06-05T21:23:36.802Z,"24 km NNE of Paxson, Alaska",earthquake,,0.2,,,reviewed,ak,ak
2023-05-31T05:13:18.900Z,51.8518333333333,-177.788833333333,8.61,0.8,ml,4,272,,0.05,av,av91105863,2023-06-01T22:01:39.170Z,"79 km W of Adak, Alaska",earthquake,0.6,0.68,0.276297864636163,4,reviewed,av,av
2023-05-31T05:12:03.110Z,40.9158333,-123.8993333,24.01,2.15,md,21,104,0.1329,0.09,nc,nc71130529,2023-05-31T11:30:14.250Z,"8km ENE of Blue Lake, CA",earthquake,0.38,0.55,0.155,21,reviewed,nc,nc
2023-05-31T05:11:59.300Z,40.2346667,-121.142,7.53,2.33,md,31,41,0.01328,0.17,nc,nc73891900,2023-05-31T17:03:08.577Z,"3km NNE of Prattville, CA",earthquake,0.32,0.41,0.11,36,reviewed,nc,nc
2023-05-31T05:06:09.660Z,51.849,-177.783666666667,-1.78,1.03,ml,4,278,,0.08,av,av91105858,2023-06-01T21:55:01.160Z,"79 km W of Adak, Alaska",earthquake,1.74,2.15,0.264788991350718,4,reviewed,av,av
2023-05-31T05:05:11.620Z,51.4896,-176.1365,22.9,1.6,ml,,,,0.28,ak,ak0236xt5o2i,2023-06-05T21:23:40.950Z,"54 km SE of Adak, Alaska",earthquake,,1.7,,,reviewed,ak,ak
2023-05-31T05:04:22.488Z,61.7266,-147.9658,33.5,0.9,ml,,,,0.58,ak,ak0236xt5h4r,2023-06-05T21:23:36.598Z,"18 km WSW of Glacier View, Alaska",earthquake,,0.5,,,reviewed,ak,ak
2023-05-31T05:02:54.290Z,19.2396666666667,-155.3875,31.21,1.4,md,16,203,,0.11,hv,hv73431387,2023-06-07T00:45:08.550Z,"10 km ENE of Pāhala, Hawaii",earthquake,0.91,0.68,0.0543108737410796,8,reviewed,hv,hv
2023-05-31T04:58:37.630Z,51.8483333333333,-177.779833333333,-1.61,0.63,ml,4,281,,0.1,av,av91105853,2023-06-01T21:50:52.840Z,"78 km W of Adak, Alaska",earthquake,1.97,2.51,0.143792177835197,4,reviewed,av,av
2023-05-31T04:55:30.660Z,51.8478333333333,-177.783,-1.8,0.41,ml,4,278,,0.08,av,av91105848,2023-06-01T21:48:05.580Z,"79 km W of Adak, Alaska",earthquake,1.86,2.22,0.113944567739719,4,reviewed,av,av
2023-05-31T04:54:00.410Z,36.9495,-121.4163333,9.01,1.12,md,30,65,0.08882,0.07,nc,nc73891895,2023-05-31T11:58:15.406Z,"12km N of Hollister, CA",earthquake,0.22,0.51,0.265,23,reviewed,nc,nc
2023-05-31T04:46:56.390Z,53.7026666666667,-167.048833333333,12.36,0.59,ml,4,333,,0.1,av,av91105873,2023-06-01T22:09:34.550Z,"38 km WSW of Unalaska, Alaska",earthquake,2.02,1.19,0.147027842975345,4,reviewed,av,av
2023-05-31T04:39:27.260Z,51.865,-177.865333333333,7.72,0.6,ml,6,153,,0.04,av,av91105843,2023-06-01T21:45:33.880Z,"84 km W of Adak, Alaska",earthquake,0.36,0.36,0.26161522875814,6,reviewed,av,av
2023-05-31T04:36:26.698Z,38.6352,-118.5335,6.4,0.8,ml,4,191.55,0.385,0.1436,nn,nn00860581,2023-06-01T02:04:10.906Z,"14 km NNE of Hawthorne, Nevada",earthquake,,18.4,0,1,reviewed,nn,nn
2023-05-31T04:35:25.955Z,54.2944,-162.1429,35,2.9,ml,16,220,0.687,0.34,us,us7000k6ij,2023-06-14T01:58:18.040Z,"86 km S of King Cove, Alaska",earthquake,3.6,2.013,0.128,8,reviewed,us,us
2023-05-31T04:33:59.207Z,-14.9822,-178.4519,386.896,4.4,mb,20,124,0.743,0.97,us,us7000k6te,2023-06-14T01:45:38.040Z,"82 km SSW of Leava, Wallis and Futuna",earthquake,12.69,8.258,0.134,16,reviewed,us,us
2023-05-31T04:33:26.640Z,33.6881667,-116.7303333,15.62,0.11,ml,17,114,0.02661,0.09,ci,ci40238487,2023-06-01T16:17:55.878Z,"6km S of Idyllwild, CA",earthquake,0.23,0.26,0.099,7,reviewed,ci,ci
2023-05-31T04:27:59.128Z,41.4098,142.076,65.625,4.4,mb,21,174,0.984,0.49,us,us7000k6tn,2023-06-14T01:08:25.040Z,"",earthquake,6.62,7.576,0.219,6,reviewed,us,us
2023-05-31T04:27:58.132Z,38.6234,-118.5379,7.4,2.1,ml,15,53.12,0.373,0.2115,nn,nn00860552,2023-06-01T02:03:54.431Z,"13 km NE of Hawthorne, Nevada",earthquake,,2.5,0.17,6,reviewed,nn,nn
2023-05-31T04:23:38.660Z,36.0195,-121.5363333,7.79,1.63,md,42,177,0.1126,0.12,nc,nc73891890,2023-05-31T07:54:12.961Z,"3km E of Lopez Point, CA",earthquake,0.32,0.64,0.187,34,reviewed,nc,nc
2023-05-31T04:16:49.390Z,59.7688,-151.6147,49.3,1.1,ml,,,,0.65,ak,ak0236xsmoaq,2023-06-05T21:23:36.204Z,"4 km S of Nikolaevsk, Alaska",earthquake,,1.1,,,reviewed,ak,ak
2023-05-31T04:11:59.610Z,34.351,-118.465,7.23,1.43,ml,28,58,0.04943,0.19,ci,ci40238479,2023-06-01T16:05:38.360Z,"5km NNW of Sylmar, CA",earthquake,0.28,0.52,0.081,17,reviewed,ci,ci
2023-05-31T04:10:36.468Z,61.7944,-149.7051,39.6,0.9,ml,,,,0.5,ak,ak0236xslcwt,2023-06-05T21:23:36.010Z,"18 km ENE of Willow, Alaska",earthquake,,0.8,,,reviewed,ak,ak
2023-05-31T04:10:35.710Z,38.8110008,-122.8099976,3.6,1.06,md,12,98,0.01187,0.02,nc,nc73891880,2023-05-31T05:07:13.967Z,"6km NW of The Geysers, CA",earthquake,0.5,1.38,0.18,14,automatic,nc,nc
2023-05-31T04:08:38.440Z,-33.1495,-178.8895,35,4.2,mb,15,177,6.048,0.72,us,us7000k6tj,2023-06-14T00:33:40.040Z,"south of the Kermadec Islands",earthquake,14.46,1.624,0.199,7,reviewed,us,us
2023-05-31T04:04:53.370Z,39.6616,54.9379,40.057,5,mb,81,84,3.027,0.77,us,us7000k55h,2023-06-13T23:37:04.136Z,"Turkmenistan",earthquake,3.67,5.73,0.039,209,reviewed,us,us
2023-05-31T03:57:00.580Z,58.1838333333333,-155.273833333333,1.68,0.37,ml,15,57,,0.09,av,av91105818,2023-06-05T21:21:27.387Z,"Alaska Peninsula",earthquake,0.17,0.36,0.262967658155325,15,reviewed,av,av
2023-05-31T03:55:49.506Z,67.3579,-156.2672,0.7,1.2,ml,,,,0.43,ak,ak0236xs9ll2,2023-06-05T21:23:40.762Z,"56 km NNE of Kobuk, Alaska",earthquake,,0.5,,,reviewed,ak,ak
2023-05-31T03:54:58.630Z,33.2356667,-115.628,3.21,1.28,ml,12,78,0.05259,0.17,ci,ci40238471,2023-05-31T14:13:51.795Z,"10km W of Niland, CA",earthquake,0.35,0.41,0.236,12,reviewed,ci,ci
2023-05-31T03:51:53.505Z,59.5947,-152.8187,75.9,1.4,ml,,,,0.34,ak,ak0236xs8qyt,2023-06-05T21:23:35.617Z,"57 km WNW of Nanwalek, Alaska",earthquake,,0.5,,,reviewed,ak,ak
2023-05-31T03:51:00.289Z,62.9202,-151.2826,108.5,1,ml,,,,0.55,ak,ak0236xs8n6x,2023-06-05T21:23:35.827Z,"54 km NNW of Petersville, Alaska",earthquake,,0.8,,,reviewed,ak,ak
2023-05-31T03:48:50.840Z,58.1783333333333,-155.328833333333,2.24,0.58,ml,12,76,,0.08,av,av91105813,2023-06-01T20:02:11.700Z,"85 km NW of Karluk, Alaska",earthquake,0.18,0.31,0.313316557501805,13,reviewed,av,av
2023-05-31T03:46:19.942Z,59.768,-150.5416,31.4,1.3,ml,,,,0.74,ak,ak0236xs7ls9,2023-06-10T18:58:08.529Z,"Kenai Peninsula, Alaska",earthquake,,0.4,,,reviewed,ak,ak
2023-05-31T03:44:36.530Z,58.1923333333333,-155.270833333333,2.06,0.34,ml,12,65,,0.09,av,av91105808,2023-06-05T21:21:25.220Z,"84 km NW of Karluk, Alaska",earthquake,0.19,0.36,0.390754857403297,12,reviewed,av,av
2023-05-31T03:34:16.820Z,53.88,-166.668666666667,4.71,0.33,ml,6,218,,0.22,av,av91105803,2023-06-01T19:53:11.210Z,"8 km W of Dutch Harbor, Alaska",earthquake,0.92,0.8,0.239921370201496,6,reviewed,av,av
2023-05-31T03:33:29.469Z,61.2048,-150.9612,12.5,0.7,ml,,,,0.54,ak,ak0236xs4u89,2023-06-05T21:23:35.221Z,"9 km NE of Beluga, Alaska",earthquake,,0.9,,,reviewed,ak,ak
2023-05-31T03:31:48.520Z,19.8986666666667,-155.586166666667,26.4,1.88,md,41,172,,0.14,hv,hv73431297,2023-05-31T22:28:53.410Z,"16 km SSE of Waimea, Hawaii",earthquake,0.58,0.68,0.160691600590669,16,reviewed,hv,hv
2023-05-31T03:30:31.820Z,38.8125,-122.7959976,1.34,1.08,md,18,58,0.004558,0.02,nc,nc73891875,2023-05-31T03:49:13.485Z,"5km NW of The Geysers, CA",earthquake,0.21,0.38,0.14,20,automatic,nc,nc
2023-05-31T03:27:17.325Z,62.0444,-151.7979,97.5,1.4,ml,,,,0.37,ak,ak0236xs3j1o,2023-06-05T21:23:35.033Z,"21 km WNW of Skwentna, Alaska",earthquake,,0.3,,,reviewed,ak,ak
2023-05-31T03:26:56.756Z,36.2561,69.6666,188.335,4.3,mb,27,153,3.632,0.41,us,us7000k55d,2023-06-13T23:25:50.040Z,"39 km SSW of Farkhār, Afghanistan",earthquake,8.98,7.24,0.147,13,reviewed,us,us
2023-05-31T03:21:32.641Z,61.331,-149.8429,34.1,2.2,ml,,,,0.65,ak,ak0236xs29vi,2023-06-05T21:26:55.213Z,"Southern Alaska",earthquake,,0.5,,,reviewed,ak,ak
2023-05-31T03:10:48.740Z,38.7893333,-122.7606659,1.84,1.03,md,11,111,0.0113,0.02,nc,nc73891870,2023-05-31T03:29:23.355Z,"1km NNW of The Geysers, CA",earthquake,0.28,0.62,0.27,11,automatic,nc,nc
2023-05-31T03:07:51.505Z,60.0584,-140.139,7.2,1.2,ml,,,,0.69,ak,ak0236xrzbda,2023-06-05T21:23:40.559Z,"61 km NNW of Yakutat, Alaska",earthquake,,0.3,,,reviewed,ak,ak
2023-05-31T03:06:07.820Z,61.2107,-150.5472,23.4,1.3,ml,,,,0.52,ak,ak0236xrz083,2023-06-05T21:23:34.556Z,"29 km ENE of Beluga, Alaska",earthquake,,0.7,,,reviewed,ak,ak
2023-05-31T03:00:52.050Z,36.4115,-118.2483333,2.54,3.06,ml,33,63,0.242,0.15,ci,ci40238455,2023-06-02T02:03:10.040Z,"25km SW of Lone Pine, CA",earthquake,0.16,0.76,0.155,153,reviewed,ci,ci
2023-05-31T02:55:31.680Z,57.0952,-135.7322,5.5,2.1,ml,,,,0.81,ak,ak0236xro4ng,2023-06-10T18:58:08.346Z,"Southeastern Alaska",earthquake,,0.2,,,reviewed,ak,ak
2023-05-31T02:42:34.140Z,61.4168333333333,-152.303666666667,1.78,0,ml,10,173,,0.2,av,av91105783,2023-06-01T19:30:28.220Z,"72 km WNW of Beluga, Alaska",earthquake,0.43,0.97,0.235004312695111,10,reviewed,av,av
2023-05-31T02:38:32.919Z,58.4649,-153.6437,69.5,1.2,ml,,,,0.38,ak,ak0236xrkhiz,2023-06-05T21:23:40.355Z,"62 km NW of Aleneva, Alaska",earthquake,,1,,,reviewed,ak,ak
2023-05-31T02:36:09.059Z,37.2908,-117.5926,7.7,1.2,ml,10,137.1,0.072,0.1675,nn,nn00860543,2023-06-01T02:03:43.878Z,"51 km S of Silver Peak, Nevada",earthquake,,3.3,0.39,5,reviewed,nn,nn
2023-05-31T02:27:17.920Z,51.8578333333333,-178.091833333333,3.74,0.15,ml,4,212,,0.18,av,av91105788,2023-06-01T19:39:16.250Z,"Andreanof Islands, Aleutian Islands, Alaska",earthquake,0.87,0.78,0.231846416665974,4,reviewed,av,av
2023-05-31T02:23:03.120Z,33.1686667,-116.6606667,16.76,1.62,ml,68,30,0.03241,0.16,ci,ci40238439,2023-06-01T15:58:08.490Z,"11km NNW of Julian, CA",earthquake,0.15,0.32,0.16,32,reviewed,ci,ci
2023-05-31T02:21:47.680Z,38.7815018,-122.7565002,1.17,0.78,md,12,113,0.01297,0.03,nc,nc73891850,2023-05-31T02:48:14.112Z,"0km N of The Geysers, CA",earthquake,0.36,0.61,0.27,12,automatic,nc,nc
2023-05-31T02:21:43.420Z,17.9501666666667,-66.9481666666667,10.09,2.46,md,11,212,0.04354,0.08,pr,pr71411828,2023-05-31T03:05:56.060Z,"Puerto Rico region",earthquake,0.41,0.35,0.047575439992213,5,reviewed,pr,pr
2023-05-31T02:21:23.103Z,-49.5713,163.8394,9.375,6.3,mww,138,52,3.907,0.84,us,us7000k54z,2023-06-13T23:30:07.688Z,"Auckland Islands, New Zealand region",earthquake,9.93,2.715,0.066,22,reviewed,us,us
2023-05-31T02:21:10.140Z,38.822,-122.8533333,2.96,1.48,md,51,55,0.006189,0.03,nc,nc73891845,2023-06-01T01:36:12.360Z,"10km WNW of The Geysers, CA",earthquake,0.14,0.2,0.148,40,reviewed,nc,nc
2023-05-31T02:07:19.172Z,51.524,-176.3858,29.1,1.5,ml,,,,0.24,ak,ak0236xrdt9p,2023-06-05T21:23:39.967Z,"42 km SSE of Adak, Alaska",earthquake,,3.8,,,reviewed,ak,ak
2023-05-31T02:06:45.432Z,57.122,-135.7242,3.6,2.4,ml,,,,0.86,ak,ak0236xrdnli,2023-06-13T22:36:38.040Z,"25 km WNW of Sitka, Alaska",earthquake,,0.2,,,reviewed,ak,ak
2023-05-31T02:05:00.860Z,36.4045,-120.7441667,12.36,1.6,md,26,155,0.1892,0.13,nc,nc73891840,2023-05-31T20:44:13.541Z,"6km WSW of New Idria, CA",earthquake,0.32,0.73,0.19,23,reviewed,nc,nc
2023-05-31T02:03:21.390Z,59.9649,-141.1536,9,1.2,ml,,,,0.81,ak,ak0236xrcyjn,2023-06-10T18:58:10.871Z,"92 km WNW of Yakutat, Alaska",earthquake,,0.4,,,reviewed,ak,ak
2023-05-31T01:58:54.920Z,36.5625,-121.1523333,3.56,1.99,md,45,102,0.02816,0.05,nc,nc73891835,2023-05-31T13:57:11.113Z,"4km NNW of Pinnacles, CA",earthquake,0.17,0.23,0.163,48,reviewed,nc,nc
2023-05-31T01:58:05.355Z,-23.2425,170.7965,10,4.7,mb,39,113,3.151,0.43,us,us7000k550,2023-06-13T22:33:50.040Z,"",earthquake,8.96,1.792,0.117,22,reviewed,us,us
2023-05-31T01:57:59.379Z,59.9491,-141.1456,9.3,1.1,ml,,,,0.7,ak,ak0236xr36ks,2023-06-10T18:58:10.672Z,"91 km WNW of Yakutat, Alaska",earthquake,,0.4,,,reviewed,ak,ak
2023-05-31T01:52:16.597Z,59.9456,-141.1201,3.7,1.2,ml,,,,0.53,ak,ak0236xr20o5,2023-06-10T18:58:10.478Z,"90 km WNW of Yakutat, Alaska",earthquake,,0.5,,,reviewed,ak,ak
2023-05-31T01:48:36.030Z,58.1775,-155.336666666667,2.1,0.27,ml,12,59,,0.09,av,av91105773,2023-06-01T19:18:14.380Z,"85 km NW of Karluk, Alaska",earthquake,0.22,0.42,0.360776738590608,13,reviewed,av,av
2023-05-31T01:47:31.895Z,58.196,-155.3519,3,1.1,ml,,,,0.62,ak,ak0236xr0z9v,2023-06-10T18:58:08.155Z,"87 km NW of Karluk, Alaska",earthquake,,0.3,,,reviewed,ak,ak
2023-05-31T01:36:29.840Z,33.5871667,-116.8201667,13.41,0.35,ml,16,66,0.04725,0.09,ci,ci40238423,2023-05-31T14:05:28.031Z,"14km WNW of Anza, CA",earthquake,0.28,0.47,0.101,3,reviewed,ci,ci
2023-05-31T01:33:49.970Z,33.5928333,-116.8176667,12.95,0.62,ml,28,70,0.04472,0.13,ci,ci40238415,2023-06-01T15:46:13.329Z,"14km WNW of Anza, CA",earthquake,0.22,0.41,0.118,7,reviewed,ci,ci
2023-05-31T01:32:19.430Z,33.5903333,-116.8233333,12.09,0.5,ml,16,77,0.07601,0.12,ci,ci40238407,2023-05-31T13:16:35.137Z,"14km WNW of Anza, CA",earthquake,0.3,0.57,0.085,9,reviewed,ci,ci
2023-05-31T01:30:58.837Z,40.2025,-119.7973,5.5,0.6,ml,3,250.81,0.06,0.0908,nn,nn00860548,2023-06-01T02:03:45.635Z,"29 km ENE of Herlong, California",earthquake,,6.1,0.23,2,reviewed,nn,nn
2023-05-31T01:30:23.180Z,33.5953333,-116.82,13.63,0.66,ml,27,70,0.04164,0.12,ci,ci40238399,2023-06-01T15:41:17.289Z,"14km WNW of Anza, CA",earthquake,0.21,0.39,0.123,7,reviewed,ci,ci
2023-05-31T01:19:12.378Z,-7.3285,127.0584,283.388,4.2,mb,14,88,3.665,0.7,us,us7000k6tf,2023-06-13T22:27:24.040Z,"",earthquake,11.41,4.902,0.235,5,reviewed,us,us
2023-05-31T01:18:37.306Z,56.2208,-149.956,15.798,2.7,ml,26,256,2.126,0.42,us,us7000k6ik,2023-06-13T22:21:27.040Z,"209 km SE of Chiniak, Alaska",earthquake,8.94,9.274,0.074,24,reviewed,us,us
2023-05-31T01:12:26.110Z,52.3055,-174.173,3.74,0.19,ml,6,190,,0.23,av,av91105758,2023-06-01T18:57:49.150Z,"12 km N of Atka, Alaska",earthquake,0.82,1.4,0.252228973699197,6,reviewed,av,av
2023-05-31T01:11:04.620Z,59.3571666666667,-153.414333333333,1.39,-0.72,ml,9,104,,0.18,av,av91105753,2023-06-01T18:52:51.560Z,"61 km SE of Pedro Bay, Alaska",earthquake,0.36,1.34,0.127384700164024,9,reviewed,av,av
2023-05-31T01:10:41.722Z,53.8062,-164.0968,35,2.9,ml,18,229,0.78,0.39,us,us7000k6ii,2023-06-13T22:02:33.040Z,"Unimak Island region, Alaska",earthquake,2.55,1.99,0.128,8,reviewed,us,us
2023-05-31T01:08:58.920Z,35.78883333,-96.97533333,7.38,0.89,ml,52,42,0.1853636253,0.38,ok,ok2023kodt,2023-06-01T13:31:18.770Z,"4 km ESE of Carney, Oklahoma",earthquake,,1,0.19,20,reviewed,ok,ok
2023-05-31T01:04:32.682Z,38.9536,141.9212,59.29,4.1,mb,19,158,1.949,0.2,us,us7000k6td,2023-06-13T21:38:44.040Z,"22 km SE of Ōfunato, Japan",earthquake,4.98,9.428,0.235,5,reviewed,us,us
2023-05-31T00:58:41.379Z,-0.8752,98.673,21.087,5.1,mb,130,41,2.427,0.65,us,us7000k54v,2023-06-26T05:44:07.040Z,"163 km NW of Tuapejat, Indonesia",earthquake,7.67,3.828,0.055,106,reviewed,us,us
2023-05-31T00:56:44.218Z,55.9335,-157.7967,43.1,2.3,ml,,,,0.72,ak,ak0236xqhi01,2023-06-26T05:18:58.040Z,"55 km SE of Chignik, Alaska",earthquake,,1.4,,,reviewed,ak,ak
2023-05-31T00:44:53.900Z,36.249,-89.4498333333333,6.23,1.2,md,8,138,0.0303,0.07,nm,nm60527111,2023-06-01T14:35:20.020Z,"3 km ESE of Ridgely, Tennessee",earthquake,0.27,0.54,0.0928335640510516,7,reviewed,nm,nm
2023-05-31T00:39:19.960Z,51.8608333333333,-177.952166666667,7.94,-0.27,ml,4,146,,0.1,av,av91105748,2023-06-01T18:46:26.760Z,"90 km W of Adak, Alaska",earthquake,0.62,1.27,0.269963309800966,4,reviewed,av,av
2023-05-31T00:39:07.650Z,51.863,-177.9235,6.09,0.03,ml,4,171,,0.09,av,av91105743,2023-06-01T18:42:12.230Z,"88 km W of Adak, Alaska",earthquake,0.51,1.26,0.0776282637309351,4,reviewed,av,av
2023-05-31T00:37:05.723Z,50.6123,-173.8598,10,3,ml,14,287,1.671,1.23,us,us7000k6ih,2023-06-13T04:27:40.040Z,"Andreanof Islands, Aleutian Islands, Alaska",earthquake,4.07,2.024,0.097,14,reviewed,us,us
2023-05-31T00:37:02.420Z,51.864,-177.924,6.65,-0.09,ml,4,173,,0.1,av,av91105738,2023-06-01T18:35:15.120Z,"88 km W of Adak, Alaska",earthquake,0.58,1.21,0.129562175295125,4,reviewed,av,av
2023-05-31T00:36:45.090Z,51.8538333333333,-177.923666666667,-1.8,0.15,ml,4,160,,0.11,av,av91105733,2023-06-01T18:33:26.790Z,"88 km W of Adak, Alaska",earthquake,0.37,1.15,0.0976428265193636,4,reviewed,av,av
2023-05-31T00:32:14.339Z,51.8593,-177.9233,8.4,1.6,ml,,,,0.58,ak,ak0236xqca8k,2023-06-05T21:23:33.199Z,"Andreanof Islands, Aleutian Islands, Alaska",earthquake,,0.3,,,reviewed,ak,ak
2023-05-31T00:31:23.654Z,59.9648,-152.3406,81.5,1.2,ml,,,,0.32,ak,ak0236xqc3l9,2023-06-05T21:23:39.210Z,"34 km W of Happy Valley, Alaska",earthquake,,0.9,,,reviewed,ak,ak
2023-05-31T00:31:23.387Z,58.1746,-155.3094,0,1.2,ml,,,,0.51,ak,ak0236xqby71,2023-06-10T18:58:07.958Z,"84 km NW of Karluk, Alaska",earthquake,,0.6,,,reviewed,ak,ak
2023-05-31T00:29:17.020Z,37.6268333,-118.9593333,5.49,1.7,md,18,141,0.03581,0.03,nc,nc73891830,2023-05-31T07:07:12.666Z,"2km ESE of Mammoth Lakes, CA",earthquake,0.37,0.69,0.121,16,reviewed,nc,nc
2023-05-31T00:25:26.991Z,61.1743,-146.9515,0,1.4,ml,,,,0.7,ak,ak0236xqatj0,2023-06-05T21:23:32.818Z,"32 km W of Valdez, Alaska",ice quake,,0,,,reviewed,ak,ak
2023-05-31T00:16:51.566Z,57.1128,-135.7243,4.6,1.8,ml,,,,0.54,ak,ak0236xq8xzn,2023-06-10T18:58:10.093Z,"24 km WNW of Sitka, Alaska",earthquake,,0.7,,,reviewed,ak,ak
2023-05-31T00:07:44.800Z,17.973,-66.9441666666667,12.05,1.75,md,3,180,0.06181,0.04,pr,pr71411823,2023-05-31T00:31:55.860Z,"3 km WSW of Fuig, Puerto Rico",earthquake,2.27,1.03,0.0457001458898258,3,reviewed,pr,pr
2023-05-31T00:00:03.855Z,60.4505,-138.1704,7.3,1,ml,,,,0.59,ak,ak0236xq5ev5,2023-06-05T21:23:38.847Z,"132 km NE of Yakutat, Alaska",earthquake,,0.6,,,reviewed,ak,ak
2023-05-30T23:55:26.446Z,57.1185,-135.747,6.1,2.2,ml,,,,0.66,ak,ak0236wgmvh7,2023-06-06T17:47:01.399Z,"26 km WNW of Sitka, Alaska",earthquake,,0.2,,,reviewed,ak,ak
2023-05-30T23:55:03.877Z,64.0079,-148.7231,0,1.1,ml,,,,0.39,ak,ak0236wgmtnh,2023-06-06T17:47:01.213Z,"19 km E of Ferry, Alaska",explosion,,0,,,reviewed,ak,ak
2023-05-30T23:50:17.455Z,60.4853,-152.0882,81.6,1.1,ml,,,,0.52,ak,ak0236wgls4x,2023-06-02T23:03:34.075Z,"44 km W of Kalifornsky, Alaska",earthquake,,0.8,,,reviewed,ak,ak
2023-05-30T23:42:13.157Z,59.7928,-148.1142,7,1.2,ml,,,,0.45,ak,ak0236wgk22n,2023-06-06T17:47:02.743Z,"31 km S of Chenega, Alaska",earthquake,,0.2,,,reviewed,ak,ak
2023-05-30T23:36:03.300Z,58.167,-155.381333333333,2.93,0.45,ml,14,75,,0.09,av,av91105593,2023-06-01T00:39:39.060Z,"86 km NW of Karluk, Alaska",earthquake,0.2,0.64,0.217279678829448,14,reviewed,av,av
2023-05-30T23:35:01.985Z,57.1147,-135.7191,4.9,2.2,ml,,,,0.67,ak,ak0236wgij7h,2023-06-06T17:47:01.023Z,"24 km WNW of Sitka, Alaska",earthquake,,0.2,,,reviewed,ak,ak
2023-05-30T23:32:54.240Z,37.6301667,-118.9578333,5.19,0.08,md,9,134,0.03343,0.02,nc,nc73891825,2023-05-31T06:08:11.344Z,"2km ESE of Mammoth Lakes, CA",earthquake,0.66,1.31,0.091,10,reviewed,nc,nc
2023-05-30T23:30:58.078Z,13.6198,-91.5107,42.496,4.2,mb,48,181,1.705,0.77,us,us7000k54j,2023-06-26T05:16:10.040Z,"near the coast of Guatemala",earthquake,4.5,9.679,0.083,40,reviewed,us,us
2023-05-30T23:29:26.310Z,34.1123333,-117.497,16.34,0.86,ml,18,101,0.03704,0.11,ci,ci40238375,2023-06-01T22:47:33.242Z,"4km WNW of Fontana, CA",earthquake,0.26,0.37,0.122,12,reviewed,ci,ci
2023-05-30T23:22:11.412Z,52.388,-169.6257,14.373,3.6,mb,23,212,0.404,0.65,us,us7000k5xu,2023-06-06T17:47:00.794Z,"80 km SW of Nikolski, Alaska",earthquake,3.65,7.526,0.133,14,reviewed,us,us
2023-05-30T23:21:49.070Z,37.624,-118.9588333,3.91,0.09,md,6,148,0.03656,0.06,nc,nc73891820,2023-05-31T04:35:05.425Z,"2km SE of Mammoth Lakes, CA",earthquake,0.79,1.63,0.162,5,reviewed,nc,nc
2023-05-30T23:20:57.050Z,43.38516666666666,-124.21216666666666,-0.42,1.58,ml,7,281,0.2338,0.09,uw,uw61929366,2023-06-01T00:04:15.630Z,"2 km NNE of Coos Bay, Oregon",explosion,1,31.61,0.1627774469861214,4,reviewed,uw,uw
2023-05-30T23:20:56.530Z,35.0341667,-117.671,0.28,1.45,ml,22,52,0.1017,0.14,ci,ci40238367,2023-06-01T21:36:43.206Z,"4km NNW of Boron, CA",quarry blast,0.29,31.61,0.097,9,reviewed,ci,ci
2023-05-30T23:19:52.330Z,38.8456667,-122.8235,2.16,1.22,md,42,71,0.008981,0.04,nc,nc73891815,2023-06-01T03:18:17.975Z,"9km WNW of Cobb, CA",earthquake,0.14,0.2,0.174,35,reviewed,nc,nc
2023-05-30T23:12:29.040Z,37.6498333,-122.5116667,9.03,1.42,md,20,105,0.03665,0.03,nc,nc73891810,2023-05-31T06:02:13.308Z,"5km NNW of Pacifica, CA",earthquake,0.3,0.36,0.062,14,reviewed,nc,nc
2023-05-30T23:10:24.716Z,57.1551,-135.7061,0.1,1.7,ml,,,,0.94,ak,ak0236wgd7su,2023-06-06T17:47:00.616Z,"25 km WNW of Sitka, Alaska",earthquake,,1.5,,,reviewed,ak,ak
2023-05-30T23:07:02.368Z,63.1157,-150.507,101.9,1.1,ml,,,,0.47,ak,ak0236wgcj6k,2023-06-02T23:03:33.705Z,"70 km N of Petersville, Alaska",earthquake,,0.3,,,reviewed,ak,ak
2023-05-30T23:02:10.683Z,63.5453,-149.9715,115.5,1.4,ml,,,,0.47,ak,ak0236wgbhez,2023-06-02T23:03:28.351Z,"53 km WNW of Cantwell, Alaska",earthquake,,0.4,,,reviewed,ak,ak
2023-05-30T23:01:07.154Z,59.8861,-150.6677,46.5,1.2,ml,,,,0.75,ak,ak0236wgb997,2023-06-02T23:03:33.521Z,"16 km E of Fox River, Alaska",earthquake,,0.5,,,reviewed,ak,ak
2023-05-30T22:58:21.724Z,60.0765,-153.1793,115.4,1.4,ml,,,,0.79,ak,ak0236wg22l8,2023-06-02T23:03:33.318Z,"61 km ENE of Pedro Bay, Alaska",earthquake,,0.2,,,reviewed,ak,ak
2023-05-30T22:48:56.190Z,37.6241667,-118.9625,4.88,0.4,md,15,148,0.03726,0.05,nc,nc73891805,2023-05-31T05:54:11.259Z,"2km SE of Mammoth Lakes, CA",earthquake,0.56,1.03,0.264,14,reviewed,nc,nc
2023-05-30T22:48:56.168Z,33.4203,139.2833,11.349,4.4,mb,53,72,0.515,0.65,us,us7000k54a,2023-06-26T05:09:39.040Z,"142 km SSE of Shimoda, Japan",earthquake,5.51,1.363,0.103,27,reviewed,us,us
2023-05-30T22:29:10.930Z,51.864,-178.081166666667,3.17,-0.24,ml,4,195,,0.18,av,av91105563,2023-05-31T23:46:25.200Z,"99 km W of Adak, Alaska",earthquake,0.71,1.29,0.215797898759224,4,reviewed,av,av
2023-05-30T22:14:53.850Z,58.1808333333333,-155.274166666667,0.55,0.4,ml,14,59,,0.07,av,av91105613,2023-06-01T01:04:21.700Z,"83 km NW of Karluk, Alaska",earthquake,0.18,0.64,0.423607121150033,14,reviewed,av,av
2023-05-30T22:11:30.190Z,17.9258333333333,-66.948,10.58,2.45,md,14,228,0.05942,0.07,pr,pr71411798,2023-05-30T22:25:21.100Z,"6 km SW of Guánica, Puerto Rico",earthquake,0.43,0.33,0.138475843256343,7,reviewed,pr,pr
2023-05-30T22:03:32.707Z,58.6957,-152.7068,62.3,1.5,ml,,,,0.65,ak,ak0236wfqb1y,2023-06-02T23:03:33.111Z,"71 km N of Aleneva, Alaska",earthquake,,0.3,,,reviewed,ak,ak
2023-05-30T21:59:52.546Z,31.58212463,-104.2461822,6.362939453,2.2,ml,16,76,0.09103763454,0.1,tx,tx2023knxn,2023-05-31T12:23:29.585Z,"52 km NW of Toyah, Texas",earthquake,1.243019136,1.706858502,0.1,17,reviewed,tx,tx
2023-05-30T21:58:21.610Z,17.9316666666667,-66.9518333333333,11.28,2.91,md,18,221,0.05758,0.13,pr,pr71411783,2023-06-26T05:02:23.040Z,"6 km SW of Guánica, Puerto Rico",earthquake,0.59,0.42,0.0549520602743296,9,reviewed,pr,pr
2023-05-30T21:53:59.960Z,38.8246651,-122.7655029,2.05,0.89,md,11,124,0.006744,0.02,nc,nc73891795,2023-05-30T22:25:14.597Z,"4km W of Cobb, CA",earthquake,0.46,0.71,0.19,12,automatic,nc,nc
2023-05-30T21:51:07.689Z,52.0583,-172.6765,10,3,ml,13,335,0.966,0.26,us,us7000k5y1,2023-06-03T20:13:55.040Z,"105 km E of Atka, Alaska",earthquake,8.94,2.028,0.115,10,reviewed,us,us
2023-05-30T21:43:30.610Z,38.7503319,-122.7408371,1.17,1.1,md,8,222,0.003747,0.02,nc,nc73891790,2023-05-30T22:15:16.539Z,"3km SSE of The Geysers, CA",earthquake,1.12,0.53,0.24,8,automatic,nc,nc
2023-05-30T21:43:17.670Z,44.7433333,-110.4131667,-0.95,1.1,md,5,186,0.0472,0.1,uu,uu60541286,2023-05-30T22:27:20.410Z,"34 km SE of Mammoth, Wyoming",earthquake,2.42,0.59,0.364,3,reviewed,uu,uu
2023-05-30T21:41:46.420Z,38.765,-122.7236667,0.94,0.5,md,11,85,0.003528,0.04,nc,nc73891785,2023-06-01T01:14:12.206Z,"3km WSW of Anderson Springs, CA",earthquake,0.34,0.5,0.176,6,reviewed,nc,nc
2023-05-30T21:39:44.442Z,-60.7883,-19.9354,10,4.5,mb,15,89,12.84,0.73,us,us7000k6mz,2023-06-13T04:21:49.040Z,"east of the South Sandwich Islands",earthquake,15.42,1.912,0.18,9,reviewed,us,us
2023-05-30T21:39:15.316Z,59.2429,-153.8046,119.1,1.9,ml,,,,0.6,ak,ak0236wfcjv4,2023-06-02T23:03:28.048Z,"Southern Alaska",earthquake,,0.3,,,reviewed,ak,ak
2023-05-30T21:33:45.088Z,1.4746,127.675,184.158,4.2,mb,22,106,0.763,0.59,us,us7000k6mu,2023-06-13T04:15:19.040Z,"46 km SW of Tobelo, Indonesia",earthquake,10.63,6.55,0.146,13,reviewed,us,us
2023-05-30T21:29:27.578Z,51.5531,178.7884,62.1,2.1,ml,,,,0.38,ak,ak0236wfafno,2023-06-02T23:03:27.851Z,"",earthquake,,0.8,,,reviewed,ak,ak
2023-05-30T21:20:06.362Z,58.2461,-155.1381,2.6,1.1,ml,,,,0.53,ak,ak0236wf8gl4,2023-06-06T17:47:00.420Z,"85 km NNW of Karluk, Alaska",earthquake,,0.3,,,reviewed,ak,ak
2023-05-30T21:14:29.530Z,38.8186684,-122.8241653,2.24,0.97,md,17,91,0.009579,0.02,nc,nc73891780,2023-05-30T21:32:14.248Z,"8km NW of The Geysers, CA",earthquake,0.28,0.6,0.2,18,automatic,nc,nc
2023-05-30T21:09:53.054Z,51.4104,-177.0719,25.1,1.6,ml,,,,0.5,ak,ak0236wf67bd,2023-06-02T23:03:32.738Z,"59 km SSW of Adak, Alaska",earthquake,,0.1,,,reviewed,ak,ak
2023-05-30T21:09:44.939Z,51.6213,178.6542,62.2,1.8,ml,,,,0.28,ak,ak0236wf66m7,2023-06-06T17:47:00.243Z,"Rat Islands, Aleutian Islands, Alaska",earthquake,,0.6,,,reviewed,ak,ak
2023-05-30T21:09:14.520Z,58.2475,-155.138666666667,3.73,0.08,ml,13,91,,0.11,av,av91105643,2023-06-02T23:01:54.643Z,"",earthquake,0.24,0.5,0.242554061290434,13,reviewed,av,av
2023-05-30T21:06:48.010Z,62.4736,-151.7546,87.9,1.2,ml,,,,0.39,ak,ak0236wf5js1,2023-06-02T23:03:32.555Z,"51 km W of Petersville, Alaska",earthquake,,0.2,,,reviewed,ak,ak
2023-05-30T21:04:38.578Z,-33.8676,-179.8444,68.517,4,mb,9,189,3.982,0.58,us,us7000k6my,2023-06-13T04:06:33.040Z,"south of the Kermadec Islands",earthquake,15.62,11.165,0.298,3,reviewed,us,us
2023-05-30T21:02:32.293Z,55.5208,-160.0652,13.8,1.6,ml,,,,0.59,ak,ak0236wf4npi,2023-06-06T17:47:02.562Z,"34 km NE of Sand Point, Alaska",earthquake,,0.9,,,reviewed,ak,ak
2023-05-30T20:58:41.529Z,68.5422,-147.8935,1.4,1.1,ml,,,,0.32,ak,ak0236wev8wp,2023-06-06T17:47:02.364Z,"107 km WNW of Arctic Village, Alaska",earthquake,,0.3,,,reviewed,ak,ak
2023-05-30T20:56:30.580Z,33.4438333,-116.6443333,6.86,0.29,ml,18,63,0.06176,0.07,ci,ci40238247,2023-06-01T21:29:08.569Z,"13km SSE of Anza, CA",earthquake,0.14,0.36,0.112,13,reviewed,ci,ci
2023-05-30T20:55:51.430Z,37.3136,-117.567,2.8,0.4,ml,7,237.68,0.102,0.2438,nn,nn00860528,2023-05-31T02:04:13.263Z,"49 km S of Silver Peak, Nevada",earthquake,,10.9,0.91,6,reviewed,nn,nn
2023-05-30T20:51:53.480Z,33.4403333,-116.4346667,7.37,0.87,ml,34,74,0.08319,0.17,ci,ci40238239,2023-06-01T21:04:12.665Z,"21km NNW of Borrego Springs, CA",earthquake,0.21,0.75,0.137,23,reviewed,ci,ci
2023-05-30T20:51:26.031Z,68.5326,-147.9156,2.8,1.1,ml,,,,0.37,ak,ak0236wetpp0,2023-06-06T17:47:02.170Z,"107 km WNW of Arctic Village, Alaska",earthquake,,0.3,,,reviewed,ak,ak
2023-05-30T20:49:28.940Z,49.0395,-122.54516666666666,14.75,1.6500000000000001,ml,12,255,0.1052,0.23,uw,uw61929321,2023-06-01T00:27:41.350Z,"5 km WSW of Aldergrove, Canada",earthquake,0.79,0.93,0.12680486812452163,12,reviewed,uw,uw
2023-05-30T20:38:44.213Z,43.918,147.5477,57.242,4.1,mb,37,170,3.58,0.64,us,us7000k6mt,2023-06-17T18:56:48.040Z,"67 km E of Shikotan, Russia",earthquake,13.01,9.523,0.099,28,reviewed,us,us
2023-05-30T20:36:58.790Z,33.8646667,-117.5035,0.55,1,ml,19,56,0.06775,0.14,ci,ci40238215,2023-06-01T20:45:29.527Z,"2km SE of Home Gardens, CA",quarry blast,0.37,31.61,0.107,11,reviewed,ci,ci
2023-05-30T20:35:07.900Z,36.4593333,-117.9703333,5.37,2.29,ml,31,47,0.1587,0.17,ci,ci40238223,2023-06-13T21:14:18.041Z,"17km SSE of Lone Pine, CA",earthquake,0.21,1.23,0.171,37,reviewed,ci,ci
2023-05-30T20:34:46.510Z,37.6366667,-118.8911667,5.19,0.29,md,11,124,0.00893,0.02,nc,nc73891770,2023-05-31T04:30:04.354Z,"8km E of Mammoth Lakes, CA",earthquake,0.55,0.78,0.128,11,reviewed,nc,nc
2023-05-30T20:30:31.047Z,53.4351,-166.0865,36,1.9,ml,,,,0.32,ak,ak0236wep81s,2023-06-02T23:03:31.832Z,"57 km SSE of Unalaska, Alaska",earthquake,,3.9,,,reviewed,ak,ak
2023-05-30T20:27:24.410Z,37.628,-118.96,5.25,0.65,md,15,139,0.03453,0.03,nc,nc73891755,2023-05-31T05:44:50.650Z,"2km ESE of Mammoth Lakes, CA",earthquake,0.42,1.15,0.232,14,reviewed,nc,nc
2023-05-30T20:26:54.076Z,58.2824,-153.0332,43.3,1.4,ml,,,,0.51,ak,ak0236weoeyn,2023-06-02T23:03:31.459Z,"25 km NNW of Aleneva, Alaska",earthquake,,0.6,,,reviewed,ak,ak
2023-05-30T20:25:19.250Z,51.7159,-179.65,12.6,1.7,ml,,,,0.76,ak,ak0236weo4ld,2023-06-06T17:47:01.981Z,"Andreanof Islands, Aleutian Islands, Alaska",earthquake,,0.5,,,reviewed,ak,ak
2023-05-30T20:24:52.680Z,34.0218333,-119.1248333,13.56,3.56,ml,73,97,0.1353,0.29,ci,ci40238207,2023-06-17T17:14:40.040Z,"15km SSE of Port Hueneme, CA",earthquake,0.34,0.66,0.193,134,reviewed,ci,ci
2023-05-30T20:22:24.001Z,51.5345,-176.3787,29.8,1.5,ml,,,,0.14,ak,ak0236wenhs0,2023-06-02T23:03:31.081Z,"41 km SSE of Adak, Alaska",earthquake,,3.4,,,reviewed,ak,ak
2023-05-30T20:18:55.760Z,32.8848333,-116.2293333,7.15,1.33,ml,35,66,0.09338,0.19,ci,ci40238199,2023-05-30T21:08:20.600Z,"28km NW of Ocotillo, CA",earthquake,0.25,0.72,0.181,29,reviewed,ci,ci
2023-05-30T20:18:49.639Z,64.216,-164.9192,14.2,2.5,ml,,,,0.87,ak,ak0236wemosl,2023-06-17T16:57:29.040Z,"39 km SE of Nome, Alaska",earthquake,,0.4,,,reviewed,ak,ak
2023-05-30T20:18:22.205Z,65.3791,-144.6875,14.7,1.1,ml,,,,0.47,ak,ak0236wemmu9,2023-06-06T17:47:00.041Z,"22 km SSE of Central, Alaska",earthquake,,0.2,,,reviewed,ak,ak
2023-05-30T20:15:55.795Z,64.2129,-148.408,7.1,0.7,ml,,,,0.65,ak,ak0236wem2aa,2023-06-02T23:03:27.095Z,"38 km E of Clear, Alaska",earthquake,,0.4,,,reviewed,ak,ak
2023-05-30T20:13:50.190Z,37.6305,-118.956,5.83,0.46,md,13,132,0.03391,0.03,nc,nc73891745,2023-05-31T04:28:33.682Z,"2km ESE of Mammoth Lakes, CA",earthquake,0.49,1.54,0.243,12,reviewed,nc,nc
2023-05-30T20:11:56.087Z,63.8518,-149.6585,9.5,0.9,ml,,,,0.82,ak,ak0236wel7dp,2023-06-02T23:03:26.865Z,"32 km SW of Ferry, Alaska",earthquake,,0.2,,,reviewed,ak,ak
2023-05-30T20:11:17.564Z,53.8389,-165.4775,60.1,2.2,ml,,,,0.48,ak,ak0236wel4eq,2023-06-02T23:03:26.676Z,"38 km SSE of Akutan, Alaska",earthquake,,1.6,,,reviewed,ak,ak
2023-05-30T20:09:59.340Z,38.8390007,-122.824501,1.42,1,md,13,95,0.00859,0.03,nc,nc73891740,2023-05-30T20:37:15.912Z,"9km WNW of Cobb, CA",earthquake,0.28,0.61,0.28,13,automatic,nc,nc
2023-05-30T20:09:43.111Z,-50.0009,126.8287,10,4.3,mb,13,145,18.342,0.62,us,us7000k6mx,2023-06-17T16:49:23.040Z,"western Indian-Antarctic Ridge",earthquake,16.09,1.962,0.168,12,reviewed,us,us
2023-05-30T20:09:17.320Z,33.2701667,-116.4283333,4.99,1.37,ml,44,55,0.009564,0.17,ci,ci40238183,2023-06-05T20:29:27.290Z,"5km WNW of Borrego Springs, CA",earthquake,0.19,0.47,0.184,24,reviewed,ci,ci
2023-05-30T20:05:58.030Z,37.6281667,-118.96,5.64,0.97,md,15,138,0.03438,0.03,nc,nc73891735,2023-05-31T05:42:19.369Z,"2km ESE of Mammoth Lakes, CA",earthquake,0.43,0.89,0.1,13,reviewed,nc,nc
2023-05-30T20:00:56.160Z,52.8456,159.7977,51.478,4.3,mb,23,146,0.717,0.73,us,us7000k6ms,2023-06-16T18:45:41.040Z,"82 km ESE of Petropavlovsk-Kamchatsky, Russia",earthquake,9.23,8.757,0.16,11,reviewed,us,us
2023-05-30T19:56:26.711Z,62.0417,-150.9004,12.9,0.9,ml,,,,0.66,ak,ak0236we9cnd,2023-06-02T23:03:26.492Z,"26 km ENE of Skwentna, Alaska",earthquake,,0.6,,,reviewed,ak,ak
2023-05-30T19:47:46.050Z,38.781,-122.725,1.39,1.28,md,37,56,0.009432,0.05,nc,nc73891730,2023-06-01T18:21:14.464Z,"3km E of The Geysers, CA",earthquake,0.17,0.23,0.144,31,reviewed,nc,nc
2023-05-30T19:46:22.491Z,51.7779,-175.5817,21,1.8,ml,,,,0.39,ak,ak0236we778p,2023-06-02T23:03:30.902Z,"73 km E of Adak, Alaska",earthquake,,0.5,,,reviewed,ak,ak
2023-05-30T19:45:32.620Z,33.4823333,-116.4481667,13.02,1.09,ml,37,72,0.04506,0.17,ci,ci40238175,2023-06-05T20:23:16.220Z,"22km ESE of Anza, CA",earthquake,0.21,0.55,0.18,26,reviewed,ci,ci
2023-05-30T19:37:00.063Z,58.0329,-154.6844,80.1,1.6,ml,,,,0.44,ak,ak0236we54ya,2023-06-02T23:03:26.290Z,"53 km NNW of Karluk, Alaska",earthquake,,0.5,,,reviewed,ak,ak
2023-05-30T19:27:28.615Z,60.6751,-151.2004,59.4,1.5,ml,,,,0.59,ak,ak0236we352o,2023-06-02T23:03:26.059Z,"Kenai Peninsula, Alaska",earthquake,,0.6,,,reviewed,ak,ak
2023-05-30T19:24:27.020Z,53.8946666666667,-166.9275,1.23,0,ml,5,250,,0.07,av,av91105558,2023-05-31T23:41:27.480Z,"Fox Islands, Aleutian Islands, Alaska",earthquake,0.67,3.62,0.186719114226715,5,reviewed,av,av
2023-05-30T19:22:08.270Z,33.3951667,-116.9008333,14.66,0.87,ml,24,72,0.05233,0.19,ci,ci40238135,2023-05-30T21:07:10.462Z,"6km NW of Palomar Observatory, CA",earthquake,0.34,0.65,0.163,17,reviewed,ci,ci
2023-05-30T19:22:01.350Z,58.1866666666667,-155.301333333333,2.3,0.2,ml,13,56,,0.08,av,av91105633,2023-06-01T01:58:44.650Z,"85 km NW of Karluk, Alaska",earthquake,0.17,0.34,0.261411102267329,12,reviewed,av,av
2023-05-30T19:16:30.888Z,55.5633,-161.8354,143.787,2.8,ml,13,184,0.153,0.78,us,us7000k5xz,2023-06-16T16:56:41.040Z,"62 km SW of Nelson Lagoon, Alaska",earthquake,9.35,4.792,0.148,6,reviewed,us,us
2023-05-30T19:15:17.080Z,37.6261667,-118.961,5.47,1.1,md,16,142,0.03586,0.03,nc,nc73891720,2023-05-31T06:57:13.619Z,"2km SE of Mammoth Lakes, CA",earthquake,0.42,0.89,0.161,14,reviewed,nc,nc
2023-05-30T19:13:50.540Z,61.4581,-151.5082,69.6,1.9,ml,,,,0.68,ak,ak0236we06r1,2023-06-02T23:03:25.788Z,"42 km NNW of Beluga, Alaska",earthquake,,0.3,,,reviewed,ak,ak
2023-05-30T19:11:56.610Z,58.2611666666667,-155.082666666667,4.42,0.28,ml,15,103,,0.15,av,av91105653,2023-06-01T02:16:24.500Z,"85 km NNW of Karluk, Alaska",earthquake,0.27,0.44,0.255760201762153,15,reviewed,av,av
2023-05-30T19:06:14.170Z,37.622,-118.9593333,4.39,0,md,10,153,0.03635,0.06,nc,nc73891705,2023-05-31T04:41:11.804Z,"2km SE of Mammoth Lakes, CA",earthquake,0.44,0.74,0.185,9,reviewed,nc,nc
2023-05-30T19:02:14.290Z,37.6261667,-118.9603333,5.57,1.03,md,12,143,0.03608,0.03,nc,nc73891700,2023-05-31T05:41:12.182Z,"2km SE of Mammoth Lakes, CA",earthquake,0.51,0.95,0.14,10,reviewed,nc,nc
2023-05-30T19:00:53.630Z,58.1801666666667,-155.288333333333,2.46,0.5,ml,15,60,,0.08,av,av91105663,2023-06-01T02:23:28.240Z,"84 km NW of Karluk, Alaska",earthquake,0.15,0.32,0.327587959237234,15,reviewed,av,av
2023-05-30T18:58:27.621Z,58.3314,-155.3918,123.9,2.3,ml,,,,0.84,ak,ak0236wdocnl,2023-06-16T16:47:58.040Z,"84 km ESE of King Salmon, Alaska",earthquake,,0.2,,,reviewed,ak,ak
2023-05-30T18:53:49.756Z,-23.3799,170.9593,10,4.3,mb,14,113,3.326,0.61,us,us7000k6mr,2023-06-16T16:20:19.040Z,"southeast of the Loyalty Islands",earthquake,7.87,1.924,0.238,6,reviewed,us,us
2023-05-30T18:52:30.142Z,56.7931,-155.357,29.4,1.6,ml,,,,0.28,ak,ak0236wdn2iu,2023-06-02T23:03:30.530Z,"74 km WSW of Akhiok, Alaska",earthquake,,0.4,,,reviewed,ak,ak
2023-05-30T18:48:00.590Z,56.3444,-157.8833,79.5,2.3,ml,,,,0.48,ak,ak0236wdm5dn,2023-06-17T20:51:57.040Z,"32 km E of Chignik, Alaska",earthquake,,0.2,,,reviewed,ak,ak
2023-05-30T18:46:01.420Z,33.0325,-116.4113333,10.58,1.22,ml,51,31,0.05005,0.16,ci,ci40238095,2023-06-05T19:26:35.540Z,"18km ESE of Julian, CA",earthquake,0.18,0.35,0.115,27,reviewed,ci,ci
2023-05-30T18:44:49.500Z,39.3078333,-122.9058333,5.27,1.82,md,24,96,0.1843,0.17,nc,nc73891695,2023-05-31T07:50:11.065Z,"12km SSE of Lake Pillsbury, CA",earthquake,0.28,1.59,0.134,24,reviewed,nc,nc
2023-05-30T18:43:47.824Z,60.3046,-151.6541,63.4,1.1,ml,,,,0.52,ak,ak0236wdl6fy,2023-06-02T23:03:30.338Z,"16 km WNW of Clam Gulch, Alaska",earthquake,,0.4,,,reviewed,ak,ak
2023-05-30T18:41:02.000Z,34.009,-116.893,17.36,1.18,ml,35,52,0.07543,0.11,ci,ci40238087,2023-06-05T19:16:24.230Z,"9km N of Banning, CA",earthquake,0.17,0.4,0.14,25,reviewed,ci,ci
2023-05-30T18:38:03.740Z,38.8218346,-122.8079987,2.83,0.77,md,12,76,0.002248,0.02,nc,nc73891690,2023-05-30T18:55:13.266Z,"7km NW of The Geysers, CA",earthquake,0.35,1.05,0.08,13,automatic,nc,nc
2023-05-30T18:35:13.030Z,19.3896666666667,-155.2785,1.31,1.93,ml,23,56,,0.08,hv,hv73430717,2023-05-30T21:53:34.130Z,"7 km SW of Volcano, Hawaii",earthquake,0.13,0.13,0.187375808201381,13,reviewed,hv,hv
2023-05-30T18:29:08.654Z,58.3371,-153.7254,71.9,1.2,ml,,,,0.31,ak,ak0236wdi3e9,2023-06-02T23:03:30.151Z,"57 km WNW of Aleneva, Alaska",earthquake,,0.3,,,reviewed,ak,ak
2023-05-30T18:19:20.850Z,60.4926666666667,-152.730166666667,-3,-1.11,ml,5,180,,0.08,av,av91105578,2023-06-01T00:31:43.230Z,"Southern Alaska",earthquake,0.3,0.36,0.131861534055716,5,reviewed,av,av
2023-05-30T18:15:52.393Z,-35.5735,-74.5237,3.975,4.3,mb,32,105,1.593,0.79,us,us7000k525,2023-06-16T16:06:59.040Z,"Off the coast of Maule, Chile",earthquake,6.14,3.946,0.188,9,reviewed,us,us
2023-05-30T18:14:56.830Z,19.6468,-65.7148,50,3.66,md,7,287,1.4073,0.39,pr,pr2023150000,2023-05-30T18:38:25.413Z,"135 km N of Suárez, Puerto Rico",earthquake,5.23,23.63,0.03,7,reviewed,pr,pr
2023-05-30T18:06:22.483Z,60.0483,-140.3806,12.8,1.3,ml,,,,0.59,ak,ak0236wdd6xn,2023-06-06T17:46:59.837Z,"66 km NNW of Yakutat, Alaska",earthquake,,0.3,,,reviewed,ak,ak
2023-05-30T17:57:28.120Z,33.0588333,-115.0026667,-0.2,1.33,ml,13,62,0.08881,0.21,ci,ci40238071,2023-06-13T21:05:29.142Z,"45km NE of Holtville, CA",quarry blast,0.51,31.61,0.126,8,reviewed,ci,ci
2023-05-30T17:55:59.190Z,-15.5172,-174.4812,197.094,4.3,mb,23,55,3.062,0.92,us,us7000k6mw,2023-06-16T16:01:59.040Z,"87 km WNW of Hihifo, Tonga",earthquake,7.41,7.279,0.169,12,reviewed,us,us
2023-05-30T17:53:10.289Z,61.6526,-146.5219,19.9,1.3,ml,,,,0.83,ak,ak0236wd1t1g,2023-06-02T23:03:24.840Z,"39 km SSE of Nelchina, Alaska",earthquake,,0.5,,,reviewed,ak,ak
2023-05-30T17:51:54.098Z,-23.8976,-179.8056,508.337,4.6,mb,20,104,5.047,0.84,us,us7000k6mq,2023-06-16T14:51:02.040Z,"south of the Fiji Islands",earthquake,14.76,10.283,0.111,24,reviewed,us,us
2023-05-30T17:49:16.193Z,61.6019,-147.864,19.7,2.1,ml,,,,0.85,ak,ak0236wd0yla,2023-06-02T23:03:24.534Z,"25 km SSW of Glacier View, Alaska",earthquake,,0.2,,,reviewed,ak,ak
2023-05-30T17:46:46.109Z,35.916,-95.148,0,1.71,ml,54,107,0.5227974093,0.35,ok,ok2023knpd,2023-05-31T16:30:45.686Z,"1 km SSW of Hulbert, Oklahoma",quarry blast,,0.4,0.18,6,reviewed,ok,ok
2023-05-30T17:45:41.555Z,38.5796,73.1842,9.861,4.5,mb,124,65,2.749,0.75,us,us7000k520,2023-06-16T13:50:12.040Z,"82 km WNW of Murghob, Tajikistan",earthquake,4.77,3.905,0.054,106,reviewed,us,us
2023-05-30T17:42:57.024Z,56.5572,-149.961,10,2.6,ml,28,228,1.884,1.03,us,us7000k52p,2023-06-16T13:20:58.040Z,"183 km SE of Chiniak, Alaska",earthquake,4.52,2.014,0.057,40,reviewed,us,us
2023-05-30T17:27:55.720Z,33.3145,-116.1791667,16.29,0.5,ml,13,216,0.1192,0.26,ci,ci40238015,2023-06-13T21:01:40.476Z,"18km SSW of Oasis, CA",earthquake,1.14,1.14,0.043,3,reviewed,ci,ci
2023-05-30T17:25:18.510Z,33.5355,-116.3945,12.28,0.65,ml,19,83,0.02872,0.2,ci,ci40238007,2023-06-05T18:56:51.106Z,"16km SSW of La Quinta, CA",earthquake,0.39,1.06,0.038,8,reviewed,ci,ci
2023-05-30T17:23:22.840Z,32.8866667,-116.2291667,7.72,1.24,ml,40,51,0.09212,0.17,ci,ci40237999,2023-06-05T18:48:57.700Z,"28km NW of Ocotillo, CA",earthquake,0.22,0.76,0.122,22,reviewed,ci,ci
2023-05-30T17:22:34.840Z,38.8226667,-122.855,2.49,1.24,md,41,48,0.005086,0.03,nc,nc73891680,2023-06-01T17:38:10.199Z,"10km WNW of The Geysers, CA",earthquake,0.14,0.24,0.182,34,reviewed,nc,nc
2023-05-30T17:22:29.210Z,38.8231659,-122.796669,2.79,0.75,md,11,65,0.01047,0.01,nc,nc73891675,2023-05-30T17:24:07.315Z,"6km NW of The Geysers, CA",earthquake,0.38,0.7,0.08,11,automatic,nc,nc
2023-05-30T17:21:48.754Z,36.9547,-117.5657,5.6,0.8,ml,9,155.63,0.165,0.1546,nn,nn00860522,2023-05-31T02:04:12.445Z,"58 km NNE of Keeler, California",earthquake,,5.4,1.11,6,reviewed,nn,nn
2023-05-30T17:17:54.464Z,-23.6936,179.9085,523.35,4.4,mb,31,74,5.172,1.05,us,us7000k6n5,2023-06-15T22:25:15.040Z,"south of the Fiji Islands",earthquake,14,8.941,0.123,23,reviewed,us,us
2023-05-30T17:17:12.886Z,-24.9482,179.8487,493.746,4.3,mb,21,92,4.734,0.73,us,us7000k6mv,2023-06-15T14:55:59.040Z,"south of the Fiji Islands",earthquake,15.4,11.604,0.147,17,reviewed,us,us
2023-05-30T17:13:30.214Z,61.5429,-146.3072,29.5,1.1,ml,,,,0.82,ak,ak0236wct9zx,2023-06-02T23:03:29.933Z,"45 km N of Valdez, Alaska",earthquake,,0.4,,,reviewed,ak,ak
2023-05-30T17:12:24.120Z,32.7491667,-115.4326667,11.94,1.48,ml,16,158,0.05725,0.15,ci,ci40237983,2023-06-05T18:28:27.279Z,"8km SW of Holtville, CA",earthquake,0.53,0.3,0.219,8,reviewed,ci,ci
2023-05-30T17:12:02.560Z,37.4211667,-118.5308333,8.64,1.53,md,18,95,0.07263,0.06,nc,nc73891670,2023-05-31T08:25:12.147Z,"6km E of Round Valley, CA",earthquake,0.32,1.02,0.078,14,reviewed,nc,nc
2023-05-30T17:11:45.152Z,37.3,-117.57,0,1.2,ml,9,127.6,0.091,0.2013,nn,nn00860521,2023-05-31T02:04:11.518Z,"50 km S of Silver Peak, Nevada",earthquake,,0,0.84,7,reviewed,nn,nn
2023-05-30T17:11:17.620Z,32.7476667,-115.429,12.06,1.72,ml,27,69,0.05941,0.21,ci,ci40237975,2023-06-05T18:24:39.740Z,"8km SSW of Holtville, CA",earthquake,0.33,0.61,0.301,19,reviewed,ci,ci
2023-05-30T17:07:03.780Z,38.833,-122.8176667,1.88,0.35,md,16,56,0.01128,0.04,nc,nc73891665,2023-06-01T16:51:14.909Z,"8km NW of The Geysers, CA",earthquake,0.29,0.57,0.177,15,reviewed,nc,nc
2023-05-30T17:06:51.910Z,38.8441658,-122.7928314,-0.39,1.19,md,14,185,0.006068,0.09,nc,nc73891660,2023-05-30T18:32:11.128Z,"6km WNW of Cobb, CA",earthquake,0.42,0.57,0.14,16,automatic,nc,nc
2023-05-30T17:05:10.348Z,37.4367,-115.5318,14.8,1.6,ml,22,133.75,0.269,0.1454,nn,nn00860520,2023-05-31T02:04:10.510Z,"29 km SE of Rachel, Nevada",earthquake,,2.3,0.22,13,reviewed,nn,nn
2023-05-30T16:51:35.377Z,-20.7038,-70.6344,24.602,5.5,mww,108,95,0.639,0.92,us,us7000k51s,2023-06-06T19:24:12.188Z,"Near the coast of Tarapaca, Chile",earthquake,4.6,1.982,0.078,16,reviewed,us,us
2023-05-30T16:44:37.080Z,58.1497,-155.3308,5.6,1.7,ml,,,,0.73,ak,ak0236wcei57,2023-06-06T17:46:59.394Z,"Alaska Peninsula",earthquake,,0.1,,,reviewed,ak,ak
2023-05-30T16:41:07.826Z,63.4796,-149.2726,87.1,1.6,ml,,,,0.72,ak,ak0236wcdsva,2023-06-02T23:03:23.886Z,"18 km WNW of Cantwell, Alaska",earthquake,,0.5,,,reviewed,ak,ak
2023-05-30T16:36:48.450Z,58.2546666666667,-155.121,4.28,0.24,ml,13,85,,0.09,av,av91105688,2023-06-02T23:01:19.107Z,"85 km NNW of Karluk, Alaska",earthquake,0.28,0.45,0.167834819785188,14,reviewed,av,av
2023-05-30T16:36:36.287Z,64.9517,-148.617,20.3,1.9,ml,,,,0.73,ak,ak0236wccsbr,2023-06-02T23:03:23.639Z,"30 km WNW of Ester, Alaska",earthquake,,0.1,,,reviewed,ak,ak
2023-05-30T16:33:48.010Z,19.4069995880127,-155.253326416016,2.05999994277954,1.88,ml,26,81,,0.150000006,hv,hv73430417,2023-05-30T16:39:21.430Z,"4 km SSW of Volcano, Hawaii",earthquake,0.19,0.209999993,0.24,11,automatic,hv,hv
2023-05-30T16:33:13.090Z,34.3398333,-116.8465,-1.41,1.35,ml,19,102,0.01775,0.17,ci,ci40237943,2023-06-05T17:50:58.805Z,"9km N of Big Bear City, CA",quarry blast,0.46,31.61,0.112,19,reviewed,ci,ci
2023-05-30T16:31:29.309Z,58.2551,-155.0872,2.5,1.2,ml,,,,0.53,ak,ak0236wcbp7a,2023-06-06T17:46:59.200Z,"85 km NNW of Karluk, Alaska",earthquake,,0.2,,,reviewed,ak,ak
2023-05-30T16:23:20.267Z,55.543,-135.2287,3.1,2.2,ml,,,,0.82,ak,ak0236wc9z6a,2023-06-06T17:47:01.586Z,"off the coast of Southeastern Alaska",earthquake,,0.9,,,reviewed,ak,ak
2023-05-30T16:21:46.600Z,58.254,-155.092833333333,3.94,0.38,ml,13,97,,0.06,av,av91105718,2023-06-02T23:01:12.294Z,"85 km NNW of Karluk, Alaska",earthquake,0.2,0.39,0.256702155304031,14,reviewed,av,av
2023-05-30T16:15:17.941Z,59.5748,-152.8888,101.1,1.7,ml,,,,0.48,ak,ak0236wc88vm,2023-06-02T23:03:29.517Z,"60 km WNW of Nanwalek, Alaska",earthquake,,0.2,,,reviewed,ak,ak
2023-05-30T16:14:01.163Z,58.2539,-155.0845,3,1.3,ml,,,,0.6,ak,ak0236wc7zv7,2023-06-06T17:46:58.998Z,"84 km NNW of Karluk, Alaska",earthquake,,0.2,,,reviewed,ak,ak
2023-05-30T16:10:15.140Z,58.1776666666667,-155.281166666667,0.52,-0.21,ml,5,156,,0.03,av,av91105538,2023-05-31T23:28:15.240Z,"83 km NW of Karluk, Alaska",earthquake,0.29,1.45,0.246108468202678,5,reviewed,av,av
2023-05-30T16:09:28.622Z,58.1701,-155.3539,0.1,1.1,ml,,,,0.56,ak,ak0236wc6zdy,2023-06-06T17:46:58.803Z,"85 km NW of Karluk, Alaska",earthquake,,0.5,,,reviewed,ak,ak
2023-05-30T16:08:28.610Z,33.2291667,-115.6296667,4.7,1.56,ml,31,64,0.0463,0.23,ci,ci40237903,2023-06-05T17:47:02.608Z,"10km W of Niland, CA",earthquake,0.38,0.8,0.127,26,reviewed,ci,ci
2023-05-30T16:07:19.742Z,62.2723,-150.8726,75,1.1,ml,,,,0.5,ak,ak0236wc6jec,2023-06-02T23:03:22.851Z,"25 km SSW of Petersville, Alaska",earthquake,,0.4,,,reviewed,ak,ak
2023-05-30T16:04:40.260Z,58.1788333333333,-155.324666666667,1.74,0.16,ml,12,57,,0.08,av,av91105723,2023-06-02T23:01:09.867Z,"85 km NW of Karluk, Alaska",earthquake,0.18,0.51,0.249878147464818,12,reviewed,av,av
2023-05-30T16:03:30.270Z,37.3966667,-119.994,19.73,1.58,md,7,104,0.1748,0.22,nc,nc73891655,2023-05-30T18:05:10.978Z,"10km SSW of Mariposa, CA",earthquake,0.67,1.08,0.202,6,reviewed,nc,nc
2023-05-30T16:02:35.710Z,58.18,-155.278833333333,1.82,0.68,ml,9,153,,0.07,av,av91105713,2023-06-01T03:12:43.930Z,"83 km NW of Karluk, Alaska",earthquake,0.26,0.64,0.448815184451519,9,reviewed,av,av
2023-05-30T16:02:15.297Z,58.1894,-155.2917,2,1.4,ml,,,,0.84,ak,ak0236wc5ge7,2023-06-06T17:46:58.606Z,"85 km NW of Karluk, Alaska",earthquake,,0.2,,,reviewed,ak,ak
2023-05-30T16:00:28.810Z,58.2541666666667,-155.082666666667,4.14,-0.42,ml,7,102,,0.21,av,av91105698,2023-06-01T02:54:52.730Z,"84 km NNW of Karluk, Alaska",earthquake,0.49,1.03,0.21532373910079,7,reviewed,av,av
2023-05-30T16:00:12.591Z,1.9332,126.7813,42.226,4.1,mb,14,159,1.294,0.52,us,us7000k6mn,2023-06-06T19:09:06.040Z,"138 km W of Tobelo, Indonesia",earthquake,10.87,8.012,0.173,9,reviewed,us,us
2023-05-30T16:00:05.297Z,58.2577,-155.0823,3.2,1.1,ml,,,,0.46,ak,ak0236wc505x,2023-06-06T17:46:58.415Z,"85 km NNW of Karluk, Alaska",earthquake,,0.2,,,reviewed,ak,ak
2023-05-30T15:57:11.430Z,34.0283333,-116.7325,18.03,0.68,ml,13,149,0.06289,0.1,ci,ci40237879,2023-06-03T00:30:21.552Z,"13km NNE of Cabazon, CA",earthquake,0.25,0.49,0.172,12,reviewed,ci,ci
2023-05-30T15:50:20.352Z,58.1848,-155.2701,2,1.6,ml,,,,0.71,ak,ak0236wbubhl,2023-06-06T00:25:21.425Z,"83 km NW of Karluk, Alaska",earthquake,,0.3,,,reviewed,ak,ak
2023-05-30T15:48:54.180Z,38.8499985,-122.8153305,1.78,0.64,md,8,122,0.007802,0.01,nc,nc73891650,2023-05-30T16:23:15.258Z,"9km WNW of Cobb, CA",earthquake,1.03,2.3,0.12,9,automatic,nc,nc
2023-05-30T15:46:58.300Z,58.2418333333333,-155.159666666667,3.51,0.41,ml,14,68,,0.09,av,av91105673,2023-06-06T00:25:04.282Z,"85 km NNW of Karluk, Alaska",earthquake,0.2,0.44,0.186676921358605,14,reviewed,av,av
2023-05-30T15:45:16.210Z,58.2536666666667,-155.094666666667,3.8,0.11,ml,13,96,,0.07,av,av91105668,2023-06-01T02:27:46.470Z,"85 km NNW of Karluk, Alaska",earthquake,0.21,0.41,0.232076841692877,14,reviewed,av,av
2023-05-30T15:44:14.920Z,58.2485,-155.130833333333,2.16,-0.37,ml,9,95,,0.08,av,av91105658,2023-06-01T02:19:37.430Z,"85 km NNW of Karluk, Alaska",earthquake,0.2,0.63,0.142363486985681,9,reviewed,av,av
2023-05-30T15:44:13.720Z,33.232,-115.6345,3.68,1.4,ml,29,60,0.04975,0.2,ci,ci40237871,2023-06-03T00:22:51.411Z,"11km W of Niland, CA",earthquake,0.26,0.38,0.206,26,reviewed,ci,ci
2023-05-30T15:42:13.680Z,33.2341667,-115.6446667,2.9,1.23,ml,13,142,0.05417,0.15,ci,ci40237863,2023-05-31T13:39:57.666Z,"12km W of Niland, CA",earthquake,0.3,0.33,0.321,6,reviewed,ci,ci
2023-05-30T15:41:47.180Z,33.2283333,-115.6676667,0.04,1.55,ml,6,189,0.05884,0.23,ci,ci37546044,2023-05-31T13:46:54.967Z,"14km W of Niland, CA",earthquake,1.35,3.81,0.185,2,reviewed,ci,ci
2023-05-30T15:40:25.115Z,62.1963,-149.4432,5.2,1.1,ml,,,,0.8,ak,ak0236wbs6qp,2023-06-02T19:37:43.289Z,"21 km E of Susitna North, Alaska",earthquake,,0.3,,,reviewed,ak,ak
2023-05-30T15:39:47.390Z,19.25950050354,-155.40266418457,33.9300003051758,1.75,md,43,125,,0.140000001,hv,hv73430342,2023-05-30T15:42:52.160Z,"10 km NE of Pāhala, Hawaii",earthquake,0.62,0.920000017,0.870000005,3,automatic,hv,hv
2023-05-30T15:34:02.590Z,38.8100014,-122.7845001,1.15,0.76,md,15,75,0.004412,0.02,nc,nc73891640,2023-05-30T16:18:11.226Z,"4km NW of The Geysers, CA",earthquake,0.24,0.44,0.14,15,automatic,nc,nc
2023-05-30T15:30:42.180Z,33.2305,-115.6373333,3.2,1.72,ml,35,85,0.04884,0.21,ci,ci40237839,2023-06-03T00:00:48.540Z,"11km W of Niland, CA",earthquake,0.37,0.59,0.101,23,reviewed,ci,ci
2023-05-30T15:22:34.103Z,14.9274,121.7381,10,4.6,mb,70,99,8.395,0.64,us,us7000k517,2023-06-06T18:59:54.471Z,"Luzon, Philippines",earthquake,9.79,1.903,0.065,71,reviewed,us,us
2023-05-30T15:15:18.526Z,58.2571,-155.1204,3,1.2,ml,,,,0.53,ak,ak0236wbmtbm,2023-06-06T00:25:21.220Z,"86 km NNW of Karluk, Alaska",earthquake,,0.3,,,reviewed,ak,ak
2023-05-30T15:07:49.175Z,64.99,-147.3721,0,1.1,ml,,,,0.45,ak,ak0236wbl5xt,2023-06-06T00:25:21.014Z,"12 km ENE of Fox, Alaska",explosion,,0,,,reviewed,ak,ak
2023-05-30T15:05:44.200Z,58.19,-155.268666666667,2.77,0.54,ml,13,53,,0.07,av,av91105638,2023-06-02T19:36:45.503Z,"84 km NW of Karluk, Alaska",earthquake,0.16,0.27,0.448163918340003,13,reviewed,av,av
2023-05-30T14:59:24.916Z,61.1343,-147.4225,0,1.1,ml,,,,0.84,ak,ak0236wbatwe,2023-06-06T00:25:20.828Z,"50 km NW of Tatitlek, Alaska",ice quake,,0,,,reviewed,ak,ak
2023-05-30T14:53:31.139Z,51.2876,-179.2767,25.5,2.2,ml,,,,0.53,ak,ak0236wb9jw9,2023-06-02T19:37:45.827Z,"194 km WSW of Adak, Alaska",earthquake,,2.3,,,reviewed,ak,ak
2023-05-30T14:47:57.880Z,58.2531666666667,-155.127333333333,2.64,-0.58,ml,8,98,,0.08,av,av91105628,2023-06-01T01:54:47.450Z,"86 km NNW of Karluk, Alaska",earthquake,0.27,0.41,0.195851682290726,8,reviewed,av,av
2023-05-30T14:45:58.001Z,65.4002,-144.7015,0,2,ml,,,,1.05,ak,ak0236wb7w8x,2023-06-02T19:37:42.443Z,"northern Alaska",earthquake,,0.2,,,reviewed,ak,ak
2023-05-30T14:44:42.660Z,58.2513333333333,-155.124,3.74,-0.17,ml,11,83,,0.13,av,av91105623,2023-06-01T01:47:28.040Z,"",earthquake,0.27,0.57,0.168997676370114,11,reviewed,av,av
2023-05-30T14:40:16.490Z,58.2541666666667,-155.116,4.91,0.39,ml,15,87,,0.2,av,av91105608,2023-06-01T01:00:18.330Z,"Alaska Peninsula",earthquake,0.33,0.71,0.234865395763834,15,reviewed,av,av
2023-05-30T14:36:10.580Z,58.249,-155.136833333333,2.91,-0.23,ml,10,91,,0.09,av,av91105518,2023-05-31T23:06:08.800Z,"85 km NNW of Karluk, Alaska",earthquake,0.22,0.7,0.259456589713686,10,reviewed,av,av
2023-05-30T14:35:04.720Z,58.2098333333333,-155.212,4.45,-1.04,ml,6,119,,0.09,av,av91105513,2023-05-31T23:02:32.510Z,"84 km NNW of Karluk, Alaska",earthquake,0.37,0.97,0.17325147744864,6,reviewed,av,av
2023-05-30T14:34:05.990Z,58.262,-155.125,32.73,-0.52,ml,7,105,,0.05,av,av91105508,2023-05-31T22:49:47.890Z,"86 km NNW of Karluk, Alaska",earthquake,1.13,0.64,0.184433550632371,6,reviewed,av,av
2023-05-30T14:31:29.350Z,32.7481667,-115.4273333,12.86,1.79,ml,26,99,0.0593,0.24,ci,ci40237807,2023-06-02T23:56:20.053Z,"8km SSW of Holtville, CA",earthquake,0.44,0.85,0.253,17,reviewed,ci,ci
2023-05-30T14:24:58.970Z,33.019,-115.8575,8.48,1.42,ml,30,44,0.06987,0.24,ci,ci40237783,2023-06-02T23:50:11.316Z,"22km W of Westmorland, CA",earthquake,0.28,0.92,0.147,24,reviewed,ci,ci
2023-05-30T14:17:18.900Z,53.8986666666667,-166.936,1.6,-0.08,ml,5,257,,0.11,av,av91105583,2023-06-01T00:30:53.840Z,"Fox Islands, Aleutian Islands, Alaska",earthquake,0.66,3.8,0.124234478970051,5,reviewed,av,av
2023-05-30T14:15:18.250Z,58.1843333333333,-155.27,2.09,0.01,ml,8,90,,0.08,av,av91105598,2023-06-01T00:44:11.570Z,"83 km NW of Karluk, Alaska",earthquake,0.26,0.64,0.415245758129682,8,reviewed,av,av
2023-05-30T14:01:32.770Z,51.9521666666667,179.6035,6.41,0.39,ml,5,84,,0.06,av,av91775757,2023-05-31T22:35:07.330Z,"259 km W of Adak, Alaska",earthquake,0.33,0.67,0.515582049435565,5,reviewed,av,av
2023-05-30T13:57:28.430Z,33.5336667,-116.685,9.53,0.29,ml,18,70,0.05394,0.09,ci,ci40237727,2023-06-02T23:29:05.395Z,"3km SSW of Anza, CA",earthquake,0.23,0.39,0.237,9,reviewed,ci,ci
2023-05-30T13:57:12.085Z,53.8613,-164.1098,25.6,2,ml,,,,0.55,ak,ak0236waoxoo,2023-06-02T19:37:45.642Z,"113 km ESE of Akutan, Alaska",earthquake,,2.6,,,reviewed,ak,ak
2023-05-30T13:56:33.250Z,38.7868347,-122.7473297,1.4,0.75,md,8,161,0.01683,0.02,nc,nc73891625,2023-05-30T14:33:13.606Z,"1km NE of The Geysers, CA",earthquake,0.43,0.63,0.04,8,automatic,nc,nc
2023-05-30T13:52:01.563Z,37.4928,141.8478,40.965,4.3,mb,35,134,3.063,0.86,us,us7000k50v,2023-06-06T18:55:41.040Z,"74 km E of Namie, Japan",earthquake,4.96,8.268,0.142,14,reviewed,us,us
2023-05-30T13:49:58.015Z,54.795,-161.7087,65.8,1.5,ml,,,,0.63,ak,ak0236wanbi1,2023-06-02T19:37:45.446Z,"49 km SE of King Cove, Alaska",earthquake,,1.2,,,reviewed,ak,ak
2023-05-30T13:47:39.800Z,37.2455,-117.6728333,12.38,1.22,ml,5,188,0.0249,0.13,ci,ci40237719,2023-06-13T20:56:25.691Z,"55km E of Big Pine, CA",earthquake,1.38,0.51,0.665,2,reviewed,ci,ci
2023-05-30T13:44:41.289Z,-3.3228,28.9229,10,4.4,mb,10,176,3.255,0.57,us,us7000k6n2,2023-06-06T18:52:53.040Z,"25 km WNW of Uvira, Democratic Republic of the Congo",earthquake,8.56,1.804,0.309,3,reviewed,us,us
2023-05-30T13:36:52.170Z,60.0273333333333,-153.071,-2.6,-0.26,ml,5,106,,0.11,av,av91775742,2023-05-31T22:32:19.370Z,"63 km ENE of Pedro Bay, Alaska",earthquake,0.28,2,0.352596205648009,5,reviewed,av,av
2023-05-30T13:34:45.749Z,62.4377,-149.7853,54.3,0.9,ml,,,,0.58,ak,ak0236wak2ta,2023-06-02T19:37:46.016Z,"16 km E of Chase, Alaska",earthquake,,1,,,reviewed,ak,ak
2023-05-30T13:34:29.040Z,19.245,-155.388,31.53,1.44,md,25,163,,0.14,hv,hv73430187,2023-06-02T00:02:01.260Z,"10 km ENE of Pāhala, Hawaii",earthquake,0.63,0.6,0.0750264729411904,10,reviewed,hv,hv
2023-05-30T13:34:26.164Z,61.5911,-150.7738,68.1,1,ml,,,,0.27,ak,ak0236wak1ae,2023-06-02T19:37:42.249Z,"14 km WNW of Susitna, Alaska",earthquake,,1,,,reviewed,ak,ak
2023-05-30T13:32:58.340Z,38.814,-122.8233333,2.01,1.61,md,44,45,0.006864,0.05,nc,nc73891620,2023-06-01T16:44:10.868Z,"7km NW of The Geysers, CA",earthquake,0.14,0.2,0.135,42,reviewed,nc,nc
2023-05-30T13:30:56.616Z,63.2317,-151.2736,7.6,1.6,ml,,,,0.83,ak,ak0236waj8sp,2023-06-02T19:37:41.999Z,"41 km SSE of Denali National Park, Alaska",earthquake,,0.2,,,reviewed,ak,ak
2023-05-30T13:28:10.000Z,58.1921666666667,-155.284166666667,2.57,-0.01,ml,10,89,,0.06,av,av91105588,2023-06-01T00:36:11.090Z,"85 km NW of Karluk, Alaska",earthquake,0.21,0.33,0.405818439485155,10,reviewed,av,av
2023-05-30T13:23:31.423Z,31.59200407,-104.2465237,6.131567383,2.6,ml,24,71,0.1039452421,0.2,tx,tx2023kngm,2023-05-30T21:44:50.040Z,"52 km NW of Toyah, Texas",earthquake,0.8068152899,1.75956367,0.1,12,reviewed,tx,tx
2023-05-30T13:22:55.710Z,58.1781666666667,-155.2745,2.63,0.11,ml,10,61,,0.05,av,av91775732,2023-06-02T19:36:29.927Z,"83 km NW of Karluk, Alaska",earthquake,0.16,0.34,0.258767029353548,10,reviewed,av,av
2023-05-30T13:19:26.468Z,63.4073,-151.2634,9.2,1.4,ml,,,,0.8,ak,ak0236wagtki,2023-06-02T19:37:41.778Z,"27 km ESE of Denali National Park, Alaska",earthquake,,0.2,,,reviewed,ak,ak
2023-05-30T13:18:01.139Z,59.8029,-152.4784,96.8,1.6,ml,,,,0.42,ak,ak0236wagkdj,2023-06-02T19:37:41.527Z,"36 km W of Anchor Point, Alaska",earthquake,,0.5,,,reviewed,ak,ak
2023-05-30T13:11:42.565Z,67.607,-158.8831,15.6,1.2,ml,,,,0.62,ak,ak0236waf525,2023-06-06T00:25:21.830Z,"73 km NW of Ambler, Alaska",earthquake,,1.1,,,reviewed,ak,ak
2023-05-30T13:10:29.793Z,53.6835,-164.8387,33.615,2.8,ml,22,199,0.714,0.67,us,us7000k5vt,2023-06-06T17:37:00.040Z,"79 km SE of Akutan, Alaska",earthquake,3.19,8.564,0.091,16,reviewed,us,us
2023-05-30T13:10:10.921Z,-4.2968,152.1846,170.966,4.3,mb,56,81,0.107,0.71,us,us7000k6mm,2023-06-06T16:10:40.040Z,"10 km WNW of Kokopo, Papua New Guinea",earthquake,11.58,5.464,0.09,35,reviewed,us,us
2023-05-30T12:55:24.120Z,34.468,-117.9743333,7.72,1.57,ml,29,45,0.02462,0.2,ci,ci40237679,2023-05-30T13:12:31.770Z,"6km S of Littlerock, CA",earthquake,0.26,0.54,0.214,28,reviewed,ci,ci
2023-05-30T12:53:19.330Z,33.6661667,-116.7145,13.49,0.64,ml,23,64,0.04488,0.14,ci,ci40237671,2023-05-30T13:13:26.408Z,"8km S of Idyllwild, CA",earthquake,0.25,0.45,0.12,14,reviewed,ci,ci
2023-05-30T12:52:27.770Z,33.5085,-116.4485,8.03,0.58,ml,17,103,0.02416,0.11,ci,ci40237663,2023-06-02T23:24:11.361Z,"22km SW of La Quinta, CA",earthquake,0.22,0.61,0.166,10,reviewed,ci,ci
2023-05-30T12:46:22.830Z,33.506,-116.4518333,5.25,1.33,ml,50,60,0.02789,0.22,ci,ci40237655,2023-05-30T13:14:27.090Z,"21km ESE of Anza, CA",earthquake,0.24,0.62,0.211,26,reviewed,ci,ci
2023-05-30T12:44:22.860Z,40.546,-124.3071667,16.82,2.04,md,26,182,0.04479,0.12,nc,nc73891615,2023-05-31T10:45:14.984Z,"5km SW of Ferndale, CA",earthquake,0.49,0.45,0.19,19,reviewed,nc,nc
2023-05-30T12:40:20.733Z,61.0408,-148.2985,0,0.9,ml,,,,0.56,ak,ak0236w9zvd3,2023-06-06T00:25:20.435Z,"36 km NE of Whittier, Alaska",ice quake,,0,,,reviewed,ak,ak
2023-05-30T12:37:41.890Z,38.8380013,-122.8365021,1.66,0.77,md,9,116,0.0009863,0.01,nc,nc73891610,2023-05-30T13:11:15.127Z,"10km NW of The Geysers, CA",earthquake,0.38,0.84,0.16,11,automatic,nc,nc
2023-05-30T12:25:37.549Z,-21.9594,-68.5552,10,4.4,mb,17,170,1.047,0.71,us,us7000k4z1,2023-06-02T17:21:15.040Z,"66 km NE of Calama, Chile",earthquake,3.17,1.935,0.268,4,reviewed,us,us
2023-05-30T12:24:00.440Z,19.4479999542236,-155.26416015625,2.71000003814697,1.77,ml,20,150,,0.289999992,hv,hv73430097,2023-05-30T12:29:33.900Z,"3 km W of Volcano, Hawaii",earthquake,1.09,0.660000026,0.36,6,automatic,hv,hv
2023-05-30T12:23:59.240Z,19.4316673278809,-155.321838378906,4.05999994277954,1.77,ml,34,66,,0.180000007,hv,hv73430102,2023-05-30T12:29:38.720Z,"9 km W of Volcano, Hawaii",earthquake,0.35,0.800000012,0.37,8,automatic,hv,hv
2023-05-30T12:23:26.378Z,64.6294,-149.9604,15.7,1.4,ml,,,,0.66,ak,ak0236w9w8y4,2023-06-02T19:37:40.914Z,"40 km W of Four Mile Road, Alaska",earthquake,,0.2,,,reviewed,ak,ak
2023-05-30T12:10:56.029Z,53.7764,-164.0594,35,3.5,mb,69,158,0.817,0.41,us,us7000k5vs,2023-06-06T00:25:20.185Z,"119 km ESE of Akutan, Alaska",earthquake,4.5,1.973,0.148,11,reviewed,us,us
2023-05-30T12:10:27.180Z,33.2336667,-115.6323333,2.71,1.4,ml,19,71,0.05106,0.18,ci,ci40237607,2023-05-30T17:38:38.677Z,"11km W of Niland, CA",earthquake,0.29,0.4,0.318,9,reviewed,ci,ci
2023-05-30T12:05:57.950Z,58.186,-155.368,2.63,-0.18,ml,12,61,,0.08,av,av91775687,2023-06-02T19:36:25.523Z,"87 km NW of Karluk, Alaska",earthquake,0.22,0.33,0.214677489066739,12,reviewed,av,av
2023-05-30T11:52:32.231Z,59.9611,-141.1394,1.1,1.3,ml,,,,0.75,ak,ak0236w9h1ia,2023-06-06T00:25:19.967Z,"91 km WNW of Yakutat, Alaska",earthquake,,0.3,,,reviewed,ak,ak
2023-05-30T11:49:29.997Z,31.59875412,-104.2301677,2.660986328,2.6,ml,14,70,0.09141049426,0.1,tx,tx2023kndj,2023-05-30T17:51:08.022Z,"52 km NW of Toyah, Texas",earthquake,1.54760136,1.942634179,0.1,8,reviewed,tx,tx
2023-05-30T11:47:29.701Z,54.3172,-163.0444,39.3,1.8,ml,,,,0.54,ak,ak0236w9fypq,2023-06-06T00:25:21.632Z,"64 km SSE of False Pass, Alaska",earthquake,,3.2,,,reviewed,ak,ak
2023-05-30T11:47:29.260Z,33.9501667,-116.6373333,16.93,0.55,ml,19,74,0.08857,0.14,ci,ci40237575,2023-05-30T17:33:47.959Z,"10km WNW of Garnet, CA",earthquake,0.28,0.67,0.062,5,reviewed,ci,ci
2023-05-30T11:41:57.191Z,63.2326,-145.0062,11.2,0.9,ml,,,,0.94,ak,ak0236w9eqh0,2023-06-02T19:37:40.276Z,"34 km ENE of Paxson, Alaska",earthquake,,0.3,,,reviewed,ak,ak
2023-05-30T11:30:05.373Z,-57.0546,-66.5638,10,4.3,mb,17,159,2.21,0.64,us,us7000k4yn,2023-05-31T06:28:25.040Z,"272 km SSE of Ushuaia, Argentina",earthquake,7.53,1.962,0.161,11,reviewed,us,us
2023-05-30T11:25:12.273Z,63.1322,-150.5155,104.2,1,ml,,,,0.4,ak,ak0236w9b7kr,2023-06-02T19:37:44.900Z,"72 km N of Petersville, Alaska",earthquake,,1.9,,,reviewed,ak,ak
2023-05-30T11:18:12.662Z,54.1464,-164.2079,25.6,1.8,ml,,,,0.34,ak,ak0236w99ple,2023-06-02T19:37:44.710Z,"94 km SSW of False Pass, Alaska",earthquake,,1.9,,,reviewed,ak,ak
2023-05-30T11:09:21.440Z,33.905,-120.431,6.38,1.96,ml,18,277,0.1484,0.13,ci,ci40237551,2023-06-02T23:22:16.118Z,"15km SSW of San Miguel Is., CA",earthquake,0.69,1.01,0.14,11,reviewed,ci,ci
2023-05-30T11:04:41.610Z,58.2516666666667,-155.1365,3.73,-0.35,ml,11,79,,0.09,av,av91775672,2023-05-31T22:09:23.350Z,"Alaska Peninsula",earthquake,0.27,0.49,0.196392102556635,11,reviewed,av,av
2023-05-30T11:02:13.250Z,58.1803333333333,-155.323833333333,2.14,0.01,ml,12,57,,0.08,av,av91775667,2023-06-02T19:36:23.300Z,"85 km NW of Karluk, Alaska",earthquake,0.21,0.41,0.317932476404947,12,reviewed,av,av
2023-05-30T11:00:17.790Z,40.3888333,-125.2321667,10,3.04,ml,66,251,0.6873,0.28,nc,nc73891605,2023-05-31T10:58:15.176Z,"81km W of Petrolia, CA",earthquake,1.22,31.61,0.12,18,reviewed,nc,nc
2023-05-30T10:57:58.338Z,59.7752,-152.1414,74.2,1.3,ml,,,,0.45,ak,ak0236w8wom5,2023-06-02T19:37:40.072Z,"17 km W of Anchor Point, Alaska",earthquake,,0.7,,,reviewed,ak,ak
2023-05-30T10:50:33.660Z,33.8795,-120.433,3.57,1.82,ml,14,282,0.1722,0.13,ci,ci40237535,2023-06-02T23:11:28.410Z,"18km SSW of San Miguel Is., CA",earthquake,1.07,1.74,0.143,7,reviewed,ci,ci
2023-05-30T10:50:27.110Z,34.4496667,-119.4621667,5.64,0.73,ml,2,299,0.1285,0.06,ci,ci37525677,2023-06-02T23:17:08.025Z,"8km NE of Carpinteria, CA",earthquake,0.88,6.24,0.11,1,reviewed,ci,ci
2023-05-30T10:45:06.883Z,51.744,-178.8254,93.4,3.2,ml,15,195,0.94,0.18,us,us7000k5vr,2023-06-27T11:46:29.040Z,"151 km W of Adak, Alaska",earthquake,10.88,13.884,0.105,12,reviewed,us,us
2023-05-30T10:44:59.299Z,69.2668,-143.3716,9.7,1.1,ml,,,,0.88,ak,ak0236w8ty7d,2023-06-02T19:37:44.513Z,"97 km S of Kaktovik, Alaska",earthquake,,1.9,,,reviewed,ak,ak
2023-05-30T10:36:09.910Z,35.85366667,-97.195,7,1.23,ml,45,94,0.08998234239,0.2,ok,ok2023knay,2023-05-31T13:53:10.419Z,"",earthquake,,0.4,0.2,4,reviewed,ok,ok
2023-05-30T10:34:32.869Z,35.85,-97.19816667,9.05,0.62,ml,23,136,0.09448145951,0.11,ok,ok2023knax,2023-05-31T13:08:54.340Z,"",earthquake,,0.6,0.22,10,reviewed,ok,ok
2023-05-30T10:31:18.070Z,33.2261667,-115.642,1.67,1.19,ml,8,141,0.04591,0.11,ci,ci40237527,2023-06-13T20:52:11.539Z,"12km W of Niland, CA",earthquake,0.41,0.64,0.007,1,reviewed,ci,ci
2023-05-30T10:30:29.209Z,37.3155,-117.5812,0,1.1,ml,9,239.06,0.098,0.1699,nn,nn00860511,2023-05-31T02:04:08.663Z,"49 km S of Silver Peak, Nevada",earthquake,,0,1.08,6,reviewed,nn,nn
2023-05-30T10:21:59.240Z,38.8223343,-122.8088303,3,0.54,md,8,112,0.001437,0.02,nc,nc73891600,2023-05-30T10:56:11.300Z,"7km NW of The Geysers, CA",earthquake,0.73,1.49,0.25,8,automatic,nc,nc
2023-05-30T10:20:45.401Z,63.8161,-148.4662,98.4,0.9,ml,,,,0.58,ak,ak0236w8ory4,2023-06-02T19:37:44.316Z,"23 km ENE of Denali Park, Alaska",earthquake,,1.2,,,reviewed,ak,ak
2023-05-30T10:16:56.076Z,37.2909,-117.5923,6.5,1.8,ml,14,107.04,0.072,0.1279,nn,nn00860509,2023-05-31T02:04:07.346Z,"California-Nevada border region",earthquake,,2.1,0.28,7,reviewed,nn,nn
2023-05-30T10:12:58.815Z,37.2919,-117.6008,7,1.3,ml,10,112.26,0.069,0.156,nn,nn00860507,2023-06-07T18:13:36.804Z,"California-Nevada border region",earthquake,,3.6,0.84,7,reviewed,nn,nn
2023-05-30T10:12:17.244Z,53.7918,-164.087,35,3,ml,23,203,0.796,0.32,us,us7000k5vq,2023-06-05T08:22:17.040Z,"117 km ESE of Akutan, Alaska",earthquake,2.75,2.01,0.091,16,reviewed,us,us
2023-05-30T10:07:27.670Z,58.1816666666667,-155.3045,2.68,0.12,ml,9,101,,0.18,av,av91105473,2023-05-31T21:49:36.950Z,"84 km NW of Karluk, Alaska",earthquake,0.35,0.54,0.292024173824735,10,reviewed,av,av
2023-05-30T10:07:14.350Z,58.1891666666667,-155.309166666667,2.39,0.37,ml,13,98,,0.09,av,av91775637,2023-05-31T21:47:10.700Z,"85 km NW of Karluk, Alaska",earthquake,0.22,0.36,0.248748547683954,13,reviewed,av,av
2023-05-30T10:06:54.990Z,37.6311667,-118.8876667,2.26,0.13,md,11,99,0.01508,0.07,nc,nc73891595,2023-05-31T04:24:32.217Z,"8km E of Mammoth Lakes, CA",earthquake,0.38,0.57,0.151,10,reviewed,nc,nc
2023-05-30T10:06:34.426Z,59.9526,-152.2275,83.1,1.4,ml,,,,0.44,ak,ak0236w8lr5f,2023-06-02T19:37:39.451Z,"27 km W of Happy Valley, Alaska",earthquake,,0.6,,,reviewed,ak,ak
2023-05-30T10:01:37.040Z,58.1876666666667,-155.306,2.14,-0.4,ml,9,98,,0.07,av,av91775627,2023-05-31T21:43:48.030Z,"Alaska Peninsula",earthquake,0.21,0.41,0.33319214086126,9,reviewed,av,av
2023-05-30T09:58:20.480Z,19.3845,-155.282333333333,1.09,0.51,md,13,156,,0.08,hv,hv73429962,2023-05-30T22:02:35.100Z,"8 km SW of Volcano, Hawaii",earthquake,0.23,0.16,0.387407333601498,2,reviewed,hv,hv
2023-05-30T09:55:38.080Z,38.8348333,-122.789,2.9,-0.34,md,6,129,0.003722,0.03,nc,nc73891590,2023-05-31T06:13:30.841Z,"6km WNW of Cobb, CA",earthquake,0.97,1.04,0.094,4,reviewed,nc,nc
2023-05-30T09:52:07.430Z,34.0103333,-116.5958333,6.62,0.95,ml,33,78,0.05161,0.13,ci,ci40237495,2023-06-02T23:04:53.773Z,"4km SSW of Morongo Valley, CA",earthquake,0.16,0.42,0.111,28,reviewed,ci,ci
2023-05-30T09:47:43.200Z,58.1871666666667,-155.308333333333,2.31,-0.11,ml,9,153,,0.08,av,av91775622,2023-05-31T21:40:50.880Z,"Alaska Peninsula",earthquake,0.27,0.34,0.316190403473643,9,reviewed,av,av
2023-05-30T09:42:49.190Z,18.0188333333333,-66.8601666666667,15.92,2.54,md,5,125,0.04718,0.22,pr,pr71411743,2023-05-30T10:03:27.910Z,"",earthquake,1.04,1.59,0.0865767820370802,4,reviewed,pr,pr
2023-05-30T09:38:09.090Z,33.2286667,-115.6363333,3.32,1.23,ml,21,61,0.04686,0.18,ci,ci37525669,2023-06-13T20:47:16.753Z,"11km W of Niland, CA",earthquake,0.31,0.46,0.151,5,reviewed,ci,ci
2023-05-30T09:37:28.620Z,33.2293333,-115.6315,4.58,1.63,ml,35,63,0.04668,0.21,ci,ci40237487,2023-06-02T21:58:33.231Z,"10km W of Niland, CA",earthquake,0.31,0.68,0.141,23,reviewed,ci,ci
2023-05-30T09:35:52.520Z,58.1866666666667,-155.307833333333,2.42,0.06,ml,8,154,,0.09,av,av91775612,2023-06-02T19:36:16.795Z,"Alaska Peninsula",earthquake,0.25,0.37,0.298680416546486,9,reviewed,av,av
2023-05-30T09:34:23.360Z,33.2333333,-115.627,5.45,1.5,ml,28,63,0.05021,0.21,ci,ci40237479,2023-06-02T21:42:06.884Z,"10km W of Niland, CA",earthquake,0.32,0.66,0.134,22,reviewed,ci,ci
2023-05-30T09:30:44.070Z,33.2305,-115.6328333,4.91,1.8,ml,42,61,0.04802,0.21,ci,ci40237471,2023-06-02T21:23:58.718Z,"11km W of Niland, CA",earthquake,0.33,0.61,0.078,25,reviewed,ci,ci
2023-05-30T09:26:14.302Z,60.4421,-151.5162,72.2,1.2,ml,,,,0.36,ak,ak0236w84k8m,2023-06-02T19:37:44.112Z,"12 km WNW of Kalifornsky, Alaska",earthquake,,1.1,,,reviewed,ak,ak
2023-05-30T09:23:17.290Z,35.685,-117.5061667,4.53,0.96,ml,19,112,0.07001,0.16,ci,ci40237463,2023-06-01T23:29:04.903Z,"13km SW of Searles Valley, CA",earthquake,0.31,0.82,0.103,13,reviewed,ci,ci
2023-05-30T09:21:23.650Z,33.4738333,-116.497,11.67,0.21,ml,17,111,0.07742,0.11,ci,ci40237455,2023-06-02T21:10:23.495Z,"19km ESE of Anza, CA",earthquake,0.28,0.67,0.107,7,reviewed,ci,ci
2023-05-30T09:17:48.270Z,34.2918333,-116.8065,5.12,1.24,ml,33,82,0.05867,0.17,ci,ci40237447,2023-05-30T13:15:35.040Z,"5km NE of Big Bear City, CA",earthquake,0.24,0.78,0.18,26,reviewed,ci,ci
2023-05-30T09:02:31.308Z,37.2626,-117.5868,7.6,1.1,ml,8,104.48,0.056,0.1797,nn,nn00860505,2023-05-31T02:04:04.801Z,"California-Nevada border region",earthquake,,2,0.25,4,reviewed,nn,nn
2023-05-30T08:52:32.000Z,38.7906685,-122.7606659,1.9,1.07,md,13,110,0.00997,0.02,nc,nc73891585,2023-05-30T09:42:11.876Z,"2km NNW of The Geysers, CA",earthquake,0.28,0.47,0.18,14,automatic,nc,nc
2023-05-30T08:49:17.485Z,37.4587,137.5347,11.346,4.6,mb,33,95,1.057,0.82,us,us7000k4y8,2023-05-30T09:08:20.040Z,"54 km NNW of Itoigawa, Japan",earthquake,6.55,4.855,0.083,43,reviewed,us,us
2023-05-30T08:43:55.830Z,19.2071666717529,-155.401992797852,34.5999984741211,2.02999997,md,48,162,,0.119999997,hv,hv73429872,2023-05-30T08:47:07.710Z,"8 km E of Pāhala, Hawaii",earthquake,0.6,0.699999988,0.449999988,17,automatic,hv,hv
2023-05-30T08:40:43.760Z,33.2298333,-115.6395,3.24,1.27,ml,19,58,0.04869,0.18,ci,ci40237439,2023-05-30T17:28:24.918Z,"11km W of Niland, CA",earthquake,0.28,0.37,0.224,10,reviewed,ci,ci
2023-05-30T08:38:42.315Z,36.71,-116.3075,11,0,ml,15,121.8,0.022,0.08,nn,nn00860537,2023-05-31T02:04:24.023Z,"45 km ESE of Beatty, Nevada",earthquake,,0.9,0.25,7,reviewed,nn,nn
2023-05-30T08:37:06.460Z,37.5833333,-122.4475,7.72,1.15,md,35,87,0.02183,0.06,nc,nc73891580,2023-05-31T07:25:10.912Z,"5km SE of Pacifica, CA",earthquake,0.17,0.25,0.253,24,reviewed,nc,nc
2023-05-30T08:37:00.140Z,55.3062,-157.815,1.7,2.8,ml,,,,0.85,ak,ak0236w7lgl9,2023-06-13T12:01:27.040Z,"107 km SE of Perryville, Alaska",earthquake,,0.8,,,reviewed,ak,ak
2023-05-30T08:31:38.740Z,37.288,-117.5848333,4.5,2.93,ml,20,163,0.07348,0.19,ci,ci40237431,2023-06-13T20:43:35.921Z,"64km ENE of Big Pine, CA",earthquake,0.4,0.43,0.177,44,reviewed,ci,ci
2023-05-30T08:26:24.402Z,61.3622,-150.0765,42.1,1,ml,,,,0.62,ak,ak0236w7j5ew,2023-06-02T19:37:43.913Z,"5 km W of Point MacKenzie, Alaska",earthquake,,0.9,,,reviewed,ak,ak
2023-05-30T08:22:39.160Z,38.8198318,-122.8225021,2.41,0.81,md,17,52,0.01032,0.02,nc,nc73891570,2023-05-30T08:58:14.564Z,"7km NW of The Geysers, CA",earthquake,0.29,0.64,0.15,18,automatic,nc,nc
2023-05-30T08:22:10.590Z,34.158,-116.4263333,9.87,0.79,ml,24,71,0.04225,0.15,ci,ci40237423,2023-06-02T21:05:15.426Z,"5km N of Yucca Valley, CA",earthquake,0.22,0.45,0.194,16,reviewed,ci,ci
2023-05-30T08:09:57.720Z,32.378,-115.2128333,10.97,2.28,ml,27,47,0.08827,0.28,ci,ci40237415,2023-06-02T21:01:34.750Z,"3km NW of Delta, B.C., MX",earthquake,0.44,0.81,0.225,23,reviewed,ci,ci
2023-05-30T08:07:40.880Z,19.2311668395996,-155.38932800293,30.5200004577637,1.73000002,md,33,163,,0.129999995,hv,hv73429837,2023-05-30T08:10:43.730Z,"9 km ENE of Pāhala, Hawaii",earthquake,0.79,0.610000014,0.74000001,3,automatic,hv,hv
2023-05-30T08:06:27.390Z,46.9108333333333,-112.527,10.82,0.92,ml,8,132,0.07052,0.05,mb,mb90016198,2023-05-30T13:40:28.490Z,"12 km ESE of Lincoln, Montana",earthquake,0.49,0.68,0.123877404092707,6,reviewed,mb,mb
2023-05-30T08:05:18.156Z,62.1131,-149.3884,8,1.2,ml,,,,0.92,ak,ak0236w7emvi,2023-06-06T00:25:19.524Z,"24 km ESE of Susitna North, Alaska",earthquake,,0.3,,,reviewed,ak,ak
2023-05-30T08:03:46.630Z,60.0215,-153.054166666667,3.12,-0.82,ml,5,113,,0.13,av,av91775582,2023-05-31T21:30:04.650Z,"64 km ENE of Pedro Bay, Alaska",earthquake,1.18,1.64,0.16045819964682,5,reviewed,av,av
2023-05-30T07:58:10.500Z,38.7605,-122.7428333,1.62,1.47,md,35,62,0.02062,0.05,nc,nc73891565,2023-06-01T16:18:11.715Z,"2km SSE of The Geysers, CA",earthquake,0.2,0.37,0.157,32,reviewed,nc,nc
2023-05-30T07:51:26.740Z,19.2531666666667,-155.446166666667,34.03,1.55,md,33,81,,0.11,hv,hv73429827,2023-06-02T01:43:08.810Z,"6 km NNE of Pāhala, Hawaii",earthquake,0.51,0.7,0.111109622301855,14,reviewed,hv,hv
2023-05-30T07:49:08.976Z,59.1797,-153.1655,83.5,1.6,ml,,,,0.44,ak,ak0236w72m35,2023-06-03T17:36:39.335Z,"73 km WSW of Nanwalek, Alaska",earthquake,,0.1,,,reviewed,ak,ak
2023-05-30T07:46:22.312Z,54.7494,-160.3232,16.4,1.9,ml,,,,0.72,ak,ak0236w71zyv,2023-06-03T17:36:39.570Z,"66 km S of Sand Point, Alaska",earthquake,,0.9,,,reviewed,ak,ak
2023-05-30T07:43:56.220Z,32.7656667,-116.0661667,5.37,0.94,ml,13,84,0.03693,0.11,ci,ci37525645,2023-06-02T20:55:10.751Z,"8km WNW of Ocotillo, CA",earthquake,0.32,0.37,0.136,5,reviewed,ci,ci
2023-05-30T07:43:48.490Z,33.4038333,-117.0221667,8.53,0.63,ml,34,37,0.01681,0.18,ci,ci40237399,2023-06-02T20:50:56.871Z,"7km NE of Pala, CA",earthquake,0.22,0.54,0.127,14,reviewed,ci,ci
2023-05-30T07:40:56.190Z,33.3831667,-116.9928333,16.99,0.96,ml,51,23,0.03314,0.17,ci,ci40237391,2023-06-02T20:46:10.060Z,"8km ENE of Pala, CA",earthquake,0.17,0.44,0.159,25,reviewed,ci,ci
2023-05-30T07:39:37.343Z,65.3693,-144.6273,4.2,1.5,ml,,,,0.7,ak,ak0236w70j2u,2023-06-03T17:36:36.931Z,"24 km SSE of Central, Alaska",earthquake,,0.2,,,reviewed,ak,ak
2023-05-30T07:39:03.700Z,33.225,-115.6323333,4.09,1.63,ml,29,65,0.04255,0.21,ci,ci40237383,2023-06-02T20:38:26.023Z,"11km W of Niland, CA",earthquake,0.32,0.76,0.102,24,reviewed,ci,ci
2023-05-30T07:38:48.760Z,34.1615,-116.4245,10.65,1.26,ml,30,52,0.03844,0.15,ci,ci40237375,2023-06-02T20:14:32.952Z,"5km N of Yucca Valley, CA",earthquake,0.23,0.38,0.193,16,reviewed,ci,ci
2023-05-30T07:37:22.070Z,33.2271667,-115.631,4.13,2.23,ml,60,64,0.04448,0.25,ci,ci40237367,2023-06-02T19:53:33.080Z,"10km W of Niland, CA",earthquake,0.28,0.81,0.139,26,reviewed,ci,ci
2023-05-30T07:34:59.570Z,19.4923333333333,-155.933333333333,8.1,2.62,ml,47,169,,0.36,hv,hv73429802,2023-06-13T12:07:39.040Z,"1 km WSW of Captain Cook, Hawaii",earthquake,0.65,0.46,0.149361109633129,20,reviewed,hv,hv
2023-05-30T07:32:04.862Z,62.9117,-151.2723,105.6,1.4,ml,,,,0.66,ak,ak0236w6yywu,2023-06-03T17:36:36.716Z,"53 km NNW of Petersville, Alaska",earthquake,,0.7,,,reviewed,ak,ak
2023-05-30T07:32:03.790Z,34.1606667,-116.4248333,9.28,0.98,ml,20,71,0.03931,0.16,ci,ci40237359,2023-05-30T13:31:48.340Z,"5km N of Yucca Valley, CA",earthquake,0.25,0.64,0.19,20,reviewed,ci,ci
2023-05-30T07:31:32.210Z,47.904833333333336,-124.24133333333333,-0.23,2.7,ml,27,84,0.1114,0.37,uw,uw61920282,2023-06-13T12:15:11.040Z,"11 km ESE of Forks, Washington",earthquake,0.5,1.14,0.14683874680984244,21,reviewed,uw,uw
2023-05-30T07:31:28.380Z,34.1601667,-116.4285,11.06,0.9,ml,18,72,0.04107,0.12,ci,ci40237351,2023-06-02T18:28:15.180Z,"5km N of Yucca Valley, CA",earthquake,0.24,0.42,0.213,13,reviewed,ci,ci
2023-05-30T07:30:56.090Z,34.1573333,-116.4205,10.8,1.05,ml,25,111,0.04117,0.17,ci,ci37525637,2023-06-13T20:39:13.139Z,"5km NNE of Yucca Valley, CA",earthquake,0.34,0.47,0.115,27,reviewed,ci,ci
2023-05-30T07:23:44.780Z,58.1881666666667,-155.304833333333,2.4,-0.1,ml,10,98,,0.07,av,av91775552,2023-05-31T21:25:40.080Z,"85 km NW of Karluk, Alaska",earthquake,0.22,0.39,0.271328066289588,10,reviewed,av,av
2023-05-30T07:20:47.826Z,59.7861,-152.7576,89.9,1.8,ml,,,,0.46,ak,ak0236w6wh9w,2023-06-03T17:36:36.456Z,"52 km W of Anchor Point, Alaska",earthquake,,0.4,,,reviewed,ak,ak
2023-05-30T07:07:21.680Z,45.94,-111.235833333333,12.71,1.33,ml,14,90,0.2163,0.21,mb,mb90016193,2023-05-30T13:59:58.650Z,"11 km NE of Manhattan, Montana",earthquake,0.48,1.35,0.184924207746194,7,reviewed,mb,mb
2023-05-30T07:07:21.560Z,58.183,-155.369,2.48,-0.09,ml,8,111,,0.06,av,av91775532,2023-05-31T21:25:39.120Z,"87 km NW of Karluk, Alaska",earthquake,0.25,0.38,0.203369717867839,9,reviewed,av,av
2023-05-30T07:04:59.982Z,60.668,-147.7674,4,1,ml,,,,0.76,ak,ak0236w6t2su,2023-06-03T17:36:39.146Z,"51 km ESE of Whittier, Alaska",earthquake,,0.6,,,reviewed,ak,ak
2023-05-30T07:01:49.290Z,58.1746666666667,-155.357,1.96,0.03,ml,11,65,,0.04,av,av91775527,2023-06-03T17:35:32.502Z,"86 km NW of Karluk, Alaska",earthquake,0.2,0.37,0.190431690720779,11,reviewed,av,av
2023-05-30T06:51:58.106Z,59.7622,-152.6956,86.2,2,ml,,,,0.57,ak,ak0236w6hpnv,2023-06-03T17:36:36.182Z,"48 km W of Anchor Point, Alaska",earthquake,,0.3,,,reviewed,ak,ak
2023-05-30T06:50:40.304Z,59.9984,-153.3609,127.9,1.8,ml,,,,0.52,ak,ak0236w6hgm6,2023-06-03T17:36:38.916Z,"47 km ENE of Pedro Bay, Alaska",earthquake,,0.5,,,reviewed,ak,ak
2023-05-30T06:49:11.510Z,19.4301662445068,-155.271331787109,0.939999997615814,2.05999994,md,17,110,,0.109999999,hv,hv73429717,2023-05-30T06:52:11.420Z,"4 km WSW of Volcano, Hawaii",earthquake,0.2,0.159999996,1.27999997,11,automatic,hv,hv
2023-05-30T06:49:02.070Z,19.256,-155.401833333333,31.28,1.42,md,14,156,,0.12,hv,hv73429722,2023-06-02T23:01:47.020Z,"9 km NE of Pāhala, Hawaii",earthquake,0.72,0.83,0.0554128929849453,7,reviewed,hv,hv
2023-05-30T06:45:39.401Z,44.6733,-68.2321,5,1.5,ml,8,164,0.554,0.11,us,us7000k5fa,2023-06-05T19:43:59.040Z,"2 km ESE of Eastbrook, Maine",earthquake,1.58,1.982,0.105,12,reviewed,us,us
2023-05-30T06:38:20.630Z,38.8148346,-122.8113327,2.48,0.44,md,8,181,0.01428,0.07,nc,nc73891560,2023-05-30T07:17:18.951Z,"6km NW of The Geysers, CA",earthquake,1.17,2.65,0.29,8,automatic,nc,nc
2023-05-30T06:37:06.915Z,31.60776544,-103.9716197,8.92088623,2.2,ml,18,57,0.003776757478,0.1,tx,tx2023kmtb,2023-05-31T11:18:30.181Z,"western Texas",earthquake,0.4886446172,0.4233061136,0.1,30,reviewed,tx,tx
2023-05-30T06:35:17.500Z,-29.4203,-71.3563,43.474,4.3,mb,24,138,0.507,0.66,us,us7000k4xq,2023-06-11T06:51:56.040Z,"54 km N of La Serena, Chile",earthquake,4.63,7.879,0.237,5,reviewed,us,us
2023-05-30T06:29:53.490Z,35.703,-98.07,4.87,1.09,ml,46,53,0.1268751028,0.5,ok,ok2023kmsv,2023-05-31T12:59:04.253Z,"",earthquake,,1.3,0.2,22,reviewed,ok,ok
2023-05-30T06:26:40.260Z,32.9321667,-115.5688333,9.28,1.5,ml,30,75,0.03137,0.31,ci,ci40237327,2023-06-02T18:23:27.830Z,"6km SW of Brawley, CA",earthquake,0.37,0.85,0.157,20,reviewed,ci,ci
2023-05-30T06:21:24.796Z,60.1676,-152.8522,103.7,1.5,ml,,,,0.55,ak,ak0236w6b7nz,2023-06-03T17:36:35.986Z,"67 km WNW of Happy Valley, Alaska",earthquake,,0.1,,,reviewed,ak,ak
2023-05-30T06:09:05.806Z,51.5017,178.6533,71.385,2.9,ml,18,188,0.424,0.29,us,us7000k64s,2023-06-09T06:45:14.040Z,"Rat Islands, Aleutian Islands, Alaska",earthquake,4.84,5.131,0.077,22,reviewed,us,us
2023-05-30T06:06:13.111Z,31.18856436,-103.7463346,8.008251953,1.9,ml,11,65,0.108429877,0.2,tx,tx2023kmsb,2023-06-01T13:45:49.015Z,"14 km SSE of Toyah, Texas",earthquake,0.9115631527,2.420508384,0.1,10,reviewed,tx,tx
2023-05-30T06:05:00.762Z,61.3819,-152.258,111.5,1.4,ml,,,,0.63,ak,ak0236w67qcc,2023-06-03T17:36:38.719Z,"68 km WNW of Beluga, Alaska",earthquake,,0.4,,,reviewed,ak,ak
2023-05-30T05:56:21.045Z,58.1665,-155.2938,2.4,1.7,ml,,,,0.61,ak,ak0236w5x9tn,2023-06-05T23:24:38.473Z,"83 km NW of Karluk, Alaska",earthquake,,0.2,,,reviewed,ak,ak
2023-05-30T05:54:46.336Z,61.2795,-147.6678,0,1.1,ml,,,,0.93,ak,ak0236w5wwc3,2023-06-05T23:24:38.297Z,"Southern Alaska",ice quake,,0,,,reviewed,ak,ak
2023-05-30T05:50:37.888Z,59.7432,-148.1157,11.1,1.7,ml,,,,0.62,ak,ak0236w5w0wk,2023-06-05T23:24:38.084Z,"36 km S of Chenega, Alaska",earthquake,,0.2,,,reviewed,ak,ak
2023-05-30T05:41:15.145Z,58.1878,-152.937,46.8,1.8,ml,,,,0.57,ak,ak0236w5u1kt,2023-06-03T17:36:34.998Z,"14 km N of Aleneva, Alaska",earthquake,,0.5,,,reviewed,ak,ak
2023-05-30T05:39:17.730Z,45.8286666666667,-111.549,6.99,0.73,ml,5,237,0.2302,0.03,mb,mb90016288,2023-05-30T18:11:42.480Z,"",earthquake,1.53,3.22,0.309297439419291,4,reviewed,mb,mb
2023-05-30T05:37:30.219Z,54.0077,-163.701,19.7,2,ml,,,,0.81,ak,ak0236w5t7x9,2023-06-03T17:36:38.518Z,"96 km S of False Pass, Alaska",earthquake,,0.3,,,reviewed,ak,ak
2023-05-30T05:22:17.950Z,34.1581667,-116.4238333,9.84,1.09,ml,34,50,0.0413,0.12,ci,ci40237287,2023-05-31T00:12:43.640Z,"5km N of Yucca Valley, CA",earthquake,0.16,0.32,0.156,27,reviewed,ci,ci
2023-05-30T05:20:30.498Z,56.9437,-158.3169,3.3,1.9,ml,,,,0.72,ak,ak0236w5pkit,2023-06-05T23:24:37.905Z,"71 km N of Chignik Lagoon, Alaska",earthquake,,0.3,,,reviewed,ak,ak
2023-05-30T05:19:52.600Z,61.3427,-149.638,30.2,1.4,ml,,,,0.69,ak,ak0236w5pep1,2023-06-03T17:36:34.600Z,"Southern Alaska",earthquake,,0.3,,,reviewed,ak,ak
2023-05-30T05:18:46.660Z,38.8071667,-122.8206667,2.22,1.56,md,40,51,0.006863,0.05,nc,nc73891555,2023-06-02T01:29:11.088Z,"6km WNW of The Geysers, CA",earthquake,0.15,0.24,0.148,39,reviewed,nc,nc
2023-05-30T05:15:23.612Z,51.5072,-176.5719,34.9,1.6,ml,,,,0.31,ak,ak0236w5ohnt,2023-06-03T17:36:38.328Z,"41 km S of Adak, Alaska",earthquake,,2.3,,,reviewed,ak,ak
2023-05-30T05:13:12.990Z,39.6285,-123.1043333,4.35,1.43,md,11,132,0.08954,0.06,nc,nc71130539,2023-06-03T03:19:11.818Z,"22km SE of Covelo, CA",earthquake,0.49,1.1,0.266,12,reviewed,nc,nc
2023-05-30T05:13:01.540Z,38.7881667,-122.7671667,1.9,1.07,md,31,72,0.01374,0.03,nc,nc73891550,2023-06-01T23:25:15.322Z,"2km NW of The Geysers, CA",earthquake,0.16,0.27,0.165,29,reviewed,nc,nc
2023-05-30T05:11:16.979Z,61.292,-146.8241,9.1,1.2,ml,,,,0.58,ak,ak0236w5nma9,2023-06-03T17:36:38.112Z,"31 km NW of Valdez, Alaska",earthquake,,0.3,,,reviewed,ak,ak
2023-05-30T05:05:56.375Z,63.2762,-150.5728,127.8,2.4,ml,,,,0.62,ak,ak0236w5mf0e,2023-06-11T06:04:41.040Z,"64 km ESE of Denali National Park, Alaska",earthquake,,0.3,,,reviewed,ak,ak
2023-05-30T05:03:47.560Z,34.1645,-116.4321667,10.46,0.64,ml,18,63,0.03891,0.13,ci,ci40237279,2023-05-31T00:06:22.727Z,"6km N of Yucca Valley, CA",earthquake,0.3,0.45,0.101,11,reviewed,ci,ci
2023-05-30T05:01:50.851Z,62.93,-151.2879,106.7,1.5,ml,,,,0.46,ak,ak0236w5ljv7,2023-06-03T17:36:34.038Z,"55 km NNW of Petersville, Alaska",earthquake,,0.6,,,reviewed,ak,ak
2023-05-30T04:59:39.381Z,5.3284,-82.5993,10,4.6,mb,31,171,3.444,0.76,us,us7000k4xf,2023-06-13T05:21:00.040Z,"296 km SW of Arenas, Panama",earthquake,9.4,1.945,0.094,34,reviewed,us,us
2023-05-30T04:57:12.850Z,34.1576667,-116.4283333,8.64,1.81,ml,57,51,0.04324,0.15,ci,ci40237271,2023-05-31T00:03:30.520Z,"5km N of Yucca Valley, CA",earthquake,0.16,0.42,0.107,24,reviewed,ci,ci
2023-05-30T04:57:02.670Z,58.1823333333333,-155.295333333333,0.72,-0.59,ml,5,155,,0.02,av,av91105453,2023-05-31T20:28:29.660Z,"84 km NW of Karluk, Alaska",earthquake,0.25,0.98,0.248928523560745,5,reviewed,av,av
2023-05-30T04:56:24.190Z,58.2516666666667,-155.1265,-2.19,0.53,ml,6,115,,0.2,av,av91105448,2023-05-31T20:25:56.860Z,"85 km NNW of Karluk, Alaska",earthquake,0.58,3.75,0.0888469801811761,6,reviewed,av,av
2023-05-30T04:56:21.740Z,58.2531666666667,-155.120333333333,3.83,0.41,ml,11,85,,0.11,av,av91775432,2023-05-31T20:23:40.090Z,"",earthquake,0.24,0.64,0.191233601323726,11,reviewed,av,av
2023-05-30T04:50:40.890Z,44.7575,-111.499833333333,6.97,0.68,ml,4,137,0.08846,0.01,mb,mb90016283,2023-05-30T18:06:40.180Z,"24 km W of Hebgen Lake Estates, Montana",earthquake,0.58,1.14,0.0930391133812219,2,reviewed,mb,mb
2023-05-30T04:50:39.873Z,61.8897,-149.2986,2.5,1.4,ml,,,,0.74,ak,ak0236w5ald6,2023-06-05T23:24:37.658Z,"Southern Alaska",earthquake,,0.2,,,reviewed,ak,ak
2023-05-30T04:49:33.890Z,19.3686676025391,-155.229339599609,28.7600002288818,1.74000001,md,47,95,,0.140000001,hv,hv73429557,2023-05-30T04:55:04.280Z,"8 km S of Volcano, Hawaii",earthquake,0.59,0.469999999,0.930000007,12,automatic,hv,hv
2023-05-30T04:47:16.356Z,59.5684,-152.6872,69,2.8,ml,,,,0.88,ak,ak0236w59w1s,2023-06-13T05:19:14.040Z,"49 km WNW of Nanwalek, Alaska",earthquake,,0.4,,,reviewed,ak,ak
2023-05-30T04:43:37.660Z,34.1611667,-116.4236667,9.17,1.11,ml,26,70,0.03847,0.18,ci,ci40237263,2023-05-30T13:32:55.240Z,"5km N of Yucca Valley, CA",earthquake,0.3,0.66,0.192,27,reviewed,ci,ci
2023-05-30T04:36:37.420Z,36.516,-121.0975,6.23,1.82,md,35,101,0.04073,0.07,nc,nc73891535,2023-05-31T13:32:09.970Z,"4km ESE of Pinnacles, CA",earthquake,0.2,0.47,0.234,32,reviewed,nc,nc
2023-05-30T04:35:03.274Z,-56.6009,-68.9781,10,4.5,mb,30,128,1.8,0.78,us,us7000k4xa,2023-06-13T05:12:11.040Z,"203 km SSW of Ushuaia, Argentina",earthquake,8.48,1.86,0.128,18,reviewed,us,us
2023-05-30T04:30:20.473Z,37.2846,-117.5788,0,1.1,ml,8,230.79,0.075,0.1431,nn,nn00860500,2023-05-31T02:03:51.519Z,"52 km S of Silver Peak, Nevada",earthquake,,0,1.32,5,reviewed,nn,nn
2023-05-30T04:25:20.600Z,58.2383333333333,-155.1725,4.14,0.13,ml,13,66,,0.09,av,av91775412,2023-05-31T20:17:03.450Z,"85 km NNW of Karluk, Alaska",earthquake,0.19,0.46,0.262010040201223,14,reviewed,av,av
2023-05-30T04:17:46.380Z,33.2296667,-115.6455,3.66,0.94,ml,13,62,0.05023,0.21,ci,ci40237247,2023-05-30T23:45:44.411Z,"12km W of Niland, CA",earthquake,0.46,0.39,0.216,15,reviewed,ci,ci
2023-05-30T04:14:19.751Z,51.4723,-176.1032,47.235,3.8,mb,86,186,0.433,0.81,us,us7000k4x6,2023-06-13T05:02:45.040Z,"57 km SE of Adak, Alaska",earthquake,4.54,6.965,0.09,32,reviewed,us,us
2023-05-30T04:14:13.630Z,19.2630004882812,-155.389663696289,31.2399997711182,2.07,ml,53,129,,0.129999995,hv,hv73429517,2023-05-30T04:19:45.120Z,"11 km NE of Pāhala, Hawaii",earthquake,0.5,0.600000024,3.32,13,automatic,hv,hv
2023-05-30T04:11:30.919Z,-15.6625,-174.5127,153.449,4,mb,12,62,3.01,0.81,us,us7000k6mk,2023-06-13T04:52:44.040Z,"83 km WNW of Hihifo, Tonga",earthquake,10.13,8.305,0.259,4,reviewed,us,us
2023-05-30T04:11:22.300Z,58.2503333333333,-155.1395,3.31,-0.34,ml,9,89,,0.08,av,av91775397,2023-05-31T20:09:14.580Z,"86 km NNW of Karluk, Alaska",earthquake,0.26,0.61,0.232930549531042,10,reviewed,av,av
2023-05-30T04:08:53.570Z,35.6975,-98.083,7.13,1.45,ml,70,53,0.1151773983,0.56,ok,ok2023kmoe,2023-05-31T12:39:56.973Z,"Oklahoma",earthquake,,1.2,0.21,31,reviewed,ok,ok
2023-05-30T04:01:33.848Z,-17.2482,-172.4444,10,4.7,mb,42,72,2.033,0.61,us,us7000k4x4,2023-06-13T04:36:14.040Z,"203 km SE of Hihifo, Tonga",earthquake,6.98,1.817,0.115,23,reviewed,us,us
2023-05-30T03:44:40.250Z,38.7631667,-122.716,0.87,0.58,md,11,117,0.03961,0.05,nc,nc73891530,2023-05-31T06:32:10.474Z,"2km WSW of Anderson Springs, CA",earthquake,0.32,0.9,0.283,11,reviewed,nc,nc
2023-05-30T03:44:07.010Z,58.1935,-155.287666666667,1.21,-0.02,ml,11,52,,0.08,av,av91775392,2023-05-31T20:06:01.620Z,"85 km NW of Karluk, Alaska",earthquake,0.18,0.72,0.231110450420461,11,reviewed,av,av
2023-05-30T03:37:46.120Z,34.162,-116.432,9.25,0.99,ml,19,63,0.04092,0.16,ci,ci40237239,2023-05-30T13:33:03.010Z,"5km N of Yucca Valley, CA",earthquake,0.3,0.78,0.237,17,reviewed,ci,ci
2023-05-30T03:33:36.790Z,44.8065,-110.8183333,5.3,0.68,md,8,241,0.02923,0.09,uu,uu60541236,2023-05-30T15:07:49.290Z,"21 km SSW of Mammoth, Wyoming",earthquake,1.56,0.83,0.188,6,reviewed,uu,uu
2023-05-30T03:32:03.745Z,-18.3198,-70.0528,90.56,4.1,mb,18,89,0.279,0.4,us,us7000k4wz,2023-06-13T04:16:57.040Z,"31 km ENE of Arica, Chile",earthquake,5.81,5.207,0.197,7,reviewed,us,us
2023-05-30T03:28:13.384Z,63.1241,-151.3945,1.2,1.9,ml,,,,0.95,ak,ak0236w4kdya,2023-06-03T17:36:33.002Z,"49 km SSE of Denali National Park, Alaska",earthquake,,0.3,,,reviewed,ak,ak
2023-05-30T03:26:50.450Z,44.789,-110.821,4.94,1.01,md,14,103,0.02102,0.12,uu,uu60541231,2023-05-30T13:29:45.770Z,"22 km SSW of Mammoth, Wyoming",earthquake,0.34,0.53,0.38,7,reviewed,uu,uu
2023-05-30T03:20:08.810Z,58.182,-155.302333333333,2.5,-0.16,ml,11,59,,0.08,av,av91775372,2023-05-31T20:02:04.490Z,"84 km NW of Karluk, Alaska",earthquake,0.18,0.37,0.249738521027218,11,reviewed,av,av
2023-05-30T03:18:21.540Z,32.8166667,-118.4318333,4.45,2.25,ml,24,231,0.1894,0.32,ci,ci40237231,2023-05-30T23:54:49.558Z,"8km W of San Clemente Is. (SE tip), CA",earthquake,1.12,2,0.118,53,reviewed,ci,ci
2023-05-30T03:11:45.751Z,31.62528171,-104.1117207,6.851391602,1.9,ml,23,55,0.04866498141,0.3,tx,tx2023kmmh,2023-05-31T14:22:48.049Z,"45 km NW of Toyah, Texas",earthquake,0.7427634892,0.9773026856,0.2,12,reviewed,tx,tx
2023-05-30T03:10:06.120Z,34.3688333,-119.909,11.71,1.17,ml,12,135,0.1411,0.2,ci,ci40237223,2023-05-30T23:24:39.227Z,"7km SW of Isla Vista, CA",earthquake,0.86,1.46,0.181,8,reviewed,ci,ci
2023-05-30T03:09:31.746Z,38.643,-119.7516,5.3,0.5,ml,5,227.16,0.056,0.0643,nn,nn00860534,2023-05-31T02:04:23.144Z,"6 km SSE of Markleeville, California",earthquake,,2.8,0.28,2,reviewed,nn,nn
2023-05-30T03:00:39.250Z,19.4061660766602,-155.286163330078,0.699999988079071,1.83,ml,19,40,,0.180000007,hv,hv73429417,2023-05-30T03:06:09.750Z,"6 km SW of Volcano, Hawaii",earthquake,0.18,0.209999993,0.29,9,automatic,hv,hv
2023-05-30T02:59:27.030Z,58.1841666666667,-155.318166666667,0.25,-0.35,ml,6,158,,0.06,av,av91775362,2023-05-31T19:58:43.230Z,"85 km NW of Karluk, Alaska",earthquake,0.23,1.12,0.271546805182572,6,reviewed,av,av
2023-05-30T02:59:05.853Z,58.2111,-155.1074,3.9,1.2,ml,,,,0.56,ak,ak0236w45kzs,2023-06-05T23:24:37.218Z,"81 km NNW of Karluk, Alaska",earthquake,,0.3,,,reviewed,ak,ak
2023-05-30T02:58:02.340Z,38.8213348,-122.8046646,2.96,1.08,md,22,38,0.0047,0.01,nc,nc73891520,2023-05-30T04:19:11.887Z,"6km NW of The Geysers, CA",earthquake,0.23,0.47,0.18,23,automatic,nc,nc
2023-05-30T02:54:30.290Z,58.1851666666667,-155.319166666667,0.91,0.36,ml,9,71,,0.06,av,av91775357,2023-05-31T19:49:05.780Z,"85 km NW of Karluk, Alaska",earthquake,0.17,0.67,0.129791729124837,3,reviewed,av,av
2023-05-30T02:50:21.670Z,52.1223333333333,-176.1975,9.69,0.66,ml,4,300,,0.08,av,av91105433,2023-05-31T19:35:57.550Z,"40 km NE of Adak, Alaska",earthquake,0.71,0.79,0.170705918428131,4,reviewed,av,av
2023-05-30T02:49:43.600Z,37.5325,-87.3443333333333,0.69,2.51,md,17,103,0.1217,0.28,nm,nm60500763,2023-06-05T03:15:33.791Z,"7 km W of Calhoun, Kentucky",earthquake,0.92,1.65,0.184107851597688,13,reviewed,nm,nm
2023-05-30T02:49:40.606Z,59.4752,-152.7733,78,2.2,ml,,,,0.7,ak,ak0236w43ifa,2023-06-03T17:36:32.502Z,"50 km WNW of Nanwalek, Alaska",earthquake,,0.2,,,reviewed,ak,ak
2023-05-30T02:47:21.950Z,34.411,-119.9058333,12.43,1.39,ml,17,100,0.05223,0.18,ci,ci40237215,2023-05-30T23:18:25.843Z,"4km W of Isla Vista, CA",earthquake,0.5,0.77,0.123,14,reviewed,ci,ci
2023-05-30T02:45:20.910Z,37.5391666666667,-87.3303333333333,0.45,3.03,md,23,105,0.1234,0.3,nm,nm60500758,2023-06-05T17:41:57.788Z,"6 km W of Calhoun, Kentucky",earthquake,0.8,1.59,0.131469903633767,12,reviewed,nm,nm
2023-05-30T02:43:31.570Z,45.92,-111.218333333333,4.97,1.15,ml,9,114,0.1935,0.23,mb,mb90016278,2023-05-30T17:53:06.680Z,"11 km NE of Manhattan, Montana",earthquake,1.04,14.49,0.192761013698453,7,reviewed,mb,mb
2023-05-30T02:40:23.010Z,41.5016667,-112.1768333,8.05,1.36,ml,18,92,0.1044,0.1,uu,uu60541226,2023-05-30T14:50:20.150Z,"7 km SW of Corinne, Utah",earthquake,0.32,1.43,0.106,2,reviewed,uu,uu
2023-05-30T02:36:10.190Z,58.2456666666667,-155.142666666667,-2.2,-0.26,ml,5,212,,0.07,av,av91105438,2023-05-31T19:44:46.400Z,"85 km NNW of Karluk, Alaska",earthquake,0.36,1.71,0.230537524123442,5,reviewed,av,av
2023-05-30T02:35:41.046Z,58.2539,-155.1326,3.1,1.1,ml,,,,0.51,ak,ak0236w40iia,2023-06-05T23:24:37.022Z,"86 km NNW of Karluk, Alaska",earthquake,,0.3,,,reviewed,ak,ak
2023-05-30T02:28:39.150Z,38.8051682,-122.8225021,2.31,1.09,md,21,71,0.006392,0.02,nc,nc73891510,2023-05-30T03:52:12.711Z,"6km WNW of The Geysers, CA",earthquake,0.21,0.47,0.14,21,automatic,nc,nc
2023-05-30T02:28:05.300Z,58.1665,-155.391333333333,2.54,-0.19,ml,10,80,,0.07,av,av91775327,2023-05-31T17:19:44.280Z,"86 km NW of Karluk, Alaska",earthquake,0.22,0.37,0.177077030161362,10,reviewed,av,av
2023-05-30T02:27:03.900Z,34.1603333,-116.4256667,9.12,1.45,ml,34,58,0.0399,0.18,ci,ci40237207,2023-05-30T13:33:05.063Z,"5km N of Yucca Valley, CA",earthquake,0.28,0.6,0.189,26,reviewed,ci,ci
2023-05-30T02:25:32.217Z,61.3243,-149.61,29.1,1.2,ml,,,,0.61,ak,ak0236w3yclu,2023-06-03T17:36:32.088Z,"2 km W of Eagle River, Alaska",earthquake,,0.6,,,reviewed,ak,ak
2023-05-30T02:22:56.420Z,59.9848,-152.181,85.5,1.3,ml,,,,0.75,ak,ak0236w3xre2,2023-06-03T17:36:37.911Z,"25 km W of Happy Valley, Alaska",earthquake,,0.2,,,reviewed,ak,ak
2023-05-30T02:17:50.440Z,65.0202,-147.0997,0,0.7,ml,,,,0.36,ak,ak0236w3wob9,2023-06-05T23:24:36.846Z,"16 km N of Two Rivers, Alaska",explosion,,0,,,reviewed,ak,ak
2023-05-30T02:14:37.190Z,58.1831666666667,-155.291,0.42,-0.58,ml,7,153,,0.05,av,av91775322,2023-05-31T19:23:15.080Z,"84 km NW of Karluk, Alaska",earthquake,0.22,1.21,0.249805992593962,7,reviewed,av,av
2023-05-30T02:10:09.430Z,38.906,-122.897,3.35,0.69,md,25,257,0.05024,0.04,nc,nc73891500,2023-05-31T23:39:14.574Z,"9km SSW of Kelseyville, CA",earthquake,0.64,0.78,0.125,24,reviewed,nc,nc
2023-05-30T02:06:54.359Z,57.4888,-152.1915,10.5,1.9,ml,,,,0.69,ak,ak0236w3ubnm,2023-06-05T23:24:39.065Z,"Kodiak Island region, Alaska",earthquake,,0.5,,,reviewed,ak,ak
2023-05-30T02:00:28.040Z,38.8180008,-122.8195038,2.6,0.92,md,13,69,0.009125,0.02,nc,nc73891495,2023-05-30T03:25:12.535Z,"7km NW of The Geysers, CA",earthquake,0.35,0.88,0.3,15,automatic,nc,nc
2023-05-30T02:00:04.324Z,31.61358556,-103.9838841,7.185595703,2.6,ml,14,56,0.01315482231,0.1,tx,tx2023kmjx,2023-06-02T00:13:18.040Z,"37 km NNW of Toyah, Texas",earthquake,0.4941418531,0.6553572516,0.2,12,reviewed,tx,tx
2023-05-30T01:52:52.908Z,63.3119,-149.5408,95.3,2.1,ml,,,,0.69,ak,ak0236w3ir24,2023-06-03T17:36:31.597Z,"Central Alaska",earthquake,,0.4,,,reviewed,ak,ak
2023-05-30T01:49:18.090Z,36.2525,-89.4468333333333,6.64,2.62,md,47,51,0.03085,0.12,nm,nm60527016,2023-06-03T14:41:03.411Z,"3 km ESE of Ridgely, Tennessee",earthquake,0.16,0.42,0.112852308110526,45,reviewed,nm,nm
2023-05-30T01:47:57.960Z,37.9883333,-122.2483333,8.23,0.95,md,23,127,0.02644,0.08,nc,nc73891490,2023-05-31T05:05:10.954Z,"4km ENE of El Sobrante, CA",earthquake,0.21,0.34,0.199,17,reviewed,nc,nc
2023-05-30T01:45:39.789Z,35.69566667,-98.0705,5.69,1.28,ml,54,63,0.1241756325,0.54,ok,ok2023kmjl,2023-05-31T12:28:46.530Z,"9 km WSW of Okarche, Oklahoma",earthquake,,1.4,0.19,24,reviewed,ok,ok
2023-05-30T01:44:08.570Z,19.405834197998,-155.289001464844,0.569999992847443,1.94,ml,19,50,,0.100000001,hv,hv73429347,2023-05-30T01:49:39.620Z,"7 km SW of Volcano, Hawaii",earthquake,0.17,0.180000007,0.25,11,automatic,hv,hv
2023-05-30T01:41:59.160Z,60.0653333333333,-153.055333333333,5.06,-0.14,ml,5,257,,0.15,av,av91775312,2023-05-31T04:22:57.670Z,"66 km ENE of Pedro Bay, Alaska",earthquake,0.72,0.83,0.317093551570248,4,reviewed,av,av
2023-05-30T01:24:08.240Z,38.8209991,-122.7785034,0.99,0.75,md,9,111,0.007914,0.02,nc,nc73891485,2023-05-30T02:30:13.226Z,"5km W of Cobb, CA",earthquake,0.44,0.56,0.07,10,automatic,nc,nc
2023-05-30T01:22:29.560Z,58.1688333333333,-155.3225,1.78,0.21,ml,6,114,,0.09,av,av91775307,2023-05-31T04:24:53.840Z,"84 km NW of Karluk, Alaska",earthquake,0.26,1.15,0.336315376070946,6,reviewed,av,av
2023-05-30T01:11:25.316Z,60.1647,-139.5221,5.7,1.2,ml,,,,1.02,ak,ak0236w39wha,2023-06-05T23:24:38.887Z,"Southern Yukon Territory, Canada",earthquake,,0.2,,,reviewed,ak,ak
2023-05-30T01:09:06.070Z,37.4916667,-118.9925,3.88,0.69,md,8,236,0.1213,0.05,nc,nc73891480,2023-05-30T11:38:12.586Z,"16km S of Mammoth Lakes, CA",earthquake,1.01,2.1,0.091,7,reviewed,nc,nc
2023-05-30T01:08:11.320Z,58.2413333333333,-155.144,2.62,-0.89,ml,5,216,,0.03,av,av91105423,2023-05-31T19:18:02.020Z,"Alaska Peninsula",earthquake,0.34,0.41,0.172285628847406,5,reviewed,av,av
2023-05-30T01:08:10.399Z,9.6233,-84.9038,35,4.1,mb,28,147,0.648,0.54,us,us7000k4w3,2023-06-13T02:29:25.102Z,"22 km S of Paquera, Costa Rica",earthquake,3.81,1.978,0.14,14,reviewed,us,us
2023-05-30T01:06:33.010Z,58.2781666666667,-155.126833333333,33.44,-0.21,ml,10,99,,0.08,av,av91105418,2023-05-31T19:10:07.270Z,"88 km NNW of Karluk, Alaska",earthquake,0.5,0.69,0.196850728982477,9,reviewed,av,av
2023-05-30T01:04:31.759Z,13.3566,120.8256,84.832,4.7,mb,90,105,9.892,0.67,us,us7000k4w2,2023-06-13T02:21:08.040Z,"13 km S of Odala, Philippines",earthquake,9.23,5.576,0.059,88,reviewed,us,us
2023-05-30T01:04:04.140Z,38.8048325,-122.7809982,1.4,0.81,md,9,142,0.008418,0.01,nc,nc73891470,2023-05-30T02:03:14.073Z,"4km NW of The Geysers, CA",earthquake,0.38,0.62,0.34,9,automatic,nc,nc
2023-05-30T01:03:18.550Z,17.914,-66.9586666666667,13.88,2.27,md,5,252,0.09696,0.1,pr,pr71411733,2023-05-30T01:33:12.770Z,"",earthquake,1.17,0.78,0.0756801739679545,3,reviewed,pr,pr
2023-05-30T00:57:34.240Z,60.35,-147.4936,1.6,1.4,ml,,,,0.87,ak,ak0236w2ycjk,2023-06-05T23:24:38.670Z,"42 km NE of Chenega, Alaska",earthquake,,0.4,,,reviewed,ak,ak
2023-05-30T00:52:06.179Z,24.0473,142.9966,10,5.8,mww,149,33,9.147,0.59,us,us7000k4w1,2023-06-10T21:21:21.630Z,"Volcano Islands, Japan region",earthquake,7.86,1.726,0.046,46,reviewed,us,us
2023-05-30T00:48:48.429Z,35.69083333,-98.0795,7.53,1.89,ml,91,35,0.1160772217,0.29,ok,ok2023kmho,2023-05-30T12:11:34.856Z,"10 km WSW of Okarche, Oklahoma",earthquake,,0.8,0.24,46,reviewed,ok,ok
2023-05-30T00:46:02.537Z,59.8344,-141.4305,1.5,1.6,ml,,,,0.77,ak,ak0236w2vx0j,2023-06-05T23:24:36.627Z,"",earthquake,,0.3,,,reviewed,ak,ak
2023-05-30T00:45:29.749Z,55.0837,-160.7839,14.9,1.8,ml,,,,0.69,ak,ak0236w2vrla,2023-06-03T17:36:37.145Z,"33 km SSW of Sand Point, Alaska",earthquake,,0.3,,,reviewed,ak,ak
2023-05-30T00:43:33.750Z,35.8665,-117.6781667,10.69,1.14,ml,19,121,0.09114,0.16,ci,ci40237183,2023-05-30T22:35:52.527Z,"22km ESE of Little Lake, CA",earthquake,0.32,0.55,0.101,9,reviewed,ci,ci
2023-05-30T00:42:41.643Z,31.61196013,-103.9889873,8.599536133,2,ml,32,40,0.01723309899,0.2,tx,tx2023kmhj,2023-05-30T16:04:24.355Z,"37 km NNW of Toyah, Texas",earthquake,0.5902457522999999,0.6048281646,0.2,16,reviewed,tx,tx
2023-05-30T00:36:46.740Z,60.0008333333333,-153.119333333333,1.42,-1.01,ml,4,137,,0.07,av,av91775267,2023-05-31T03:55:52.120Z,"60 km ENE of Pedro Bay, Alaska",earthquake,0.31,0.85,0.48641452909693,4,reviewed,av,av
2023-05-30T00:30:20.460Z,60.0298333333333,-153.057,3.06,-0.59,ml,5,131,,0.09,av,av91775262,2023-05-31T03:44:46.850Z,"64 km ENE of Pedro Bay, Alaska",earthquake,0.47,1.02,0.216204133837361,5,reviewed,av,av
2023-05-30T00:30:05.356Z,62.9348,-151.1291,110.5,1.3,ml,,,,0.53,ak,ak0236w2sdi6,2023-06-03T17:36:31.194Z,"52 km NNW of Petersville, Alaska",earthquake,,0.4,,,reviewed,ak,ak
2023-05-30T00:21:32.786Z,38.8278,-119.7027,7.1,0.9,ml,5,166.06,0.098,0.0685,nn,nn00860533,2023-05-31T02:04:21.724Z,"California-Nevada border region",earthquake,,3.5,0.12,2,reviewed,nn,nn
2023-05-30T00:01:19.792Z,62.8703,-150.7123,88.9,1.4,ml,,,,0.7,ak,ak0236w2mbce,2023-06-05T23:24:36.405Z,"41 km N of Petersville, Alaska",earthquake,,0.4,,,reviewed,ak,ak
2023-05-29T23:51:16.718Z,60.0986,-140.3621,3.4,1.5,ml,,,,0.59,ak,ak0236ut2n9x,2023-06-05T22:18:30.241Z,"71 km NNW of Yakutat, Alaska",earthquake,,0.4,,,reviewed,ak,ak
2023-05-29T23:50:56.890Z,58.1806666666667,-155.332666666667,2.07,0.2,ml,11,110,,0.07,av,av91775257,2023-06-02T08:32:45.824Z,"85 km NW of Karluk, Alaska",earthquake,0.21,0.45,0.335644414497337,11,reviewed,av,av
2023-05-29T23:42:33.700Z,19.4465007781982,-155.306503295898,2.40000009536743,1.75,ml,15,111,,0.189999998,hv,hv73429187,2023-05-29T23:48:03.450Z,"7 km W of Volcano, Hawaii",earthquake,0.51,0.930000007,0.05,3,automatic,hv,hv
2023-05-29T23:37:42.700Z,19.4063339233398,-155.275329589844,0.680000007152557,1.94000006,md,15,44,,0.109999999,hv,hv73429182,2023-05-29T23:40:41.250Z,"Island of Hawaii, Hawaii",earthquake,0.2,0.239999995,1.12,14,automatic,hv,hv
2023-05-29T23:27:17.379Z,55.6083,-161.5368,172.771,3.1,ml,23,175,0.222,0.23,us,us7000k5pr,2023-06-11T03:29:43.040Z,"48 km SSW of Nelson Lagoon, Alaska",earthquake,10.26,2.903,0.105,12,reviewed,us,us
2023-05-29T23:22:19.427Z,62.5611,-148.8446,54.2,1.1,ml,,,,0.64,ak,ak0236uswfrj,2023-06-02T08:33:36.469Z,"65 km E of Chase, Alaska",earthquake,,1,,,reviewed,ak,ak
2023-05-29T23:21:47.440Z,58.1816666666667,-155.338,1.9,0.34,ml,11,110,,0.08,av,av91775232,2023-05-31T01:05:14.910Z,"86 km NW of Karluk, Alaska",earthquake,0.18,0.34,0.332152218074905,11,reviewed,av,av
2023-05-29T23:17:58.400Z,38.8271675,-122.821167,1.69,0.77,md,18,41,0.009448,0.02,nc,nc73891455,2023-05-29T23:51:13.248Z,"8km NW of The Geysers, CA",earthquake,0.22,0.44,0.17,18,automatic,nc,nc
2023-05-29T23:15:47.374Z,-6.4447,129.7745,145.614,4.3,mb,32,65,1.914,0.47,us,us7000k6ft,2023-06-12T22:45:24.040Z,"Banda Sea",earthquake,7.88,9.564,0.133,16,reviewed,us,us
2023-05-29T23:12:29.480Z,44.471,-110.5973333,3.75,1.07,md,7,122,0.03465,0.03,uu,uu60541216,2023-05-30T15:13:31.380Z,"",earthquake,0.62,0.47,0.259,4,reviewed,uu,uu
2023-05-29T23:09:45.727Z,64.9089,-151.3686,9.2,0.8,ml,,,,0.75,ak,ak0236ustpgb,2023-06-02T08:33:36.294Z,"36 km WSW of Manley Hot Springs, Alaska",earthquake,,0.7,,,reviewed,ak,ak
2023-05-29T23:06:48.360Z,51.9143333333333,178.3215,5.48,2.01,ml,7,303,,0.07,av,av91775217,2023-05-31T00:59:45.590Z,"Rat Islands, Aleutian Islands, Alaska",earthquake,2.34,0.65,0.22177727033508,7,reviewed,av,av
2023-05-29T22:52:37.110Z,44.4688333,-110.5955,3.57,2.13,ml,22,47,0.03228,0.14,uu,uu60541211,2023-05-30T13:57:17.730Z,"Wyoming",earthquake,0.3,0.81,0.545,3,reviewed,uu,uu
2023-05-29T22:52:06.900Z,58.1573333333333,-155.614833333333,6.7,-0.01,ml,7,225,,0.07,av,av91775207,2023-05-31T00:54:58.240Z,"85 km SE of King Salmon, Alaska",earthquake,0.42,0.73,0.174226623971109,7,reviewed,av,av
2023-05-29T22:47:48.720Z,60.0456666666667,-153.075666666667,-2.42,-0.74,ml,5,109,,0.15,av,av91775202,2023-05-31T00:52:31.890Z,"64 km ENE of Pedro Bay, Alaska",earthquake,0.42,2.41,0.268303890677123,5,reviewed,av,av
2023-05-29T22:40:00.050Z,44.469,-110.5906667,3.73,1.16,md,9,123,0.03205,0.1,uu,uu60541206,2023-05-30T15:35:26.660Z,"46 km ESE of West Yellowstone, Montana",earthquake,0.62,1.07,0.45,6,reviewed,uu,uu
2023-05-29T22:38:23.110Z,44.4645,-110.5975,4.75,1.56,md,10,144,0.02833,0.05,uu,uu60541201,2023-05-30T15:38:46.820Z,"45 km ESE of West Yellowstone, Montana",earthquake,0.66,0.37,0.561,5,reviewed,uu,uu
2023-05-29T22:37:35.270Z,44.4581667,-110.5586667,1.8,0.63,md,5,182,0.02982,0.07,uu,uu60033439,2023-05-30T20:45:41.270Z,"",earthquake,0.74,0.26,0.679,3,reviewed,uu,uu
2023-05-29T22:37:12.020Z,44.469,-110.5893333,2.64,0.03,md,5,237,0.03201,0.29,uu,uu60033444,2023-05-30T20:49:19.500Z,"46 km ESE of West Yellowstone, Montana",earthquake,1.93,4.66,0.312,2,reviewed,uu,uu
2023-05-29T22:36:34.270Z,44.4626667,-110.5715,1.81,1.39,md,6,206,0.02825,0.16,uu,uu60541196,2023-05-30T20:43:35.630Z,"47 km ESE of West Yellowstone, Montana",earthquake,1.56,0.36,0.605,3,reviewed,uu,uu
2023-05-29T22:34:05.010Z,44.4771667,-110.5931667,0.87,1.26,md,8,128,0.04033,0.26,uu,uu60541191,2023-05-30T20:38:55.990Z,"45 km ESE of West Yellowstone, Montana",earthquake,1.06,0.34,0.397,5,reviewed,uu,uu
2023-05-29T22:30:24.255Z,59.9661,-141.0519,8.5,1.7,ml,,,,0.68,ak,ak0236uscqji,2023-06-05T22:18:29.577Z,"87 km WNW of Yakutat, Alaska",earthquake,,0.2,,,reviewed,ak,ak
2023-05-29T22:29:41.060Z,44.4616667,-110.5891667,4.64,1.3,md,12,72,0.02468,0.07,uu,uu60541181,2023-05-30T15:49:10.390Z,"46 km ESE of West Yellowstone, Montana",earthquake,0.37,0.4,0.508,9,reviewed,uu,uu
2023-05-29T22:29:23.380Z,19.2345008850098,-155.414505004883,31.7900009155273,2.07,ml,43,131,,0.119999997,hv,hv73429122,2023-05-29T22:34:53.770Z,"7 km ENE of Pāhala, Hawaii",earthquake,0.57,0.670000017,0.16,4,automatic,hv,hv
2023-05-29T22:27:45.550Z,44.4615,-110.602,5.09,1.49,md,11,130,0.02647,0.11,uu,uu60541176,2023-05-30T15:57:25.450Z,"Wyoming",earthquake,0.83,0.77,0.471,6,reviewed,uu,uu
2023-05-29T22:25:29.830Z,58.1861666666667,-155.3,2.28,0.38,ml,11,97,,0.07,av,av91775192,2023-06-02T08:32:35.011Z,"85 km NW of Karluk, Alaska",earthquake,0.17,0.33,0.331044019876612,11,reviewed,av,av
2023-05-29T22:23:29.450Z,44.437,-110.5748333,1.81,1.22,md,5,118,0.009432,0.01,uu,uu60033429,2023-05-30T19:54:15.330Z,"48 km ESE of West Yellowstone, Montana",earthquake,1.69,0.36,0.063,3,reviewed,uu,uu
2023-05-29T22:22:55.330Z,44.4671667,-110.596,3.6,1.45,md,8,121,0.0307,0.13,uu,uu60033424,2023-05-30T19:52:09.400Z,"45 km ESE of West Yellowstone, Montana",earthquake,0.63,0.71,0.542,4,reviewed,uu,uu
2023-05-29T22:22:36.480Z,44.4676667,-110.5675,3.28,1.74,md,4,188,0.034,0.13,uu,uu60541161,2023-05-30T19:46:28.080Z,"47 km ESE of West Yellowstone, Montana",earthquake,2.34,2.69,0.154,3,reviewed,uu,uu
2023-05-29T22:19:24.990Z,19.4046669006348,-155.282669067383,1.57000005245209,1.73,ml,20,41,,0.150000006,hv,hv73429097,2023-05-29T22:24:55.980Z,"6 km SW of Volcano, Hawaii",earthquake,0.31,0.239999995,0.27,8,automatic,hv,hv
2023-05-29T22:15:50.719Z,62.9786,-150.8405,122.5,1.6,ml,,,,0.35,ak,ak0236us9kjh,2023-06-05T22:18:29.373Z,"53 km N of Petersville, Alaska",earthquake,,0.9,,,reviewed,ak,ak
2023-05-29T22:09:48.550Z,19.4153327941895,-155.271835327148,4.69000005722046,1.75,md,27,43,,0.100000001,hv,hv73429092,2023-05-29T22:12:54.080Z,"5 km SW of Volcano, Hawaii",earthquake,0.29,0.360000014,0.699999988,15,automatic,hv,hv
2023-05-29T22:09:45.030Z,38.8318329,-122.8113327,2.07,0.63,md,10,90,0.008483,0.01,nc,nc73891445,2023-05-29T23:19:13.182Z,"8km NW of The Geysers, CA",earthquake,0.36,1.2,0.31,11,automatic,nc,nc
2023-05-29T22:05:34.846Z,37.2531,-117.6134,11.7,1.4,ml,6,111.61,0.033,0.1671,nn,nn00860492,2023-05-31T21:31:31.128Z,"55 km S of Silver Peak, Nevada",earthquake,,1.8,0.48,4,reviewed,nn,nn
2023-05-29T21:58:06.071Z,58.1805,-155.2829,2.2,1.8,ml,,,,0.67,ak,ak0236urx9am,2023-06-05T22:18:29.163Z,"83 km NW of Karluk, Alaska",earthquake,,0.2,,,reviewed,ak,ak
2023-05-29T21:55:30.543Z,63.9762,-148.9776,125.4,2.1,ml,,,,0.39,ak,ak0236urwo46,2023-06-02T08:33:35.481Z,"8 km ESE of Ferry, Alaska",earthquake,,0.6,,,reviewed,ak,ak
2023-05-29T21:52:04.854Z,-52.887,10.4709,10,5.7,mww,98,36,19.746,0.48,us,us7000k4ug,2023-05-30T21:55:28.492Z,"southwest of Africa",earthquake,7.34,1.792,0.093,11,reviewed,us,us
2023-05-29T21:23:09.310Z,58.1845,-155.290666666667,0.96,-0.43,ml,7,100,,0.03,av,av91775172,2023-05-31T00:41:00.830Z,"84 km NW of Karluk, Alaska",earthquake,0.18,0.78,0.292351551076635,7,reviewed,av,av
2023-05-29T21:17:36.990Z,38.8133333,-122.827,1.92,1.24,md,34,41,0.004772,0.03,nc,nc73891435,2023-06-01T01:46:10.422Z,"7km WNW of The Geysers, CA",earthquake,0.15,0.23,0.163,32,reviewed,nc,nc
2023-05-29T21:16:21.560Z,33.8701667,-117.5033333,9.84,1.39,ml,52,29,0.07157,0.19,ci,ci40237111,2023-05-30T13:33:19.857Z,"2km ESE of Home Gardens, CA",quarry blast,0.23,0.49,0.194,28,reviewed,ci,ci
2023-05-29T21:11:11.181Z,63.4061,-149.0972,78.5,1.8,ml,,,,0.69,ak,ak0236urn71q,2023-06-02T08:33:35.271Z,"7 km WNW of Cantwell, Alaska",earthquake,,0.7,,,reviewed,ak,ak
2023-05-29T21:02:20.259Z,60.2142,-151.3146,44,1.1,ml,,,,0.28,ak,ak0236urla8l,2023-06-02T08:33:35.062Z,"4 km ESE of Clam Gulch, Alaska",earthquake,,1.6,,,reviewed,ak,ak
2023-05-29T20:56:08.058Z,31.61172944,-103.9892553,7.596923828000001,1.9,ml,13,49,0.01744588443,0.1,tx,tx2023klzt,2023-05-30T13:05:07.843Z,"37 km NNW of Toyah, Texas",earthquake,0.5594255951,0.726434522,0.1,20,reviewed,tx,tx
2023-05-29T20:46:55.082Z,63.3283,-145.3636,8.6,1.2,ml,,,,0.71,ak,ak0236ur9cut,2023-06-02T08:33:34.875Z,"29 km NNE of Paxson, Alaska",earthquake,,0.4,,,reviewed,ak,ak
2023-05-29T20:46:52.320Z,42.6036667,-111.4068333,8.12,2.13,ml,19,157,0.2778,0.21,uu,uu60541151,2023-05-30T13:57:03.270Z,"13 km NNW of Georgetown, Idaho",earthquake,0.84,1.44,0.375,5,reviewed,uu,uu
2023-05-29T20:44:11.130Z,33.6113333,-115.9531667,5.76,1.07,ml,32,80,0.05346,0.18,ci,ci40237103,2023-06-05T20:22:29.480Z,"10km N of North Shore, CA",earthquake,0.23,0.43,0.141,20,reviewed,ci,ci
2023-05-29T20:40:10.450Z,58.2546666666667,-155.0675,4.36,0.02,ml,13,109,,0.14,av,av91775157,2023-05-31T00:24:55.640Z,"84 km NNW of Karluk, Alaska",earthquake,0.26,0.47,0.239401639140571,13,reviewed,av,av
2023-05-29T20:24:30.440Z,34.042,-117.2368333,13.92,0.67,ml,19,171,0.1249,0.19,ci,ci40237087,2023-06-05T19:47:23.140Z,"2km ESE of Loma Linda, CA",earthquake,0.6,1.14,0.115,11,reviewed,ci,ci
2023-05-29T20:23:57.183Z,9.8325,143.0629,11.513,4.2,mb,23,121,4.131,0.83,us,us7000k6fq,2023-06-05T16:44:42.040Z,"279 km E of Fais, Micronesia",earthquake,15.16,5.476,0.137,15,reviewed,us,us
2023-05-29T20:20:15.486Z,-21.4663,-176.3632,192.475,4.3,mb,17,105,1.121,1.47,us,us7000k6fp,2023-06-05T16:33:47.040Z,"114 km WSW of Houma, Tonga",earthquake,15.66,10.645,0.153,12,reviewed,us,us
2023-05-29T20:16:49.300Z,58.2073333333333,-155.199166666667,4.89,-0.3,ml,10,103,,0.09,av,av91775147,2023-05-31T00:28:36.780Z,"83 km NNW of Karluk, Alaska",earthquake,0.29,0.67,0.223195762722094,10,reviewed,av,av
2023-05-29T19:56:43.893Z,31.68658877,-104.4157386,5.823071289,2.2,ml,17,81,0.01071023289,0.2,tx,tx2023klxy,2023-05-30T18:35:30.992Z,"54 km S of Whites City, New Mexico",earthquake,0.7506988516,0.5303799397,0.1,9,reviewed,tx,tx
2023-05-29T19:56:22.540Z,18.0008333333333,-67.1473333333333,15,2.3,md,14,227,0.03633,0.09,pr,pr71411703,2023-05-29T20:08:32.920Z,"3 km SE of Boquerón, Puerto Rico",earthquake,0.44,0.4,0.1118926567004,8,reviewed,pr,pr
2023-05-29T19:55:24.856Z,61.6613,-151.4209,5,0.9,ml,,,,0.74,ak,ak0236uqpscf,2023-06-02T08:33:34.682Z,"36 km S of Skwentna, Alaska",earthquake,,0.7,,,reviewed,ak,ak
2023-05-29T19:53:30.230Z,33.6103333,-115.9525,5.58,1.34,ml,41,50,0.0546,0.18,ci,ci40237079,2023-06-05T19:31:39.619Z,"9km N of North Shore, CA",earthquake,0.21,0.42,0.158,25,reviewed,ci,ci
2023-05-29T19:48:47.180Z,38.794,-122.7605,2.77,0.44,md,11,173,0.006644,0.01,nc,nc73891425,2023-05-31T06:24:10.423Z,"2km N of The Geysers, CA",earthquake,0.45,0.57,0.205,11,reviewed,nc,nc
2023-05-29T19:46:12.152Z,61.0228,-149.4101,19.3,2.2,ml,,,,0.41,ak,ak0236uqntv0,2023-06-02T08:36:06.361Z,"15 km N of Sunrise, Alaska",earthquake,,0.7,,,reviewed,ak,ak
2023-05-29T19:38:53.577Z,64.9989,-147.3678,0,0.8,ml,,,,0.47,ak,ak0236uqm7fe,2023-06-05T22:18:28.979Z,"12 km ENE of Fox, Alaska",explosion,,0,,,reviewed,ak,ak
2023-05-29T19:33:08.406Z,61.0976,-149.6552,45.2,1.1,ml,,,,0.21,ak,ak0236uql1co,2023-06-02T08:33:38.374Z,"17 km S of Elmendorf Air Force Base, Alaska",earthquake,,1.4,,,reviewed,ak,ak
2023-05-29T19:32:39.136Z,61.9063,-150.4496,50.5,1.1,ml,,,,0.3,ak,ak0236uqkvvj,2023-06-02T08:33:34.011Z,"28 km NW of Willow, Alaska",earthquake,,1.3,,,reviewed,ak,ak
2023-05-29T19:19:36.520Z,19.1389999389648,-155.356002807617,29.2900009155273,1.8,ml,49,186,,0.109999999,hv,hv73428872,2023-05-29T19:25:08.340Z,"14 km ESE of Pāhala, Hawaii",earthquake,0.58,0.850000024,4.25,7,automatic,hv,hv
2023-05-29T19:18:31.369Z,51.5531,-176.3778,32.3,1.5,ml,,,,0.31,ak,ak0236uqhvds,2023-06-02T08:33:38.194Z,"Andreanof Islands, Aleutian Islands, Alaska",earthquake,,4.4,,,reviewed,ak,ak
2023-05-29T19:15:18.838Z,58.1776,-155.3373,4.8,1.8,ml,,,,0.57,ak,ak0236uqh7a3,2023-06-05T22:18:28.773Z,"85 km NW of Karluk, Alaska",earthquake,,0.2,,,reviewed,ak,ak
2023-05-29T19:13:41.993Z,67.3001,-153.7587,7.1,1.7,ml,,,,0.7,ak,ak0236uqgtro,2023-06-05T22:18:28.544Z,"northern Alaska",earthquake,,0.3,,,reviewed,ak,ak
2023-05-29T19:09:55.029Z,-14.1631,170.4983,627.666,4.8,mb,154,42,8.091,0.61,us,us7000k4tn,2023-06-05T16:18:28.040Z,"Vanuatu region",earthquake,8.68,6.297,0.044,156,reviewed,us,us
2023-05-29T19:00:48.345Z,57.3421,-153.1966,25.1,1.7,ml,,,,0.58,ak,ak0236uqe1tm,2023-06-05T22:18:30.052Z,"16 km NNE of Old Harbor, Alaska",earthquake,,2.9,,,reviewed,ak,ak
2023-05-29T18:59:08.805Z,26.0634,124.8697,185.09,4,mb,59,92,1.773,1,us,us7000k4tm,2023-06-05T16:15:54.040Z,"146 km NNW of Hirara, Japan",earthquake,8.69,7.037,0.085,37,reviewed,us,us
2023-05-29T18:52:46.308Z,54.386,-161.6414,25.6,1.9,ml,,,,0.47,ak,ak0236uq3r9y,2023-06-02T08:33:37.824Z,"86 km SSE of King Cove, Alaska",earthquake,,7.4,,,reviewed,ak,ak
2023-05-29T18:51:19.950Z,59.357,-153.441,1.7,-0.39,ml,7,122,,0.22,av,av91105373,2023-05-31T04:04:05.640Z,"60 km SE of Pedro Bay, Alaska",earthquake,0.74,1.82,0.192622604098982,7,reviewed,av,av
2023-05-29T18:51:01.837Z,59.8512,-153.5071,129.5,1.9,ml,,,,0.47,ak,ak0236uq3g1f,2023-06-02T08:33:33.368Z,"34 km ENE of Pedro Bay, Alaska",earthquake,,0.5,,,reviewed,ak,ak
2023-05-29T18:42:38.790Z,38.7956657,-122.7624969,2.65,0.75,md,11,113,0.005409,0.02,nc,nc73891420,2023-05-29T19:16:12.393Z,"2km NNW of The Geysers, CA",earthquake,0.4,0.66,0.04,11,automatic,nc,nc
2023-05-29T18:39:25.340Z,33.5356667,-116.6811667,9.3,0.81,ml,35,45,0.05237,0.13,ci,ci40237047,2023-06-05T19:09:08.313Z,"2km SSW of Anza, CA",earthquake,0.18,0.31,0.158,19,reviewed,ci,ci
2023-05-29T18:38:17.590Z,19.1088333129883,-155.407501220703,31.1299991607666,1.72,ml,46,187,,0.129999995,hv,hv73428827,2023-05-29T18:43:49.030Z,"",earthquake,0.59,0.779999971,3.55,6,automatic,hv,hv
2023-05-29T18:35:29.910Z,19.204833984375,-155.366333007812,31.5100002288818,1.88,ml,32,177,,0.109999999,hv,hv73428822,2023-05-29T18:41:02.270Z,"11 km E of Pāhala, Hawaii",earthquake,0.56,0.779999971,0.12,3,automatic,hv,hv
2023-05-29T18:30:39.130Z,36.3516667,-120.9368333,8,1.81,md,44,97,0.03432,0.13,nc,nc73891415,2023-05-31T13:07:10.787Z,"23km NE of King City, CA",earthquake,0.3,0.47,0.245,35,reviewed,nc,nc
2023-05-29T18:27:05.083Z,54.5653,-159.8606,13.6,2.2,ml,,,,0.36,ak,ak0236upyb70,2023-06-02T08:33:37.637Z,"95 km SSE of Sand Point, Alaska",earthquake,,1.7,,,reviewed,ak,ak
2023-05-29T18:25:52.642Z,36.7896,-116.2399,4.8,-0.1,ml,15,100.52,0.047,0.1524,nn,nn00860490,2023-05-31T02:54:02.892Z,"48 km ESE of Beatty, Nevada",earthquake,,1.9,0.1,4,reviewed,nn,nn
2023-05-29T18:20:48.860Z,38.7956657,-122.7624969,2.65,0.79,md,9,113,0.005409,0.01,nc,nc73891410,2023-05-29T18:42:14.179Z,"2km NNW of The Geysers, CA",earthquake,0.54,0.72,0.06,10,automatic,nc,nc
2023-05-29T18:08:16.796Z,52.9282,-168.5538,91.5,2.2,ml,,,,0.42,ak,ak0236upu9hr,2023-06-02T08:33:37.462Z,"20 km E of Nikolski, Alaska",earthquake,,1.4,,,reviewed,ak,ak
2023-05-29T18:01:00.590Z,58.2546666666667,-155.113333333333,3.81,0.4,ml,14,89,,0.09,av,av91775072,2023-06-02T08:32:15.584Z,"85 km NNW of Karluk, Alaska",earthquake,0.23,0.44,0.147167729930585,15,reviewed,av,av
2023-05-29T18:00:30.206Z,37.2799,-117.6068,7.9,1,ml,10,140.75,0.057,0.1464,nn,nn00860486,2023-05-29T18:22:14.133Z,"52 km S of Silver Peak, Nevada",earthquake,,1.9,0.92,6,reviewed,nn,nn
2023-05-29T17:57:27.300Z,44.7896667,-110.805,3.73,0.63,md,6,221,0.03243,0.05,uu,uu60541141,2023-05-30T16:12:20.700Z,"Wyoming",earthquake,0.76,1.12,0.266,4,reviewed,uu,uu
2023-05-29T17:50:33.074Z,60.5644,-150.2305,40,1.2,ml,,,,0.19,ak,ak0236uphv7v,2023-06-02T08:33:37.268Z,"23 km WNW of Cooper Landing, Alaska",earthquake,,1.2,,,reviewed,ak,ak
2023-05-29T17:41:52.910Z,33.6958333,-116.7053333,17.59,0.88,ml,31,54,0.01697,0.15,ci,ci40237023,2023-06-05T17:08:01.032Z,"5km SSE of Idyllwild, CA",earthquake,0.27,0.39,0.161,22,reviewed,ci,ci
2023-05-29T17:40:59.130Z,58.2465,-155.149,3.15,-0.38,ml,6,123,,0.07,av,av91775057,2023-05-31T00:02:02.930Z,"85 km NNW of Karluk, Alaska",earthquake,0.27,0.82,0.2095042455513,6,reviewed,av,av
2023-05-29T17:39:19.837Z,38.5189,-119.5179,6.2,1.3,ml,9,156.99,0.064,0.0816,nn,nn00860484,2023-05-31T02:47:51.183Z,"California-Nevada border region",earthquake,,1.7,0.25,3,reviewed,nn,nn
2023-05-29T17:37:53.851Z,61.9718,-148.4835,34,1.2,ml,,,,0.45,ak,ak0236upf4fs,2023-06-02T08:33:33.162Z,"19 km N of Chickaloon, Alaska",earthquake,,0.6,,,reviewed,ak,ak
2023-05-29T17:29:27.540Z,32.887,-116.2746667,5.66,1.79,ml,54,50,0.07161,0.16,ci,ci40237007,2023-06-05T16:24:00.630Z,"25km ENE of Pine Valley, CA",earthquake,0.15,0.87,0.208,23,reviewed,ci,ci
2023-05-29T17:28:04.250Z,19.3863334655762,-155.277160644531,1.5900000333786,1.75,ml,20,60,,0.109999999,hv,hv73428757,2023-05-29T17:33:37.730Z,"7 km SW of Volcano, Hawaii",earthquake,0.22,0.209999993,0.25,9,automatic,hv,hv
2023-05-29T17:27:22.280Z,39.0703333,-123.132,7.17,1.43,md,28,55,0.07356,0.09,nc,nc73891400,2023-05-31T07:15:12.703Z,"8km SSE of Talmage, CA",earthquake,0.15,0.48,0.119,28,reviewed,nc,nc
2023-05-29T17:21:27.009Z,63.3005,-150.9784,4.2,1.9,ml,,,,0.73,ak,ak0236upbmzl,2023-06-02T08:33:32.938Z,"45 km SE of Denali National Park, Alaska",earthquake,,0.4,,,reviewed,ak,ak
2023-05-29T17:20:25.754Z,-29.1613,-178.4727,112.806,4.5,mb,26,52,0.493,0.82,us,us7000k6fl,2023-06-05T16:10:10.040Z,"",earthquake,8.9,4.489,0.15,13,reviewed,us,us
2023-05-29T17:18:16.990Z,38.8366661,-122.7978363,1.76,0.55,md,10,72,0.006105,0.02,nc,nc73891395,2023-05-29T17:40:14.695Z,"7km WNW of Cobb, CA",earthquake,0.39,1,0.36,10,automatic,nc,nc
2023-05-29T17:14:20.140Z,37.001,-121.4581667,4.5,1.75,md,48,49,0.0322,0.19,nc,nc73891390,2023-06-01T02:09:11.692Z,"10km E of Gilroy, CA",earthquake,0.3,0.61,0.246,36,reviewed,nc,nc
2023-05-29T17:12:04.032Z,67.377,-153.6752,6.5,1.2,ml,,,,0.89,ak,ak0236up9nml,2023-06-02T08:33:32.758Z,"100 km NNW of Alatna, Alaska",earthquake,,1.3,,,reviewed,ak,ak
2023-05-29T17:10:33.043Z,46.4835,-67.8004,5,1.5,ml,9,110,0.728,0.4,us,us7000k4x8,2023-05-30T13:29:57.040Z,"5 km ESE of Blaine, Maine",earthquake,1.16,1.922,0.128,8,reviewed,us,us
2023-05-29T17:08:16.394Z,9.8069,125.1974,9.165,4.6,mb,95,84,2.746,0.85,us,us7000k4t6,2023-06-05T15:53:44.854Z,"26 km W of Ipil, Philippines",earthquake,2.78,4.018,0.062,82,reviewed,us,us
2023-05-29T17:07:40.506Z,52.7042,-169.4315,12.8,2,ml,,,,0.59,ak,ak0236up8o29,2023-06-02T08:33:32.570Z,"46 km SW of Nikolski, Alaska",earthquake,,0.8,,,reviewed,ak,ak
2023-05-29T17:04:42.510Z,19.2438335418701,-155.399673461914,30.6900005340576,1.77999997,md,41,151,,0.140000001,hv,hv73428742,2023-05-29T17:08:09.230Z,"9 km ENE of Pāhala, Hawaii",earthquake,0.58,0.769999981,0.670000017,7,automatic,hv,hv
2023-05-29T17:03:42.010Z,61.6804,-151.9905,116.8,2.1,ml,,,,0.46,ak,ak0236up7t62,2023-06-02T08:33:32.322Z,"46 km SW of Skwentna, Alaska",earthquake,,0.5,,,reviewed,ak,ak
2023-05-29T16:46:50.429Z,61.7992,-149.5565,45.2,1.2,ml,,,,0.24,ak,ak0236uovm0z,2023-06-02T08:33:32.114Z,"17 km WNW of Fishhook, Alaska",earthquake,,0.9,,,reviewed,ak,ak
2023-05-29T16:32:32.872Z,64.8092,-151.6575,5.9,2,ml,,,,0.88,ak,ak0236uoskpj,2023-06-02T08:33:37.058Z,"45 km SSE of Tanana, Alaska",earthquake,,0.5,,,reviewed,ak,ak
2023-05-29T16:30:57.462Z,59.9549,-153.0048,112.9,1.4,ml,,,,0.5,ak,ak0236uos76a,2023-06-02T08:33:36.864Z,"64 km ENE of Pedro Bay, Alaska",earthquake,,0.9,,,reviewed,ak,ak
2023-05-29T16:26:08.430Z,62.6959,-150.9253,82.6,1.5,ml,,,,0.7,ak,ak0236uor8kr,2023-06-02T08:33:31.873Z,"23 km NNW of Petersville, Alaska",earthquake,,0.6,,,reviewed,ak,ak
2023-05-29T16:20:22.690Z,36.6181667,-121.1991667,6.17,1.32,md,23,159,0.04768,0.08,nc,nc73891380,2023-05-31T19:58:12.245Z,"11km NNW of Pinnacles, CA",earthquake,0.31,0.47,0.163,16,reviewed,nc,nc
2023-05-29T15:59:59.526Z,-7.2429,130.3595,35,4.4,mb,52,46,2.74,1.01,us,us7000k4sl,2023-06-05T16:55:53.040Z,"Pulau Pulau Tanimbar, Indonesia",earthquake,7.04,1.872,0.091,35,reviewed,us,us
2023-05-29T15:58:07.793Z,63.1997,-150.4381,111.9,1.3,ml,,,,0.32,ak,ak0236uocnve,2023-06-01T21:34:15.616Z,"74 km ESE of Denali National Park, Alaska",earthquake,,0.6,,,reviewed,ak,ak
2023-05-29T15:57:25.340Z,38.836834,-122.8071671,1.97,0.72,md,10,60,0.01323,0.01,nc,nc73891370,2023-05-29T16:43:14.362Z,"8km WNW of Cobb, CA",earthquake,0.36,1.31,0.29,11,automatic,nc,nc
2023-05-29T15:40:11.280Z,36.7906667,-121.382,6.7,1.42,md,30,97,0.05831,0.09,nc,nc73891365,2023-05-31T12:15:11.507Z,"3km SSW of Ridgemark, CA",earthquake,0.21,0.42,0.236,27,reviewed,nc,nc
2023-05-29T15:32:33.719Z,62.2101,-151.2849,76.5,1.2,ml,,,,0.29,ak,ak0236uo7563,2023-06-01T21:34:17.861Z,"25 km NNE of Skwentna, Alaska",earthquake,,1.3,,,reviewed,ak,ak
2023-05-29T15:30:19.342Z,59.1349,-145.4366,28.7,2.1,ml,,,,0.43,ak,ak0236uo6olm,2023-06-05T19:48:25.287Z,"157 km S of Cordova, Alaska",earthquake,,1.6,,,reviewed,ak,ak
2023-05-29T15:25:44.590Z,33.9885,-118.1041667,17.16,1.53,ml,28,204,0.06246,0.16,ci,ci40236895,2023-06-05T15:57:00.948Z,"1km NW of Pico Rivera, CA",earthquake,0.36,0.35,0.283,22,reviewed,ci,ci
2023-05-29T15:21:40.840Z,18.1296666666667,-68.37,67.68,3.26,md,20,209,0.3829,0.52,pr,pr71411683,2023-05-31T15:57:27.040Z,"Mona Passage",earthquake,3.43,2.84,0.0469250815206053,9,reviewed,pr,pr
2023-05-29T15:11:38.448Z,62.7772,-149.0045,62.6,1.4,ml,,,,0.58,ak,ak0236uo2nkk,2023-06-01T21:34:15.401Z,"67 km ENE of Chase, Alaska",earthquake,,0.4,,,reviewed,ak,ak
2023-05-29T15:08:42.644Z,-24.0071,171.7327,10,4.5,mb,17,118,4.177,0.68,us,us7000k6fi,2023-06-08T16:09:40.040Z,"",earthquake,5.02,1.941,0.171,10,reviewed,us,us
2023-05-29T15:04:52.500Z,19.2281666666667,-155.388833333333,31.11,1.53,md,36,164,,0.12,hv,hv73428582,2023-06-01T23:56:02.560Z,"9 km ENE of Pāhala, Hawaii",earthquake,0.45,0.69,0.113214026523275,12,reviewed,hv,hv
2023-05-29T15:02:30.096Z,-31.6907,-66.8113,126.78,4.9,mb,85,28,1.604,0.78,us,us7000k4sd,2023-06-05T16:43:45.040Z,"101 km WNW of Candelaria, Argentina",earthquake,7.4,4.599,0.076,54,reviewed,us,us
2023-05-29T14:58:21.760Z,38.8178329,-122.8221664,2.18,0.73,md,19,50,0.01049,0.02,nc,nc73891355,2023-05-29T15:51:14.939Z,"7km NW of The Geysers, CA",earthquake,0.22,0.59,0.18,19,automatic,nc,nc
2023-05-29T14:56:39.050Z,58.1891666666667,-155.296166666667,2.37,0.3,ml,12,94,,0.07,av,av91775002,2023-06-01T21:33:08.137Z,"85 km NW of Karluk, Alaska",earthquake,0.18,0.34,0.311922942218305,13,reviewed,av,av
2023-05-29T14:53:14.064Z,52.7918,-167.8525,32,1.9,ml,,,,0.63,ak,ak0236unq62s,2023-06-05T19:48:25.099Z,"69 km ESE of Nikolski, Alaska",earthquake,,11,,,reviewed,ak,ak
2023-05-29T14:52:39.530Z,35.9453333,-117.684,4.99,-0.06,ml,7,122,0.0274,0.09,ci,ci40236855,2023-05-30T17:13:45.116Z,"20km E of Little Lake, CA",earthquake,0.37,0.72,0.049,3,reviewed,ci,ci
2023-05-29T14:52:08.670Z,36.1041667,-117.6531667,4.82,0.49,ml,6,186,0.08902,0.08,ci,ci37545564,2023-05-30T17:16:30.684Z,"27km ENE of Coso Junction, CA",earthquake,0.34,2.03,0.196,2,reviewed,ci,ci
2023-05-29T14:51:06.338Z,59.8385,-153.4256,130.4,2.1,ml,,,,0.6,ak,ak0236unpq0n,2023-06-01T21:34:15.146Z,"38 km E of Pedro Bay, Alaska",earthquake,,0.4,,,reviewed,ak,ak
2023-05-29T14:50:12.110Z,38.8348351,-122.7908325,1.66,0.69,md,8,84,0.003589,0.01,nc,nc73891350,2023-05-29T15:24:14.753Z,"6km WNW of Cobb, CA",earthquake,0.48,1.38,0.54,8,automatic,nc,nc
2023-05-29T14:50:11.460Z,19.74,-155.137,25.29,2.68,ml,56,125,,0.11,hv,hv73428567,2023-06-03T05:38:07.200Z,"4 km W of Wainaku, Hawaii",earthquake,0.28,0.67,0.149804593443408,33,reviewed,hv,hv
2023-05-29T14:39:50.610Z,52.5703,-169.1726,46.51,2.7,ml,12,250,0.399,0.7,us,us7000k5ls,2023-06-03T15:34:01.040Z,"46 km SSW of Nikolski, Alaska",earthquake,7.41,15.24,0.115,10,reviewed,us,us
2023-05-29T14:25:36.000Z,58.1871666666667,-155.276666666667,1.91,-0.11,ml,9,89,,0.07,av,av91774977,2023-05-30T23:46:23.080Z,"84 km NW of Karluk, Alaska",earthquake,0.19,0.46,0.333247107724009,9,reviewed,av,av
2023-05-29T14:23:56.290Z,58.1893333333333,-155.3055,2.08,0.31,ml,10,97,,0.07,av,av91105233,2023-05-30T23:33:37.400Z,"85 km NW of Karluk, Alaska",earthquake,0.23,0.45,0.308208580812217,10,reviewed,av,av
2023-05-29T14:23:51.350Z,58.1853333333333,-155.305833333333,0.91,-0.44,ml,5,154,,0.04,av,av91774972,2023-05-30T23:30:59.380Z,"85 km NW of Karluk, Alaska",earthquake,0.23,0.85,0.405078414268168,5,reviewed,av,av
2023-05-29T14:07:51.000Z,58.1871666666667,-155.3085,2.33,0.06,ml,9,99,,0.07,av,av91774962,2023-05-30T23:25:41.860Z,"Alaska Peninsula",earthquake,0.2,0.34,0.258862799509111,10,reviewed,av,av
2023-05-29T14:02:09.210Z,34.4176667,-119.9608333,9.21,1.56,ml,21,101,0.09777,0.19,ci,ci40236815,2023-06-05T15:25:13.059Z,"9km W of Isla Vista, CA",earthquake,0.31,0.84,0.225,15,reviewed,ci,ci
2023-05-29T13:59:37.260Z,45.0871666666667,-112.952166666667,6.64,1.23,ml,15,149,0.2697,0.15,mb,mb90016143,2023-05-30T13:48:25.130Z,"28 km WSW of Dillon, Montana",earthquake,0.63,5.57,0.163241560029024,11,reviewed,mb,mb
2023-05-29T13:52:52.089Z,-7.6392,128.669,85.381,4.6,mb,47,48,3.331,0.68,us,us7000k4s8,2023-06-05T16:36:58.040Z,"208 km ENE of Lospalos, Timor Leste",earthquake,8.15,6.865,0.094,34,reviewed,us,us
2023-05-29T13:47:34.446Z,53.1591,-167.3651,51.3,1.7,ml,,,,0.26,ak,ak0236un3hso,2023-06-05T19:48:24.912Z,"96 km SW of Unalaska, Alaska",earthquake,,4.7,,,reviewed,ak,ak
2023-05-29T13:47:09.140Z,51.1531,-179.8369,13.4,2.1,ml,,,,0.46,ak,ak0236un3gtb,2023-06-01T21:34:14.781Z,"236 km WSW of Adak, Alaska",earthquake,,0.9,,,reviewed,ak,ak
2023-05-29T13:46:06.160Z,35.7685,-117.5776667,9.83,0.54,ml,10,138,0.1574,0.1,ci,ci40236807,2023-06-01T23:16:30.166Z,"16km W of Searles Valley, CA",earthquake,0.31,0.75,0.081,5,reviewed,ci,ci
2023-05-29T13:44:18.780Z,34.1363333,-117.4236667,6.26,0.4,ml,9,205,0.03875,0.07,ci,ci40236799,2023-06-02T22:20:40.712Z,"5km NE of Fontana, CA",earthquake,0.45,0.34,0.138,5,reviewed,ci,ci
2023-05-29T13:41:46.460Z,19.405,-155.294166666667,1.71,0.32,md,19,58,,0.08,hv,hv73428482,2023-05-30T23:04:34.070Z,"7 km WSW of Volcano, Hawaii",earthquake,0.16,0.15,0.138201421432118,3,reviewed,hv,hv
2023-05-29T13:40:01.580Z,37.2701667,-117.5828333,5.93,2.67,ml,16,169,0.06258,0.18,ci,ci40236791,2023-06-13T20:14:33.524Z,"64km E of Big Pine, CA",earthquake,0.67,0.47,0.137,40,reviewed,ci,ci
2023-05-29T13:35:50.786Z,51.6552,178.906,71.691,3.9,mb,43,168,0.366,0.5,us,us7000k4tl,2023-06-06T16:00:19.040Z,"",earthquake,7.77,3.661,0.073,49,reviewed,us,us
2023-05-29T13:32:34.880Z,46.17883333333333,-123.17966666666666,24.95,1.02,ml,12,99,0.09749,0.17,uw,uw61920137,2023-05-31T21:28:05.900Z,"8 km NNE of Clatskanie, Oregon",earthquake,0.45,0.77,0.1520192565958393,7,reviewed,uw,uw
2023-05-29T13:23:10.102Z,58.1708,-155.3026,1.8,1.7,ml,,,,0.76,ak,ak0236umyapw,2023-06-05T19:48:23.868Z,"Alaska Peninsula",earthquake,,0.3,,,reviewed,ak,ak
2023-05-29T13:20:57.080Z,58.1848333333333,-155.31,2.19,-0.28,ml,8,101,,0.08,av,av91774927,2023-05-30T23:13:51.230Z,"85 km NW of Karluk, Alaska",earthquake,0.23,0.4,0.276454368040686,8,reviewed,av,av
2023-05-29T13:20:34.753Z,59.1182,-145.4012,29.7,2.2,ml,,,,0.69,ak,ak0236umxpz8,2023-06-05T19:48:23.586Z,"Gulf of Alaska",earthquake,,1.3,,,reviewed,ak,ak
2023-05-29T13:19:23.932Z,-6.1237,130.6335,146.223,4.3,mb,16,122,1.749,0.78,us,us7000k6fg,2023-06-05T16:26:02.040Z,"240 km WSW of Tual, Indonesia",earthquake,11.22,9.933,0.216,6,reviewed,us,us
2023-05-29T13:11:29.595Z,38.3609,-118.749,6.9,1.2,ml,12,94.17,0.221,0.277,nn,nn00860545,2023-05-31T02:44:43.329Z,"21 km SSW of Hawthorne, Nevada",earthquake,,3,0.23,7,reviewed,nn,nn
2023-05-29T13:10:03.510Z,38.7955017,-122.7621689,3.03,0.75,md,7,167,0.005464,0.01,nc,nc73891335,2023-05-29T13:28:13.188Z,"2km NNW of The Geysers, CA",earthquake,0.73,2.13,0.04,8,automatic,nc,nc
2023-05-29T13:05:47.200Z,35.8048333,-117.6411667,7.94,1.19,ml,23,63,0.1006,0.17,ci,ci40236751,2023-06-01T23:04:01.470Z,"21km N of Ridgecrest, CA",earthquake,0.24,0.93,0.199,16,reviewed,ci,ci
2023-05-29T13:04:51.239Z,53.5498,-167.4867,13.3,1.9,ml,,,,0.77,ak,ak0236umub90,2023-06-01T21:34:13.943Z,"72 km WSW of Unalaska, Alaska",earthquake,,1.3,,,reviewed,ak,ak
2023-05-29T13:03:59.050Z,38.1829,-117.8164,8.1,1.6,ml,7,105.14,0.134,0.1369,nn,nn00860473,2023-05-31T21:40:52.929Z,"34 km SE of Mina, Nevada",earthquake,,2.3,0.36,5,reviewed,nn,nn
2023-05-29T13:01:15.303Z,63.2161,-151.7837,9.5,1,ml,,,,0.74,ak,ak0236umtlca,2023-06-01T21:34:17.122Z,"36 km S of Denali National Park, Alaska",earthquake,,0.6,,,reviewed,ak,ak
2023-05-29T12:54:56.890Z,17.9338333333333,-66.961,16.92,2.58,md,10,223,0.08677,0.04,pr,pr71411673,2023-05-29T15:16:08.810Z,"7 km SW of Guánica, Puerto Rico",earthquake,0.67,0.32,0.118028633373323,9,reviewed,pr,pr
2023-05-29T12:53:41.928Z,59.7973,-152.453,77.9,1.3,ml,,,,0.42,ak,ak0236umjbqd,2023-06-01T21:34:13.753Z,"34 km W of Anchor Point, Alaska",earthquake,,1.1,,,reviewed,ak,ak
2023-05-29T12:51:19.620Z,36.7478333,-121.4043333,12.73,1.45,md,36,66,0.03805,0.14,nc,nc73891330,2023-06-01T01:19:11.376Z,"8km SSW of Ridgemark, CA",earthquake,0.28,0.44,0.312,30,reviewed,nc,nc
2023-05-29T12:51:05.290Z,35.7555,-117.6193333,14.28,0.77,ml,13,121,0.124,0.08,ci,ci40236735,2023-06-13T20:09:51.095Z,"16km NNE of Ridgecrest, CA",earthquake,0.24,0.63,0.125,7,reviewed,ci,ci
2023-05-29T12:49:43.100Z,38.8151665,-122.8190002,1.02,1.02,md,15,86,0.01014,0.02,nc,nc73891325,2023-05-29T13:56:14.241Z,"7km NW of The Geysers, CA",earthquake,0.25,0.56,0.19,15,automatic,nc,nc
2023-05-29T12:42:47.050Z,38.8063316,-122.8203354,2.52,0.86,md,12,80,0.007358,0.02,nc,nc73891320,2023-05-29T13:28:13.062Z,"6km WNW of The Geysers, CA",earthquake,0.31,0.8,0.12,14,automatic,nc,nc
2023-05-29T12:40:35.395Z,-2.7953,126.5605,10.065,4.2,mb,22,111,3.634,0.36,us,us7000k6fe,2023-06-09T07:02:16.040Z,"104 km SE of Sanana, Indonesia",earthquake,8.32,5.344,0.159,11,reviewed,us,us
2023-05-29T12:39:53.300Z,33.9806667,-116.7626667,17.07,0.62,ml,22,114,0.06601,0.12,ci,ci40236727,2023-06-02T22:04:31.530Z,"7km NNE of Cabazon, CA",earthquake,0.28,0.58,0.181,12,reviewed,ci,ci
2023-05-29T12:37:13.876Z,54.4827,-161.768,35,3.5,ml,40,211,0.586,0.73,us,us7000k4tk,2023-06-09T06:32:57.040Z,"Alaska Peninsula",earthquake,4.17,1.997,0.081,20,reviewed,us,us
2023-05-29T12:28:55.550Z,58.229,-155.152166666667,2.21,-0.33,ml,6,225,,0.08,av,av91774897,2023-05-30T23:05:28.610Z,"84 km NNW of Karluk, Alaska",earthquake,0.41,0.53,0.208136801071073,6,reviewed,av,av
2023-05-29T12:25:08.420Z,33.3363333,-116.197,10.76,0.57,ml,20,118,0.151,0.17,ci,ci40236719,2023-06-13T19:59:54.771Z,"17km SSW of Oasis, CA",earthquake,0.31,0.77,0.114,5,reviewed,ci,ci
2023-05-29T12:13:23.550Z,58.174,-155.280166666667,2.63,0.44,ml,14,64,,0.08,av,av91774892,2023-05-30T22:32:24.210Z,"",earthquake,0.19,0.35,0.28096620589047,13,reviewed,av,av
2023-05-29T12:00:27.280Z,52.2887,-166.7075,25.6,2.4,ml,,,,0.41,ak,ak0236um7yy0,2023-06-01T21:34:16.940Z,"162 km ESE of Nikolski, Alaska",earthquake,,0,,,reviewed,ak,ak
2023-05-29T11:58:31.650Z,58.2488333333333,-155.075,4.81,-0.35,ml,11,105,,0.19,av,av91774882,2023-05-30T22:27:43.060Z,"84 km NNW of Karluk, Alaska",earthquake,0.31,0.78,0.237052391299039,10,reviewed,av,av
2023-05-29T11:52:53.880Z,37.1508333,-121.5278333,8.42,1.1,md,20,40,0.06354,0.1,nc,nc73891315,2023-06-01T00:55:11.061Z,"10km NE of San Martin, CA",earthquake,0.28,0.64,0.093,15,reviewed,nc,nc
2023-05-29T11:50:48.440Z,19.1353340148926,-155.365005493164,29.8500003814697,1.73000002,md,41,186,,0.119999997,hv,hv73428342,2023-05-29T11:53:48.160Z,"14 km ESE of Pāhala, Hawaii",earthquake,0.64,0.829999983,1.75,4,automatic,hv,hv
2023-05-29T11:50:32.059Z,60.2962,-152.5919,85.3,1.6,ml,,,,0.48,ak,ak0236ulx9hd,2023-06-01T21:34:13.297Z,"58 km WNW of Ninilchik, Alaska",earthquake,,0.4,,,reviewed,ak,ak
2023-05-29T11:48:31.720Z,19.4061660766602,-155.306335449219,2.16000008583069,1.72,ml,21,68,,0.129999995,hv,hv73428337,2023-05-29T11:54:02.030Z,"",earthquake,0.23,0.230000004,0.28,3,automatic,hv,hv
2023-05-29T11:48:29.532Z,65.119,-165.1467,15.8,2.6,ml,,,,0.71,ak,ak0236ulwtum,2023-06-09T06:39:28.040Z,"59 km ESE of Teller, Alaska",earthquake,,0.5,,,reviewed,ak,ak
2023-05-29T11:48:08.860Z,19.1723333333333,-155.392666666667,31.64,1.43,md,21,217,,0.1,hv,hv73428332,2023-05-30T23:19:11.490Z,"Island of Hawaii, Hawaii",earthquake,0.9,0.65,0.0951190312662904,10,reviewed,hv,hv
2023-05-29T11:44:32.850Z,38.8378334,-122.8016663,2.13,1.1,md,19,65,0.008861,0.01,nc,nc73891310,2023-05-29T12:59:15.892Z,"7km WNW of Cobb, CA",earthquake,0.23,0.5,0.15,20,automatic,nc,nc
2023-05-29T11:43:06.594Z,52.5745,-169.7293,30.647,3.9,ml,16,208,0.213,0.47,us,us7000k5lp,2023-06-09T06:35:28.040Z,"",earthquake,8.12,11.184,0.077,22,reviewed,us,us
2023-05-29T11:40:42.340Z,58.2531666666667,-155.093,3.11,-0.37,ml,6,127,,0.05,av,av91774862,2023-05-30T22:22:50.340Z,"85 km NNW of Karluk, Alaska",earthquake,0.6,1.49,0.19244166296864,6,reviewed,av,av
2023-05-29T11:31:39.390Z,58.2565,-155.1285,3.78,-0.07,ml,9,100,,0.2,av,av91774847,2023-05-30T22:17:19.080Z,"86 km NNW of Karluk, Alaska",earthquake,0.41,0.81,0.204294328576215,10,reviewed,av,av
2023-05-29T11:30:47.240Z,58.2515,-155.101,2.45,-0.66,ml,6,119,,0.1,av,av91774842,2023-05-30T22:15:44.460Z,"85 km NNW of Karluk, Alaska",earthquake,0.28,0.53,0.164731294631957,6,reviewed,av,av
2023-05-29T11:24:19.757Z,37.2744,-117.5891,7,1.2,ml,10,124.7,0.062,0.2004,nn,nn00860471,2023-05-29T14:33:40.641Z,"",earthquake,,2.8,0.7,7,reviewed,nn,nn
2023-05-29T11:14:25.551Z,63.0869,-150.748,105,1.5,ml,,,,0.51,ak,ak0236ulpj6y,2023-06-05T19:48:24.526Z,"65 km N of Petersville, Alaska",earthquake,,0.8,,,reviewed,ak,ak
2023-05-29T11:05:12.442Z,58.2129,-155.3222,0.3,1.4,ml,,,,0.65,ak,ak0236ulnksd,2023-06-05T19:48:22.862Z,"88 km NW of Karluk, Alaska",earthquake,,0.3,,,reviewed,ak,ak
2023-05-29T11:01:44.140Z,38.7948341,-122.7695007,2.4,0.92,md,10,99,0.009589,0.01,nc,nc73891300,2023-05-29T11:13:10.377Z,"2km NNW of The Geysers, CA",earthquake,0.38,0.81,0.17,10,automatic,nc,nc
2023-05-29T11:01:38.799Z,-23.4235,171.5351,25.508,4.3,mb,16,128,3.852,0.51,us,us7000k6fd,2023-06-09T06:53:13.040Z,"",earthquake,9.61,6.794,0.178,9,reviewed,us,us
2023-05-29T10:59:31.092Z,59.7286,-152.3796,79.8,1.4,ml,,,,0.37,ak,ak0236uldqsb,2023-06-01T21:34:12.690Z,"31 km W of Anchor Point, Alaska",earthquake,,0.6,,,reviewed,ak,ak
2023-05-29T10:51:49.070Z,33.4743333,-116.8718333,10.9,0.28,ml,22,62,0.0339,0.12,ci,ci40236679,2023-06-02T21:46:29.224Z,"4km N of Aguanga, CA",earthquake,0.21,0.38,0.065,12,reviewed,ci,ci
2023-05-29T10:44:52.980Z,37.4781667,-118.8395,5.38,2.02,md,21,170,0.112,0.05,nc,nc73891295,2023-05-29T22:51:12.854Z,"17km WSW of Toms Place, CA",earthquake,0.51,1.27,0.178,21,reviewed,nc,nc
2023-05-29T10:42:27.347Z,61.7446,-150.8291,60.3,1.1,ml,,,,0.3,ak,ak0236ula1zt,2023-06-01T21:34:12.497Z,"27 km NW of Susitna, Alaska",earthquake,,1.2,,,reviewed,ak,ak
2023-05-29T10:37:06.430Z,37.4925,-118.8343333,5.96,1.04,md,16,253,0.09744,0.03,nc,nc73891290,2023-05-29T22:09:13.601Z,"16km WSW of Toms Place, CA",earthquake,0.97,0.87,0.122,14,reviewed,nc,nc
2023-05-29T10:36:19.670Z,38.7886658,-122.7689972,2.53,1.05,md,15,102,0.01397,0.03,nc,nc73891285,2023-05-29T11:08:11.201Z,"2km NW of The Geysers, CA",earthquake,0.29,0.59,0.11,18,automatic,nc,nc
2023-05-29T10:34:00.970Z,19.1753330230713,-155.491165161133,31.6499996185303,1.99,ml,50,87,,0.100000001,hv,hv73428247,2023-05-29T10:39:33.250Z,"3 km SSW of Pāhala, Hawaii",earthquake,0.51,0.74000001,4,5,automatic,hv,hv
2023-05-29T10:31:35.300Z,38.8395004,-122.8111649,1.91,0.72,md,11,92,0.0161,0.01,nc,nc73891280,2023-05-29T11:39:13.396Z,"8km WNW of Cobb, CA",earthquake,0.37,0.85,0.15,11,automatic,nc,nc
2023-05-29T10:31:14.210Z,38.8149986,-122.8270035,2.14,0.76,md,10,82,0.006353,0.01,nc,nc73891275,2023-05-29T11:13:10.229Z,"7km NW of The Geysers, CA",earthquake,0.38,0.76,0.22,11,automatic,nc,nc
2023-05-29T10:14:18.606Z,31.4941366,-104.0368025,6.697143555000001,2.1,ml,20,67,0.04340717761,0.1,tx,tx2023kles,2023-05-30T10:51:42.388Z,"30 km NW of Toyah, Texas",earthquake,1.008661794,1.259008604,0.1,25,reviewed,tx,tx
2023-05-29T10:13:22.910Z,58.257,-155.130666666667,32.09,0.43,ml,13,93,,0.15,av,av91774802,2023-05-30T19:42:54.330Z,"",earthquake,0.63,0.73,0.345301758749118,12,reviewed,av,av
2023-05-29T10:13:07.520Z,58.2746666666667,-155.1335,34.16,-0.06,ml,8,100,,0.32,av,av91105218,2023-05-30T19:50:02.840Z,"88 km NNW of Karluk, Alaska",earthquake,1.73,1.87,0.331712962317592,7,reviewed,av,av
2023-05-29T10:07:49.242Z,58.2085,-155.0956,3,1,ml,,,,0.35,ak,ak0236ul2ng5,2023-06-05T19:48:22.676Z,"80 km NNW of Karluk, Alaska",earthquake,,0.4,,,reviewed,ak,ak
2023-05-29T10:05:00.457Z,-14.9714,166.8843,53.424,5.2,mww,43,42,6.076,0.87,us,us7000k4rv,2023-05-29T19:27:40.679Z,"21 km WNW of Port-Olry, Vanuatu",earthquake,7.12,7.965,0.098,10,reviewed,us,us
2023-05-29T10:02:52.705Z,62.6898,-150.4511,0,1.5,ml,,,,0.8,ak,ak0236ul1l3z,2023-06-01T21:34:12.105Z,"26 km NE of Petersville, Alaska",earthquake,,0.2,,,reviewed,ak,ak
2023-05-29T09:44:52.905Z,59.8645,-141.6733,10,1.7,ml,,,,0.89,ak,ak0236ukp5tt,2023-06-05T19:48:22.450Z,"115 km WNW of Yakutat, Alaska",earthquake,,0.3,,,reviewed,ak,ak
2023-05-29T09:38:13.160Z,19.0231,-68.2491,56,3.86,md,20,267,0.5261,0.77,pr,pr2023149001,2023-05-29T15:55:13.484Z,"51 km NNE of Punta Cana, Dominican Republic",earthquake,4.87,7.81,0.21,16,reviewed,pr,pr
2023-05-29T09:37:54.470Z,37.5526667,-113.0618333,6.4,1.7,ml,17,86,0.04728,0.13,uu,uu60541126,2023-05-30T14:18:43.720Z,"10 km E of Kanarraville, Utah",earthquake,0.39,0.81,0.135,7,reviewed,uu,uu
2023-05-29T09:36:02.380Z,19.0801,-68.3638,60,3.9,md,22,279,0.5665,0.96,pr,pr2023149000,2023-05-29T11:58:56.326Z,"Dominican Republic region",earthquake,7.2,10.54,0.07,15,reviewed,pr,pr
2023-05-29T09:34:36.557Z,64.7106,-149.5532,16.4,1.6,ml,,,,1.01,ak,ak0236ukmz6q,2023-06-01T21:34:11.682Z,"23 km WNW of Four Mile Road, Alaska",earthquake,,0.2,,,reviewed,ak,ak
2023-05-29T09:29:26.593Z,61.1634,-151.7786,78,1.3,ml,,,,0.45,ak,ak0236uklvub,2023-06-01T21:34:16.183Z,"Southern Alaska",earthquake,,0.5,,,reviewed,ak,ak
2023-05-29T09:28:20.477Z,61.4836,-149.9694,37.1,1.1,ml,,,,0.49,ak,ak0236uklnnj,2023-06-01T21:34:16.400Z,"4 km S of Big Lake, Alaska",earthquake,,2,,,reviewed,ak,ak
2023-05-29T09:27:42.040Z,58.1856666666667,-155.307666666667,1.53,-0.74,ml,5,154,,0.05,av,av91774782,2023-05-30T19:30:58.610Z,"Alaska Peninsula",earthquake,0.25,0.69,0.261656905073081,5,reviewed,av,av
2023-05-29T09:27:00.480Z,35.238,-98.06366667,6.98,1.39,ml,42,68,0.0224955856,0.39,ok,ok2023klde,2023-05-30T15:38:53.026Z,"Oklahoma",earthquake,,0.7,0.14,5,reviewed,ok,ok
2023-05-29T09:22:32.364Z,-37.2587,78.0145,10,4.8,mb,35,48,0.643,0.9,us,us7000k6fc,2023-06-12T09:01:02.040Z,"Mid-Indian Ridge",earthquake,8.36,1.841,0.111,25,reviewed,us,us
2023-05-29T09:20:24.501Z,60.9674,-151.1242,50.1,1.3,ml,,,,0.67,ak,ak0236ukjy60,2023-06-01T21:34:11.484Z,"11 km S of Tyonek, Alaska",earthquake,,1,,,reviewed,ak,ak
2023-05-29T09:18:45.500Z,58.1706666666667,-155.368166666667,2.19,0.19,ml,9,130,,0.07,av,av91774767,2023-05-30T19:28:43.890Z,"86 km NW of Karluk, Alaska",earthquake,0.21,0.43,0.186538484298397,9,reviewed,av,av
2023-05-29T09:17:35.382Z,59.5238,-152.7636,85.4,1.7,ml,,,,0.51,ak,ak0236ukjbwj,2023-06-01T21:34:11.248Z,"51 km WNW of Nanwalek, Alaska",earthquake,,0.3,,,reviewed,ak,ak
2023-05-29T09:12:14.490Z,47.5345,-122.76233333333333,23.77,1.24,ml,26,64,0.05177,0.22,uw,uw61920127,2023-05-31T21:21:38.270Z,"4 km WNW of Gorst, Washington",earthquake,0.38,0.66,0.19824817688255636,11,reviewed,uw,uw
2023-05-29T09:05:12.530Z,38.7803333,-122.7263333,0.89,1.16,md,34,78,0.03227,0.05,nc,nc73891270,2023-06-01T00:36:12.892Z,"3km E of The Geysers, CA",earthquake,0.19,0.37,0.199,33,reviewed,nc,nc
2023-05-29T09:03:55.610Z,58.1688333333333,-155.366666666667,2.28,0.01,ml,9,130,,0.04,av,av91774752,2023-05-30T19:22:00.220Z,"85 km NW of Karluk, Alaska",earthquake,0.23,0.45,0.162513121353324,9,reviewed,av,av
2023-05-29T09:03:43.670Z,58.1663333333333,-155.3635,0.68,-0.63,ml,7,132,,0.05,av,av91105213,2023-05-30T19:25:57.220Z,"85 km NW of Karluk, Alaska",earthquake,0.2,1.53,0.177062079745049,7,reviewed,av,av
2023-05-29T08:58:53.360Z,38.7818333,-122.7573333,1.32,1.22,md,34,69,0.0129,0.05,nc,nc73891265,2023-05-31T22:10:13.053Z,"0km N of The Geysers, CA",earthquake,0.18,0.25,0.178,32,reviewed,nc,nc
2023-05-29T08:57:47.756Z,61.4475,-149.7659,54.8,1.2,ml,,,,0.4,ak,ak0236uk6hwh,2023-06-05T19:48:24.315Z,"2 km WSW of Knik, Alaska",earthquake,,0.7,,,reviewed,ak,ak
2023-05-29T08:54:41.230Z,17.9345,-67.0921666666667,11.48,1.4,md,4,269,0.05736,0.06,pr,pr71411633,2023-05-29T09:25:20.760Z,"6 km SW of La Parguera, Puerto Rico",earthquake,0.92,0.62,0.0110834010116434,3,reviewed,pr,pr
2023-05-29T08:45:06.720Z,38.821167,-122.796669,2.46,0.74,md,18,39,0.0107,0.03,nc,nc73891260,2023-05-29T09:03:12.434Z,"6km NW of The Geysers, CA",earthquake,0.27,0.65,0.28,18,automatic,nc,nc
2023-05-29T08:43:42.575Z,60.6481,-147.6774,4.8,1.3,ml,,,,0.79,ak,ak0236uk3hht,2023-06-01T21:34:15.803Z,"56 km ESE of Whittier, Alaska",earthquake,,0.5,,,reviewed,ak,ak
2023-05-29T08:43:39.247Z,65.2419,-152.2606,17.9,1,ml,,,,0.72,ak,ak0236uk3h7w,2023-06-01T21:34:11.066Z,"11 km NW of Tanana, Alaska",earthquake,,0.3,,,reviewed,ak,ak
2023-05-29T08:43:27.100Z,48.42966666666667,-122.37,11.4,0.9400000000000001,ml,9,68,0.04549,0.37,uw,uw61920122,2023-05-31T21:03:52.890Z,"2 km WNW of Mount Vernon, Washington",earthquake,1.21,2.09,0.1922955749798575,6,reviewed,uw,uw
2023-05-29T08:41:14.515Z,-23.3728,-177.1159,151.177,4.7,mb,43,59,2.819,0.73,us,us7000k4ri,2023-06-02T16:39:14.040Z,"south of the Fiji Islands",earthquake,10.6,7.305,0.084,43,reviewed,us,us
2023-05-29T08:37:46.139Z,37.2935,-117.5669,1.6,0.9,ml,8,228.37,0.088,0.1877,nn,nn00860469,2023-05-29T14:30:29.913Z,"51 km S of Silver Peak, Nevada",earthquake,,9.2,0.79,5,reviewed,nn,nn
2023-05-29T08:36:43.780Z,38.8308334,-122.8008347,2,0.75,md,11,55,0.01036,0.01,nc,nc73891255,2023-05-29T09:50:12.720Z,"7km W of Cobb, CA",earthquake,0.38,1.05,0.12,11,automatic,nc,nc
2023-05-29T08:31:54.317Z,51.3195,-177.6214,35,3,ml,10,222,0.578,0.57,us,us7000k5ln,2023-06-02T15:39:48.040Z,"92 km SW of Adak, Alaska",earthquake,3.97,2.012,0.081,20,reviewed,us,us
2023-05-29T08:31:46.070Z,40.6716667,-121.8896667,15.4,2.64,md,36,69,0.05325,0.15,nc,nc73891250,2023-05-31T08:30:31.040Z,"15km SSE of Round Mountain, CA",earthquake,0.24,0.48,0.162,49,reviewed,nc,nc
2023-05-29T08:30:31.935Z,61.9165,-150.0974,5.5,1.1,ml,,,,0.77,ak,ak0236uk0nkj,2023-06-01T21:34:10.674Z,"19 km N of Willow, Alaska",earthquake,,0.8,,,reviewed,ak,ak
2023-05-29T08:26:27.907Z,62.0974,-148.8157,20.1,1.4,ml,,,,0.82,ak,ak0236ujzt4a,2023-06-01T21:34:10.450Z,"35 km N of Sutton-Alpine, Alaska",earthquake,,0.7,,,reviewed,ak,ak
2023-05-29T08:22:53.753Z,63.4506,-147.4728,6,1.4,ml,,,,0.95,ak,ak0236ujz0bv,2023-06-01T21:34:10.211Z,"Central Alaska",earthquake,,0.2,,,reviewed,ak,ak
2023-05-29T08:20:36.833Z,39.7223,-119.505,14.6,0.1,ml,3,229.82,0.331,0.0314,nn,nn00860542,2023-05-31T02:41:33.352Z,"17 km SW of Nixon, Nevada",earthquake,,13.2,0.23,2,reviewed,nn,nn
2023-05-29T08:19:47.079Z,36.60083333,-99.2255,6,1.04,ml,24,154,0.08548322528,0.12,ok,ok2023klay,2023-05-30T17:35:20.025Z,"Oklahoma",earthquake,,0.4,0.23,5,reviewed,ok,ok
2023-05-29T08:12:31.837Z,63.4477,-147.4612,8.5,1.5,ml,,,,0.98,ak,ak0236ujwtgf,2023-06-01T21:34:09.980Z,"74 km E of Cantwell, Alaska",earthquake,,0.2,,,reviewed,ak,ak
2023-05-29T08:10:41.260Z,38.8286667,-122.8528366,2.15,0.19,md,8,119,0.01673,0.01,nc,nc73891245,2023-05-29T09:08:13.461Z,"10km NW of The Geysers, CA",earthquake,0.44,1.21,0.09,8,automatic,nc,nc
2023-05-29T08:07:27.710Z,38.7878342,-122.7676697,2.1,1,md,11,106,0.01421,0.02,nc,nc73891240,2023-05-29T08:42:11.328Z,"2km NW of The Geysers, CA",earthquake,0.38,0.57,0.25,13,automatic,nc,nc
2023-05-29T08:06:46.298Z,58.2534,-155.1472,2.8,1,ml,,,,0.5,ak,ak0236ujvkau,2023-06-05T19:48:22.249Z,"86 km NNW of Karluk, Alaska",earthquake,,0.3,,,reviewed,ak,ak
2023-05-29T07:58:50.880Z,19.4546666666667,-155.609,11.28,1.69,md,39,44,,0.14,hv,hv73428017,2023-05-31T00:24:51.572Z,"",earthquake,0.31,0.2,0.198280787627463,10,reviewed,hv,hv
2023-05-29T07:55:47.180Z,58.1915,-155.289833333333,2.67,0.19,ml,12,54,,0.07,av,av91774717,2023-05-30T18:56:45.510Z,"85 km NW of Karluk, Alaska",earthquake,0.2,0.36,0.234032367754321,12,reviewed,av,av
2023-05-29T07:55:10.993Z,63.2206,-150.4223,122.6,1.6,ml,,,,0.52,ak,ak0236ujkk2l,2023-06-02T00:28:18.834Z,"74 km ESE of Denali National Park, Alaska",earthquake,,0.5,,,reviewed,ak,ak
2023-05-29T07:46:04.801Z,65.3282,-161.6384,2.9,1.4,ml,,,,0.59,ak,ak0236ujim4g,2023-06-02T00:28:20.945Z,"49 km NNW of Koyuk, Alaska",earthquake,,1.3,,,reviewed,ak,ak
2023-05-29T07:29:49.430Z,58.2725,-155.004333333333,2.84,0.34,ml,14,126,,0.12,av,av91774702,2023-06-02T00:27:21.736Z,"84 km NNW of Karluk, Alaska",earthquake,0.23,0.57,0.34200120353691,15,reviewed,av,av
2023-05-29T07:26:37.940Z,61.9813,-150.8174,62.6,1.6,ml,,,,0.43,ak,ak0236ujeec9,2023-06-02T00:28:18.617Z,"30 km E of Skwentna, Alaska",earthquake,,0.4,,,reviewed,ak,ak
2023-05-29T07:26:30.470Z,33.6268333,-116.7335,14.65,0.47,ml,21,76,0.04177,0.17,ci,ci40236663,2023-05-30T13:35:40.989Z,"10km NW of Anza, CA",earthquake,0.34,0.58,0.298,10,reviewed,ci,ci
2023-05-29T07:25:53.050Z,33.6273333,-116.7403333,14.79,0.51,ml,18,80,0.03898,0.13,ci,ci40236655,2023-05-30T13:35:52.098Z,"10km NW of Anza, CA",earthquake,0.36,0.62,0.439,8,reviewed,ci,ci
2023-05-29T07:24:21.010Z,58.1778333333333,-155.334833333333,2.02,0.27,ml,11,112,,0.08,av,av91774677,2023-06-02T00:27:19.357Z,"85 km NW of Karluk, Alaska",earthquake,0.19,0.38,0.264426992202673,11,reviewed,av,av
2023-05-29T07:22:11.590Z,33.5318333,-116.6838333,9.14,0.95,ml,49,30,0.05581,0.13,ci,ci40236647,2023-06-02T20:44:05.710Z,"3km SSW of Anza, CA",earthquake,0.12,0.28,0.21,22,reviewed,ci,ci
2023-05-29T07:16:41.910Z,35.742,-117.5618333,11.25,0.92,ml,17,83,0.1361,0.15,ci,ci40236639,2023-06-01T23:10:38.555Z,"14km W of Searles Valley, CA",earthquake,0.29,0.55,0.143,11,reviewed,ci,ci
2023-05-29T07:00:33.827Z,61.5758,-149.91,44,1.1,ml,,,,0.56,ak,ak0236uj8tfa,2023-06-02T00:28:20.764Z,"6 km NNE of Big Lake, Alaska",earthquake,,1.9,,,reviewed,ak,ak
2023-05-29T06:57:52.971Z,31.74043255,-104.2503114,7.314135742,2.7,ml,20,67,0.0159145215,0.2,tx,tx2023kkyg,2023-05-29T09:58:30.040Z,"49 km SSE of Whites City, New Mexico",earthquake,0.9312348428,0.7404102622,0.1,15,reviewed,tx,tx
2023-05-29T06:55:52.446Z,61.8709,-150.2167,44.3,2.1,ml,,,,0.53,ak,ak0236uiz7lu,2023-06-02T00:28:18.326Z,"16 km NW of Willow, Alaska",earthquake,,0.4,,,reviewed,ak,ak
2023-05-29T06:44:47.278Z,-8.1973,158.3513,142.804,4.5,mb,24,102,2.002,0.7,us,us7000k4r2,2023-06-02T16:27:01.040Z,"136 km W of Buala, Solomon Islands",earthquake,12.41,8.966,0.122,20,reviewed,us,us
2023-05-29T06:44:17.060Z,38.815834,-122.8336639,2.51,0.71,md,8,118,0.007349,0.01,nc,nc73891235,2023-05-29T07:54:14.058Z,"8km WNW of The Geysers, CA",earthquake,0.76,1.51,0.28,9,automatic,nc,nc
2023-05-29T06:42:15.726Z,61.0507,-149.8829,37.1,1.6,ml,,,,0.43,ak,ak0236uiwce8,2023-06-02T00:28:18.101Z,"18 km S of Anchorage, Alaska",earthquake,,0.6,,,reviewed,ak,ak
2023-05-29T06:38:26.380Z,44.3338333333333,-115.178333333333,7.83,1.8,ml,14,69,0.8026,0.24,mb,mb90016138,2023-05-29T13:25:15.320Z,"southern Idaho",earthquake,0.61,1.27,0.194460973112617,15,reviewed,mb,mb
2023-05-29T06:32:29.990Z,35.6368333,-117.5848333,9.04,1.27,ml,23,86,0.06392,0.16,ci,ci40236631,2023-06-02T19:23:20.922Z,"8km ENE of Ridgecrest, CA",earthquake,0.25,0.56,0.12,10,reviewed,ci,ci
2023-05-29T06:32:08.300Z,41.4921667,-111.7003333,9.49,1.86,ml,11,103,0.1082,0.08,uu,uu60541121,2023-05-30T16:24:44.920Z,"10 km ESE of Avon, Utah",earthquake,0.35,0.89,0.052,4,reviewed,uu,uu
2023-05-29T06:29:37.360Z,38.7868347,-122.7671661,2.2,1.04,md,16,107,0.01495,0.03,nc,nc73891230,2023-05-29T07:35:11.933Z,"1km NW of The Geysers, CA",earthquake,0.32,0.44,0.27,15,automatic,nc,nc
2023-05-29T06:22:44.655Z,36.683,-116.1097,2.1,0,ml,9,175.27,0.016,0.0416,nn,nn00860468,2023-05-29T14:24:17.802Z,"California-Nevada border region",earthquake,,1.3,0.18,4,reviewed,nn,nn
2023-05-29T06:19:10.940Z,37.2789,-117.582,5.8,1,ml,11,124.98,0.069,0.1759,nn,nn00860465,2023-05-29T14:21:09.720Z,"California-Nevada border region",earthquake,,2.9,1,6,reviewed,nn,nn
2023-05-29T06:14:28.830Z,33.991,-116.9716667,17.89,1.32,ml,53,42,0.06983,0.17,ci,ci40236623,2023-06-02T19:13:42.668Z,"7km N of Beaumont, CA",earthquake,0.19,0.44,0.116,24,reviewed,ci,ci
2023-05-29T06:11:07.746Z,61.9139,-150.0895,15,1,ml,,,,0.6,ak,ak0236uipoom,2023-06-02T00:28:20.577Z,"18 km N of Willow, Alaska",earthquake,,1.1,,,reviewed,ak,ak
2023-05-29T06:10:46.930Z,36.7561667,-121.2845,8.99,0.93,md,18,152,0.0548,0.17,nc,nc73891225,2023-05-29T18:22:17.871Z,"5km SE of Tres Pinos, CA",earthquake,0.56,0.85,0.231,15,reviewed,nc,nc
2023-05-29T05:54:39.270Z,36.8283333,-121.405,8.83,1.14,md,32,78,0.02278,0.09,nc,nc73891220,2023-05-31T10:15:12.914Z,"2km SSW of Hollister, CA",earthquake,0.23,0.37,0.283,26,reviewed,nc,nc
2023-05-29T05:52:04.610Z,34.3561667,-116.9248333,6.27,0.83,ml,21,123,0.08097,0.13,ci,ci40236615,2023-06-13T19:54:12.670Z,"10km SSE of Lucerne Valley, CA",earthquake,0.25,0.5,0.105,11,reviewed,ci,ci
2023-05-29T05:51:53.350Z,45.3685,-121.8335,3,0.74,ml,6,216,0.0643,0.06,uw,uw61920102,2023-06-03T05:01:24.920Z,"9 km NW of Government Camp, Oregon",earthquake,0.48,1.97,0.03404918354622816,4,reviewed,uw,uw
2023-05-29T05:42:58.180Z,44.7365,-111.0191667,10.72,0.32,md,7,176,0.02464,0.05,uu,uu60541116,2023-05-30T16:25:49.220Z,"10 km NE of West Yellowstone, Montana",earthquake,0.84,0.93,0.096,5,reviewed,uu,uu
2023-05-29T05:42:43.511Z,62.5521,-150.1329,14.7,1.4,ml,,,,0.74,ak,ak0236uiaz17,2023-06-02T00:28:17.909Z,"11 km N of Chase, Alaska",earthquake,,0.2,,,reviewed,ak,ak
2023-05-29T05:36:50.970Z,65.4113,-153.3771,12.9,0.9,ml,,,,0.85,ak,ak0236ui9pb4,2023-06-02T00:28:17.733Z,"66 km WNW of Tanana, Alaska",earthquake,,0.3,,,reviewed,ak,ak
2023-05-29T05:36:39.140Z,33.2368333,-116.0961667,8.57,1.3,ml,54,47,0.1008,0.21,ci,ci40236607,2023-06-02T15:44:30.780Z,"11km NNE of Ocotillo Wells, CA",earthquake,0.18,0.73,0.173,21,reviewed,ci,ci
2023-05-29T05:28:58.909Z,60.3805,-140.4483,2.7,1.7,ml,,,,0.84,ak,ak0236ui806q,2023-06-02T00:28:17.540Z,"101 km NNW of Yakutat, Alaska",earthquake,,0.4,,,reviewed,ak,ak
2023-05-29T05:28:05.860Z,34.2555,-116.8731667,8.35,0.91,ml,44,49,0.03999,0.15,ci,ci40236599,2023-06-02T14:24:41.929Z,"3km WSW of Big Bear City, CA",earthquake,0.19,0.32,0.146,31,reviewed,ci,ci
2023-05-29T05:26:22.190Z,58.2518333333333,-155.097,6.21,-0.31,ml,13,95,,0.26,av,av91774652,2023-05-30T17:20:04.320Z,"85 km NNW of Karluk, Alaska",earthquake,0.72,1.12,0.223861017806109,13,reviewed,av,av
2023-05-29T05:18:46.190Z,38.8250008,-122.8498306,2.16,1.17,md,22,60,0.006059,0.01,nc,nc73891210,2023-05-29T06:00:10.343Z,"10km WNW of The Geysers, CA",earthquake,0.21,0.41,0.14,21,automatic,nc,nc
2023-05-29T05:18:35.020Z,35.6446667,-118.3166667,7.43,1.29,ml,27,67,0.05792,0.13,ci,ci40236591,2023-06-01T18:03:54.494Z,"14km ESE of Wofford Heights, CA",earthquake,0.18,0.44,0.187,15,reviewed,ci,ci
2023-05-29T05:15:30.220Z,58.2508333333333,-155.165333333333,3.03,-0.44,ml,8,77,,0.25,av,av91774647,2023-05-30T17:15:47.920Z,"86 km NNW of Karluk, Alaska",earthquake,0.49,1.52,0.158877085416657,8,reviewed,av,av
2023-05-29T05:09:22.880Z,19.3395,-155.3055,3.63,2.1,ml,36,50,,0.1,hv,hv73427812,2023-05-29T05:27:21.615Z,"13 km SSW of Volcano, Hawaii",earthquake,0.27,0.59,0.0950034194702463,11,reviewed,hv,hv
2023-05-29T05:00:10.090Z,34.037,-116.7718333,13.33,0.98,ml,38,59,0.02991,0.15,ci,ci40236583,2023-06-01T17:50:53.566Z,"13km N of Cabazon, CA",earthquake,0.19,0.37,0.131,29,reviewed,ci,ci
2023-05-29T04:59:06.730Z,45.36483333333334,-121.81716666666667,6.02,0.9500000000000001,ml,8,199,0.05385,0.08,uw,uw61920087,2023-05-31T20:51:27.580Z,"8 km NW of Government Camp, Oregon",earthquake,0.42,0.39,0.1434444293503756,5,reviewed,uw,uw
2023-05-29T04:58:50.990Z,33.9558333,-116.9576667,10.21,0.49,ml,17,115,0.1386,0.12,ci,ci40236575,2023-06-01T17:19:15.146Z,"3km NNE of Beaumont, CA",earthquake,0.23,0.82,0.175,13,reviewed,ci,ci
2023-05-29T04:58:34.133Z,-23.4089,171.0158,10,4.4,mb,16,129,3.383,0.46,us,us7000k6f8,2023-06-13T03:47:49.040Z,"southeast of the Loyalty Islands",earthquake,8.59,1.871,0.241,5,reviewed,us,us
2023-05-29T04:58:11.350Z,19.386,-155.2755,1.73,2.42,ml,43,58,,0.11,hv,hv73427792,2023-05-31T00:37:40.740Z,"Island of Hawaii, Hawaii",earthquake,0.18,0.15,0.217839202906194,24,reviewed,hv,hv
2023-05-29T04:57:33.602Z,-7.9935,-74.5543,154.032,5.1,mww,264,51,1.851,0.71,us,us7000k4qj,2023-06-22T02:24:18.771Z,"42 km N of Pucallpa, Peru",earthquake,6.8,4.574,0.089,12,reviewed,us,us
2023-05-29T04:53:31.720Z,32.9473333,-116.2201667,11.92,1.1,ml,49,59,0.07034,0.2,ci,ci40236567,2023-06-01T17:07:25.759Z,"23km SSW of Ocotillo Wells, CA",earthquake,0.23,0.75,0.131,24,reviewed,ci,ci
2023-05-29T04:50:55.240Z,58.1736666666667,-155.311833333333,1.22,-0.23,ml,7,108,,0.06,av,av91774632,2023-05-30T16:52:22.200Z,"84 km NW of Karluk, Alaska",earthquake,0.2,1.03,0.299095526469901,7,reviewed,av,av
2023-05-29T04:50:21.884Z,58.7348,-154.9905,128.1,1.6,ml,,,,0.4,ak,ak0236uhr7ho,2023-06-02T00:28:20.380Z,"79 km S of Kokhanok, Alaska",earthquake,,1.1,,,reviewed,ak,ak
2023-05-29T04:43:41.757Z,59.4194,-144.6917,4.3,1.9,ml,,,,0.5,ak,ak0236uhpr0f,2023-06-02T00:28:20.174Z,"138 km SSE of Cordova, Alaska",earthquake,,0.8,,,reviewed,ak,ak
2023-05-29T04:41:38.004Z,61.5342,-149.8632,51.2,1.5,ml,,,,0.42,ak,ak0236uhpba0,2023-06-02T00:28:17.344Z,"Southern Alaska",earthquake,,0.7,,,reviewed,ak,ak
2023-05-29T04:40:20.761Z,62.19,-141.8961,0.2,1.9,ml,,,,0.93,ak,ak0236uhp282,2023-06-02T00:28:17.144Z,"61 km ESE of Nabesna, Alaska",earthquake,,0.5,,,reviewed,ak,ak
2023-05-29T04:31:14.507Z,63.5397,-147.3641,6.7,2.3,ml,,,,0.83,ak,ak0236uhn4b1,2023-06-02T00:31:21.652Z,"79 km ESE of Denali Park, Alaska",earthquake,,0.3,,,reviewed,ak,ak
2023-05-29T04:29:59.780Z,38.7935,-122.7573333,3.85,0.48,md,13,126,0.007353,0.02,nc,nc73891205,2023-05-31T21:27:13.814Z,"2km N of The Geysers, CA",earthquake,0.33,0.5,0.243,13,reviewed,nc,nc
2023-05-29T04:12:48.661Z,68.1255,-161.8535,5.3,1.7,ml,,,,0.66,ak,ak0236uhj4ci,2023-06-02T00:28:19.996Z,"43 km E of Red Dog Mine, Alaska",earthquake,,0.9,,,reviewed,ak,ak
2023-05-29T04:10:39.280Z,33.6333333,-116.7405,15.1,0.2,ml,16,85,0.04417,0.12,ci,ci40236551,2023-06-01T16:00:22.434Z,"11km NW of Anza, CA",earthquake,0.31,0.57,0.201,10,reviewed,ci,ci
2023-05-29T04:10:20.620Z,33.6261667,-116.7371667,13.84,0.86,ml,17,80,0.03943,0.12,ci,ci40236543,2023-05-30T13:37:51.173Z,"10km NW of Anza, CA",earthquake,0.29,0.69,0.326,14,reviewed,ci,ci
2023-05-29T03:51:58.210Z,33.5915,-116.605,13.53,0.62,ml,25,57,0.01004,0.12,ci,ci40236535,2023-05-30T13:38:12.291Z,"8km ENE of Anza, CA",earthquake,0.22,0.36,0.118,17,reviewed,ci,ci
2023-05-29T03:40:47.920Z,60.0246666666667,-153.0755,-1.77,-0.49,ml,5,98,,0.08,av,av91774602,2023-05-30T01:51:00.850Z,"",earthquake,0.29,4.17,0.26146206558682,5,reviewed,av,av
2023-05-29T03:40:21.400Z,33.6263333,-116.7218333,15.87,1.64,ml,55,29,0.048,0.18,ci,ci40236527,2023-05-30T13:38:24.190Z,"9km NNW of Anza, CA",earthquake,0.2,0.35,0.3,26,reviewed,ci,ci
2023-05-29T03:32:23.800Z,19.3845,-155.283166666667,1.58,0.97,md,14,85,,0.07,hv,hv73427702,2023-05-31T00:54:32.450Z,"8 km SW of Volcano, Hawaii",earthquake,0.44,0.18,0.104995234243213,6,reviewed,hv,hv
2023-05-29T03:30:16.330Z,33.3213333,-116.8478333,14.2,0.78,ml,32,43,0.0345,0.14,ci,ci40236511,2023-06-01T15:39:37.643Z,"4km SSE of Palomar Observatory, CA",earthquake,0.24,0.58,0.125,21,reviewed,ci,ci
2023-05-29T03:29:33.890Z,58.1776666666667,-155.301833333333,2.43,0.19,ml,11,101,,0.09,av,av91774592,2023-06-02T00:27:00.186Z,"84 km NW of Karluk, Alaska",earthquake,0.25,0.44,0.298117909678527,11,reviewed,av,av
2023-05-29T03:25:03.507Z,55.5799,-158.622,11.3,2.8,ml,,,,0.61,ak,ak0236uh0dga,2023-06-21T18:59:50.040Z,"49 km SE of Perryville, Alaska",earthquake,,1,,,reviewed,ak,ak
2023-05-29T03:06:06.418Z,64.9817,-147.4022,0,2,ml,,,,0.48,ak,ak0236ugwb73,2023-06-02T00:28:16.494Z,"10 km ENE of Fox, Alaska",explosion,,0,,,reviewed,ak,ak
2023-05-29T03:04:13.920Z,36.6831667,-121.3151667,2.99,1.66,md,40,129,0.03496,0.08,nc,nc73891185,2023-05-31T22:05:15.025Z,"12km S of Tres Pinos, CA",earthquake,0.22,0.38,0.191,40,reviewed,nc,nc
2023-05-29T03:03:27.020Z,38.8089981,-122.8180008,1.74,0.95,md,19,60,0.008734,0.02,nc,nc73891180,2023-05-29T04:24:10.794Z,"6km WNW of The Geysers, CA",earthquake,0.21,0.5,0.19,20,automatic,nc,nc
2023-05-29T03:00:16.240Z,54.2633,-159.761,10,3.4,mb,41,207,1.165,0.76,us,us7000k4tf,2023-06-03T19:47:39.040Z,"128 km SSE of Sand Point, Alaska",earthquake,3.65,1.999,0.345,2,reviewed,us,us
2023-05-29T02:58:08.829Z,14.4998,56.3603,10,4.5,mb,64,101,10.393,0.39,us,us7000k4q5,2023-06-21T18:56:40.040Z,"Owen Fracture Zone region",earthquake,11.77,1.908,0.079,47,reviewed,us,us
2023-05-29T02:41:26.215Z,-24.1784,-66.9261,200.58,4,mb,24,89,1.677,0.62,us,us7000k4q1,2023-06-21T18:39:28.040Z,"61 km W of San Antonio de los Cobres, Argentina",earthquake,10.21,12.775,0.196,7,reviewed,us,us
2023-05-29T02:33:31.526Z,26.7698,92.4436,10,4.9,mb,143,80,3.145,0.64,us,us7000k4q0,2023-06-21T18:22:23.489Z,"8 km NNW of Dhekiajuli, India",earthquake,8.07,0.854,0.051,122,reviewed,us,us
2023-05-29T02:28:00.673Z,53.535,-163.4189,35,3.1,ml,26,226,1.205,0.47,us,us7000k5mz,2023-06-03T19:38:00.040Z,"146 km S of False Pass, Alaska",earthquake,3.34,1.979,0.128,8,reviewed,us,us
2023-05-29T02:25:34.820Z,46.596333333333334,-121.55633333333333,6.19,0.76,ml,17,224,0.1061,0.11,uw,uw61920047,2023-05-31T20:49:01.830Z,"8 km E of Packwood, Washington",earthquake,0.48,1.14,0.15221245692661223,8,reviewed,uw,uw
2023-05-29T02:20:21.160Z,38.8403333,-122.84,1.88,1.2,md,29,86,0.003931,0.02,nc,nc73891165,2023-05-31T23:26:12.491Z,"10km NW of The Geysers, CA",earthquake,0.19,0.32,0.168,27,reviewed,nc,nc
2023-05-29T02:19:46.380Z,38.8191681,-122.8221664,1.6,0.69,md,6,83,0.01035,0.01,nc,nc73891160,2023-05-29T02:36:14.195Z,"7km NW of The Geysers, CA",earthquake,0.67,1.75,0.31,8,automatic,nc,nc
2023-05-29T02:18:17.682Z,13.407,94.1485,10,4.6,mb,73,70,4.928,0.41,us,us7000k4px,2023-06-21T03:53:08.040Z,"244 km NE of Bamboo Flat, India",earthquake,7.46,1.733,0.075,52,reviewed,us,us
2023-05-29T02:09:32.052Z,37.305,-117.5768,1.9,1.2,ml,10,215.21,0.091,0.1463,nn,nn00860464,2023-05-31T02:35:21.094Z,"50 km S of Silver Peak, Nevada",earthquake,,9.6,0.81,5,reviewed,nn,nn
2023-05-29T02:05:09.519Z,58.1649,-155.3854,3.8,1,ml,,,,0.37,ak,ak0236ugao5e,2023-06-02T00:28:15.882Z,"86 km NW of Karluk, Alaska",earthquake,,0.2,,,reviewed,ak,ak
2023-05-29T02:03:12.510Z,38.7888336,-122.746666,1.46,0.87,md,11,124,0.01557,0.02,nc,nc73891155,2023-05-29T02:20:14.108Z,"2km NNE of The Geysers, CA",earthquake,0.33,0.77,0.14,12,automatic,nc,nc
2023-05-29T02:00:35.015Z,59.5862,-152.9316,98,1.7,ml,,,,0.37,ak,ak0236ug9ng0,2023-06-02T00:28:15.648Z,"62 km WNW of Nanwalek, Alaska",earthquake,,0.3,,,reviewed,ak,ak
2023-05-29T01:55:17.731Z,61.3424,-150.6045,65.3,1.3,ml,,,,0.39,ak,ak0236ufzyxp,2023-06-02T00:28:19.802Z,"22 km SSW of Susitna, Alaska",earthquake,,0.6,,,reviewed,ak,ak
2023-05-29T01:42:42.380Z,58.1746666666667,-155.3275,1.13,-0.06,ml,6,112,,0.08,av,av91105208,2023-05-30T01:30:57.280Z,"85 km NW of Karluk, Alaska",earthquake,0.23,1.14,0.22450871701423,6,reviewed,av,av
2023-05-29T01:42:33.360Z,58.1828333333333,-155.3165,2.24,-0.03,ml,10,103,,0.09,av,av91774522,2023-05-30T01:28:09.300Z,"85 km NW of Karluk, Alaska",earthquake,0.23,0.4,0.372893483554006,10,reviewed,av,av
2023-05-29T01:40:45.650Z,58.1828333333333,-155.314833333333,2.2,0.48,ml,11,103,,0.08,av,av91774517,2023-06-02T00:26:48.269Z,"Alaska Peninsula",earthquake,0.19,0.35,0.351683542374643,11,reviewed,av,av
2023-05-29T01:34:36.720Z,38.8048325,-122.7801666,2.83,1.07,md,19,65,0.008424,0.02,nc,nc73891150,2023-05-29T01:49:09.931Z,"4km NW of The Geysers, CA",earthquake,0.25,0.48,0.05,20,automatic,nc,nc
2023-05-29T01:34:16.600Z,33.7095,-116.7631667,15.92,0.71,ml,30,67,0.04088,0.2,ci,ci40236495,2023-05-30T17:07:34.596Z,"5km SW of Idyllwild, CA",earthquake,0.29,0.47,0.154,15,reviewed,ci,ci
2023-05-29T01:33:14.894Z,52.7641,159.2036,78.542,4.1,mb,31,119,0.424,0.47,us,us7000k6f6,2023-06-13T03:26:11.040Z,"51 km SE of Petropavlovsk-Kamchatsky, Russia",earthquake,9.96,2.991,0.131,16,reviewed,us,us
2023-05-29T01:26:34.820Z,33.5155,-116.445,9.25,0.65,ml,20,124,0.01795,0.17,ci,ci40236487,2023-06-01T15:20:05.060Z,"21km SW of La Quinta, CA",earthquake,0.33,0.68,0.122,14,reviewed,ci,ci
2023-05-29T01:22:39.970Z,33.3845,-116.8988333,13.57,1.71,ml,55,25,0.0432,0.22,ci,ci40236479,2023-05-30T13:39:31.070Z,"4km NW of Palomar Observatory, CA",earthquake,0.21,0.52,0.194,26,reviewed,ci,ci
2023-05-29T01:21:26.497Z,60.4078,-152.2042,83.7,1.7,ml,,,,0.44,ak,ak0236ufsp92,2023-06-02T00:28:15.404Z,"Southern Alaska",earthquake,,0.3,,,reviewed,ak,ak
2023-05-29T01:20:14.851Z,57.8009,-157.4877,166.4,2.2,ml,,,,0.45,ak,ak0236ufsgnh,2023-06-03T19:34:11.040Z,"27 km NNE of Pilot Point, Alaska",earthquake,,1,,,reviewed,ak,ak
2023-05-29T01:19:57.900Z,38.8146667,-122.8271637,1.5,1.12,md,23,52,0.006,0.02,nc,nc73891145,2023-05-29T03:41:17.537Z,"7km NW of The Geysers, CA",earthquake,0.18,0.33,0.19,23,automatic,nc,nc
2023-05-29T01:17:22.110Z,36.5681667,-121.0723333,9.69,1.53,md,35,97,0.02832,0.15,nc,nc73891140,2023-05-31T21:37:13.022Z,"8km ENE of Pinnacles, CA",earthquake,0.33,0.36,0.166,32,reviewed,nc,nc
2023-05-29T01:15:39.124Z,28.31817627,-98.93072151,4.230672201,2,ml,11,95,0.4616353309,0.3,tx,tx2023kkmz,2023-05-31T18:50:00.363Z,"20 km SW of Fowlerton, Texas",earthquake,3.335746983,3.20010604,0,7,reviewed,tx,tx
2023-05-29T01:07:50.487Z,61.5084,-141.5536,3.1,1.4,ml,,,,0.62,ak,ak0236ufpr38,2023-06-02T00:28:15.207Z,"73 km E of McCarthy, Alaska",earthquake,,0.6,,,reviewed,ak,ak
2023-05-29T01:06:35.110Z,38.8135,-122.7815,1.34,0.15,md,9,114,0.0006807,0.01,nc,nc73891135,2023-05-31T06:29:12.458Z,"5km NNW of The Geysers, CA",earthquake,0.63,0.64,0.401,9,reviewed,nc,nc
2023-05-29T01:04:41.480Z,58.245,-155.083,3.7,0.46,ml,14,98,,0.08,av,av91774487,2023-06-02T00:26:45.777Z,"84 km NNW of Karluk, Alaska",earthquake,0.23,0.4,0.237861186695434,15,reviewed,av,av
2023-05-29T01:02:33.580Z,58.2588333333333,-155.0825,4.74,0.5,ml,16,103,,0.19,av,av91774472,2023-05-30T01:07:30.590Z,"Alaska Peninsula",earthquake,0.28,0.46,0.230066512591425,17,reviewed,av,av
2023-05-29T00:54:19.763Z,-22.6697,170.9192,35,4.5,mb,23,132,3.209,0.82,us,us7000k6f5,2023-06-13T02:07:49.040Z,"southeast of the Loyalty Islands",earthquake,9.96,1.633,0.157,12,reviewed,us,us
2023-05-29T00:53:32.040Z,19.4134998321533,-155.327331542969,2.5,1.8,ml,34,63,,0.300000012,hv,hv73427562,2023-05-29T00:59:15.780Z,"10 km WSW of Volcano, Hawaii",earthquake,0.41,0.699999988,0.3,8,automatic,hv,hv
2023-05-29T00:51:01.600Z,38.833,-122.82,1.39,0.46,md,17,58,0.01233,0.03,nc,nc73891120,2023-05-31T22:53:15.307Z,"8km NW of The Geysers, CA",earthquake,0.25,0.55,0.107,14,reviewed,nc,nc
2023-05-29T00:50:52.550Z,38.8311667,-122.8165,1.67,1.59,md,36,47,0.009242,0.03,nc,nc73891115,2023-05-31T22:57:11.327Z,"8km NW of The Geysers, CA",earthquake,0.13,0.23,0.176,34,reviewed,nc,nc
2023-05-29T00:47:31.830Z,19.1388339996338,-155.476837158203,32.2999992370605,2.27,ml,53,164,,0.109999999,hv,hv73427547,2023-05-29T04:00:57.040Z,"7 km S of Pāhala, Hawaii",earthquake,0.49,0.629999995,2.47,25,automatic,hv,hv
2023-05-29T00:43:33.600Z,35.8678333,-117.689,9.29,1.47,ml,24,120,0.08544,0.13,ci,ci40236439,2023-06-01T14:55:53.809Z,"21km ESE of Little Lake, CA",earthquake,0.2,0.49,0.23,12,reviewed,ci,ci
2023-05-29T00:41:33.830Z,38.8344994,-122.8188324,1.26,0.69,md,9,142,0.01303,0.02,nc,nc73891095,2023-05-29T01:00:14.647Z,"8km NW of The Geysers, CA",earthquake,0.48,0.65,0.11,9,automatic,nc,nc
2023-05-29T00:37:21.960Z,58.2126666666667,-155.197333333333,3.94,-0.28,ml,10,76,,0.13,av,av91774452,2023-05-30T01:02:57.770Z,"84 km NNW of Karluk, Alaska",earthquake,0.28,0.81,0.194514497013704,10,reviewed,av,av
2023-05-29T00:36:02.783Z,57.2649,-154.8526,43.2,2,ml,,,,0.27,ak,ak0236ufafns,2023-06-02T00:28:14.993Z,"41 km SW of Karluk, Alaska",earthquake,,0.7,,,reviewed,ak,ak
2023-05-29T00:35:57.089Z,31.54182633,-104.1714345,7.211303711,1.9,ml,26,74,0.0533417932,0.3,tx,tx2023kklq,2023-05-31T14:09:35.078Z,"43 km NW of Toyah, Texas",earthquake,1.156751323,1.19101014,0.2,19,reviewed,tx,tx
2023-05-29T00:34:58.250Z,58.1946666666667,-155.2855,2.4,0.53,ml,10,140,,0.06,av,av91774442,2023-06-02T00:26:40.939Z,"85 km NW of Karluk, Alaska",earthquake,0.21,0.34,0.370645461839172,11,reviewed,av,av
2023-05-29T00:33:58.017Z,60.9208,-149.7402,35.5,1.3,ml,,,,0.41,ak,ak0236uf9wop,2023-06-02T00:28:19.416Z,"5 km W of Hope, Alaska",earthquake,,0.5,,,reviewed,ak,ak
2023-05-29T00:32:02.630Z,58.2386666666667,-154.9305,4.67,0.43,ml,13,155,,0.15,av,av91774437,2023-05-30T00:55:49.410Z,"79 km NNW of Karluk, Alaska",earthquake,0.53,0.81,0.00787080335652451,2,reviewed,av,av
2023-05-29T00:31:27.790Z,33.5891667,-116.6116667,14.03,0.24,ml,17,57,0.01587,0.11,ci,ci40236431,2023-05-30T17:01:23.823Z,"7km ENE of Anza, CA",earthquake,0.3,0.42,0.074,3,reviewed,ci,ci
2023-05-29T00:31:10.420Z,37.005,-121.4556667,4.35,2.06,md,64,47,0.03078,0.14,nc,nc73891090,2023-05-31T20:10:13.310Z,"10km E of Gilroy, CA",earthquake,0.18,0.49,0.121,61,reviewed,nc,nc
2023-05-29T00:29:33.449Z,-17.6016,-178.7071,549.691,4.1,mb,30,76,3.092,0.52,us,us7000k6f4,2023-06-13T01:35:57.040Z,"215 km ENE of Levuka, Fiji",earthquake,13.9,7.251,0.139,14,reviewed,us,us
2023-05-29T00:28:46.631Z,61.4273,-151.4384,69.4,1.9,ml,,,,0.47,ak,ak0236uf8t7i,2023-06-02T00:28:14.732Z,"Southern Alaska",earthquake,,0.3,,,reviewed,ak,ak
2023-05-29T00:27:04.710Z,38.81,-122.8261667,1.94,0.36,md,17,51,0.00261,0.03,nc,nc73891125,2023-05-31T05:19:12.039Z,"7km WNW of The Geysers, CA",earthquake,0.25,0.28,0.415,17,reviewed,nc,nc
2023-05-29T00:26:37.432Z,65.6415,-154.7648,11.2,0.9,ml,,,,0.63,ak,ak0236uf8d33,2023-06-02T00:28:19.239Z,"51 km SSW of Hughes, Alaska",earthquake,,0.5,,,reviewed,ak,ak
2023-05-29T00:25:59.200Z,33.4431667,-116.6353333,3.91,0.59,ml,25,99,0.05838,0.21,ci,ci40236423,2023-05-30T13:39:00.132Z,"13km SSE of Anza, CA",earthquake,0.29,0.65,0.107,17,reviewed,ci,ci
2023-05-29T00:24:58.190Z,38.8248333,-122.793,1.46,0.37,md,20,60,0.01341,0.03,nc,nc73891085,2023-05-31T17:16:14.287Z,"6km W of Cobb, CA",earthquake,0.2,0.4,0.427,19,reviewed,nc,nc
2023-05-29T00:15:24.486Z,59.3654,-152.7747,78.4,1.9,ml,,,,0.38,ak,ak0236uf5z6y,2023-06-02T00:28:14.479Z,"48 km W of Nanwalek, Alaska",earthquake,,0.3,,,reviewed,ak,ak
2023-05-29T00:14:59.990Z,34.5083333,-118.7675,11.34,0.83,ml,11,97,0.112,0.19,ci,ci40236407,2023-06-01T14:41:18.229Z,"11km NNE of Piru, CA",earthquake,0.46,0.94,0.055,6,reviewed,ci,ci
2023-05-29T00:12:08.510Z,38.8306667,-122.8168333,1.75,1.29,md,32,47,0.008978,0.03,nc,nc73891075,2023-05-31T17:51:13.493Z,"8km NW of The Geysers, CA",earthquake,0.13,0.24,0.117,29,reviewed,nc,nc
2023-05-29T00:09:23.524Z,51.4993,-177.225,39.6,1.7,ml,,,,0.31,ak,ak0236uf4ou8,2023-06-02T00:28:19.062Z,"58 km SW of Adak, Alaska",earthquake,,1.3,,,reviewed,ak,ak
2023-05-29T00:04:38.588Z,64.7569,-147.3232,7.4,1.1,ml,,,,0.64,ak,ak0236uf3nfi,2023-06-02T00:28:14.289Z,"1 km ENE of North Pole, Alaska",earthquake,,0.2,,,reviewed,ak,ak
2023-05-29T00:02:53.027Z,7.0417,-76.1407,70.346,4.3,mb,21,118,2.835,0.35,us,us7000k4pl,2023-05-29T03:54:42.040Z,"",earthquake,8.04,12.321,0.178,9,reviewed,us,us
2023-05-28T23:46:23.299Z,63.7552,-148.4072,86.8,1.2,ml,,,,0.52,ak,ak0236t5i8ou,2023-06-05T16:37:47.152Z,"25 km E of Denali Park, Alaska",earthquake,,0.6,,,reviewed,ak,ak
2023-05-28T23:42:23.932Z,62.1608,-150.5743,7.9,1.3,ml,,,,0.67,ak,ak0236t5hdwt,2023-06-05T16:37:46.918Z,"24 km SW of Trapper Creek, Alaska",earthquake,,0.2,,,reviewed,ak,ak
2023-05-28T23:31:39.050Z,35.0363333,-117.674,0.26,1.35,ml,17,59,0.1033,0.13,ci,ci40236391,2023-05-30T20:09:28.828Z,"5km NNW of Boron, CA",quarry blast,0.34,31.61,0.108,14,reviewed,ci,ci
2023-05-28T23:30:18.339Z,59.4593,-153.1995,6.9,1.7,ml,,,,0.82,ak,ak0236t5esvn,2023-06-05T16:37:46.667Z,"62 km SE of Pedro Bay, Alaska",earthquake,,0.1,,,reviewed,ak,ak
2023-05-28T23:29:54.926Z,54.9543,-160.0505,23.6,2.1,ml,,,,0.5,ak,ak0236t5eo04,2023-06-05T16:37:50.296Z,"51 km SE of Sand Point, Alaska",earthquake,,0.5,,,reviewed,ak,ak
2023-05-28T23:26:17.138Z,59.955,-152.8882,102.7,1.5,ml,,,,0.28,ak,ak0236t5dxwv,2023-06-05T16:37:46.426Z,"62 km WNW of Anchor Point, Alaska",earthquake,,0.3,,,reviewed,ak,ak
2023-05-28T23:23:18.390Z,38.8209991,-122.8093338,3.02,0.68,md,12,65,0.002461,0.02,nc,nc73891055,2023-05-29T00:18:09.384Z,"7km NW of The Geysers, CA",earthquake,0.38,1.19,0.42,14,automatic,nc,nc
2023-05-28T23:20:56.040Z,33.1846667,-115.6193333,2.75,1.26,ml,10,108,0.003117,0.13,ci,ci40236383,2023-06-13T19:48:04.476Z,"11km WSW of Niland, CA",earthquake,0.55,0.27,0.072,5,reviewed,ci,ci
2023-05-28T23:16:40.485Z,60.906,-149.7262,26.6,2.2,ml,,,,0.64,ak,ak0236t5bui1,2023-06-05T16:37:46.091Z,"4 km WSW of Hope, Alaska",earthquake,,0.4,,,reviewed,ak,ak
2023-05-28T23:09:59.640Z,38.794,-122.757,3.2,0.45,md,15,111,0.006946,0.02,nc,nc73891050,2023-05-31T18:54:46.664Z,"2km N of The Geysers, CA",earthquake,0.35,0.57,0.24,14,reviewed,nc,nc
2023-05-28T23:09:08.978Z,37.305,-117.5706,1.1,1.2,ml,6,239.95,0.094,0.1361,nn,nn00860460,2023-05-29T15:44:55.258Z,"50 km S of Silver Peak, Nevada",earthquake,,16.9,0.9,5,reviewed,nn,nn
2023-05-28T23:07:58.739Z,59.9878,-153.0738,122.3,2,ml,,,,0.47,ak,ak0236t59yi9,2023-06-05T16:37:45.821Z,"61 km ENE of Pedro Bay, Alaska",earthquake,,0.3,,,reviewed,ak,ak
2023-05-28T22:58:33.315Z,35.6496,140.8783,35,4.6,mb,20,136,2.338,0.57,us,us7000k5tm,2023-06-13T01:13:34.040Z,"near the east coast of Honshu, Japan",earthquake,5.82,1.944,0.193,8,reviewed,us,us
2023-05-28T22:53:52.483Z,60.6781,-152.1323,84,1.6,ml,,,,0.62,ak,ak0236t4ydan,2023-06-05T16:37:45.586Z,"45 km W of Salamatof, Alaska",earthquake,,0.5,,,reviewed,ak,ak
2023-05-28T22:53:03.611Z,58.1865,-155.3127,1.5,0.9,ml,,,,0.5,ak,ak0236t4y9np,2023-06-05T16:37:45.375Z,"85 km NW of Karluk, Alaska",earthquake,,0.2,,,reviewed,ak,ak
2023-05-28T22:51:34.930Z,38.8178333,-122.8248333,2.46,-0.22,md,12,69,0.009574,0.02,nc,nc73891040,2023-05-31T04:12:59.552Z,"7km NW of The Geysers, CA",earthquake,0.47,0.55,0.157,12,reviewed,nc,nc
2023-05-28T22:50:35.110Z,19.3091,-68.3898,61,3.65,md,12,206,0.7952,0.62,pr,pr2023148011,2023-05-28T23:14:28.743Z,"Dominican Republic region",earthquake,4.019,8.119,0.09,5,reviewed,pr,pr
2023-05-28T22:49:21.455Z,65.4964,-149.031,4.6,0.6,ml,,,,0.69,ak,ak0236t4xg3s,2023-06-05T16:37:45.167Z,"22 km W of Livengood, Alaska",earthquake,,0.5,,,reviewed,ak,ak
2023-05-28T22:46:47.290Z,48.6135,-123.24633333333334,22.61,0.33,md,8,160,0.07967,0.24,uw,uw61920022,2023-05-30T04:26:07.520Z,"12 km E of Saanichton, Canada",earthquake,1.04,1.27,0.14311867823486413,7,reviewed,uw,uw
2023-05-28T22:31:15.890Z,19.6435,-65.7378333333333,69.44,3.44,md,8,287,1.367,0.43,pr,pr71411578,2023-05-28T23:03:16.850Z,"134 km N of Suárez, Puerto Rico",earthquake,7.22,19.06,0.0124033040180525,3,reviewed,pr,pr
2023-05-28T22:28:21.131Z,58.492,-152.9962,67.4,1.6,ml,,,,0.48,ak,ak0236t4sy2p,2023-06-05T16:37:50.083Z,"48 km N of Aleneva, Alaska",earthquake,,0.9,,,reviewed,ak,ak
2023-05-28T22:25:19.561Z,63.2498,-150.7163,131.6,1.3,ml,,,,0.34,ak,ak0236t4sat0,2023-06-05T16:37:49.885Z,"59 km ESE of Denali National Park, Alaska",earthquake,,1,,,reviewed,ak,ak
2023-05-28T22:21:25.000Z,19.4145,-155.2605,1.63,2.09,ml,35,84,,0.11,hv,hv73427372,2023-05-31T01:51:11.920Z,"4 km SW of Volcano, Hawaii",earthquake,0.15,0.15,0.139576176598703,16,reviewed,hv,hv
2023-05-28T22:16:37.880Z,33.2426667,-116.057,9.18,0.82,ml,29,59,0.07034,0.21,ci,ci40236359,2023-06-01T20:26:39.318Z,"11km WSW of Salton City, CA",earthquake,0.3,0.86,0.084,15,reviewed,ci,ci
2023-05-28T22:13:19.180Z,33.2378333,-116.0615,9.13,1.74,ml,63,51,0.07612,0.19,ci,ci40236351,2023-05-31T21:02:33.190Z,"12km SW of Salton City, CA",earthquake,0.15,0.55,0.134,65,reviewed,ci,ci
2023-05-28T22:07:02.770Z,61.9334,-150.0948,15.1,1.2,ml,,,,0.82,ak,ak0236t4oemd,2023-06-05T16:37:49.674Z,"20 km N of Willow, Alaska",earthquake,,0.7,,,reviewed,ak,ak
2023-05-28T22:05:45.123Z,60.9332,-149.7393,27.1,1.4,ml,,,,0.58,ak,ak0236t4o2d3,2023-06-05T16:37:44.916Z,"5 km WNW of Hope, Alaska",earthquake,,0.4,,,reviewed,ak,ak
2023-05-28T22:02:24.072Z,31.51535889,-104.0143396,7.057055663999999,1.9,ml,18,68,0.05672914935,0.1,tx,tx2023kkgo,2023-05-31T12:40:22.923Z,"",earthquake,0.8980871207,0.9066807426,0.1,18,reviewed,tx,tx
2023-05-28T22:00:22.250Z,46.8811666666667,-112.525333333333,10.84,0.33,ml,8,122,0.05178,0.05,mb,mb90016318,2023-05-30T19:39:42.430Z,"14 km SE of Lincoln, Montana",earthquake,0.34,0.52,0.283692160791359,2,reviewed,mb,mb
2023-05-28T21:53:51.525Z,60.9788,-147.7314,13,1.1,ml,,,,0.68,ak,ak0236t4cxps,2023-06-05T16:37:49.457Z,"56 km ENE of Whittier, Alaska",earthquake,,0.2,,,reviewed,ak,ak
2023-05-28T21:51:56.920Z,47.36183333333334,-122.67933333333333,27.71,1.28,ml,16,78,0.046,0.32,uw,uw61920002,2023-05-30T04:19:34.890Z,"3 km SW of Wauna, Washington",earthquake,0.77,0.96,0.17952632156273762,9,reviewed,uw,uw
2023-05-28T21:48:34.452Z,61.9419,-150.0291,10.7,1.3,ml,,,,0.9,ak,ak0236t4btth,2023-06-05T16:37:49.225Z,"21 km N of Willow, Alaska",earthquake,,0.4,,,reviewed,ak,ak
2023-05-28T21:44:32.523Z,58.1765,-155.3286,0.9,1,ml,,,,0.54,ak,ak0236t4ayoe,2023-06-05T16:37:44.725Z,"85 km NW of Karluk, Alaska",earthquake,,0.6,,,reviewed,ak,ak
2023-05-28T21:41:08.090Z,47.46516666666667,-122.58116666666666,51.61,1.41,ml,22,81,0.04323,0.16,uw,uw61919997,2023-05-30T22:07:19.370Z,"4 km SE of Bethel, Washington",earthquake,0.45,0.83,0.18430645493628417,13,reviewed,uw,uw
2023-05-28T21:32:26.855Z,36.1767,71.1854,101.206,4.1,mb,29,82,2.394,0.65,us,us7000k4p9,2023-06-12T21:56:39.040Z,"64 km SSW of Ashkāsham, Afghanistan",earthquake,5.36,9.219,0.184,8,reviewed,us,us
2023-05-28T21:31:42.564Z,61.2602,-150.5909,50.3,1.2,ml,,,,0.49,ak,ak0236t4879s,2023-06-05T16:37:49.016Z,"29 km ENE of Beluga, Alaska",earthquake,,0.6,,,reviewed,ak,ak
2023-05-28T21:18:49.100Z,58.2373333333333,-155.162833333333,4.41,0.32,ml,11,72,,0.13,av,av91774307,2023-06-05T16:36:31.870Z,"85 km NNW of Karluk, Alaska",earthquake,0.26,0.52,0.273633876360422,11,reviewed,av,av
2023-05-28T21:17:45.997Z,63.3037,-150.0256,98.5,1.3,ml,,,,0.46,ak,ak0236t457if,2023-06-05T16:37:48.802Z,"54 km W of Cantwell, Alaska",earthquake,,0.6,,,reviewed,ak,ak
2023-05-28T21:14:33.010Z,38.8358345,-122.8001633,1.34,0.6,md,8,114,0.008088,0,nc,nc73891030,2023-05-28T21:32:14.454Z,"7km WNW of Cobb, CA",earthquake,0.46,1.14,0.38,8,automatic,nc,nc
2023-05-28T21:12:56.320Z,3.1165,122.687,514.564,4.2,mb,31,94,5.225,0.75,us,us7000k5tl,2023-06-12T21:51:49.040Z,"Celebes Sea",earthquake,11.56,8.682,0.136,15,reviewed,us,us
2023-05-28T21:12:54.250Z,49.36,-120.499,-0.51,1.75,ml,7,215,0.5726,0.54,uw,uw61919987,2023-05-30T04:09:12.340Z,"10 km S of Princeton, Canada",explosion,2.85,31.61,0.07758744504504711,7,reviewed,uw,uw
2023-05-28T21:12:31.246Z,57.8618,-153.2429,37.8,2,ml,,,,0.66,ak,ak0236t443qn,2023-06-05T16:37:44.473Z,"21 km W of Port Lions, Alaska",earthquake,,0.9,,,reviewed,ak,ak
2023-05-28T21:09:25.916Z,61.5705,-150.9281,57.6,2,ml,,,,0.57,ak,ak0236t43g7x,2023-06-05T16:37:44.190Z,"22 km W of Susitna, Alaska",earthquake,,0.4,,,reviewed,ak,ak
2023-05-28T21:05:51.980Z,38.8171654,-122.8215027,2.15,1.07,md,22,56,0.01023,0.03,nc,nc73891020,2023-05-28T22:29:20.760Z,"7km NW of The Geysers, CA",earthquake,0.22,0.41,0.24,23,automatic,nc,nc
2023-05-28T21:05:27.344Z,-1.119,120.538,40.659,4.3,mb,21,127,3.948,0.33,us,us7000k5tp,2023-06-12T21:28:00.040Z,"38 km NW of Poso, Indonesia",earthquake,13.99,7.725,0.154,12,reviewed,us,us
2023-05-28T21:04:18.680Z,61.9101,-150.0914,10.6,1.3,ml,,,,0.79,ak,ak0236t42d30,2023-06-05T16:37:43.948Z,"18 km N of Willow, Alaska",earthquake,,0.2,,,reviewed,ak,ak
2023-05-28T21:00:29.940Z,19.6025,-65.32,33,3.67,md,12,289,1.2955,0.44,pr,pr2023148010,2023-05-29T03:07:38.040Z,"141 km NNE of Vieques, Puerto Rico",earthquake,3.01,27.97,0.06,5,reviewed,pr,pr
2023-05-28T21:00:27.810Z,33.7465,-116.8623333,11.36,0.58,ml,19,195,0.07835,0.1,ci,ci40236303,2023-05-31T20:48:09.398Z,"3km E of Valle Vista, CA",earthquake,0.43,0.49,0.152,7,reviewed,ci,ci
2023-05-28T20:56:05.395Z,60.7502,-139.6345,11.2,1.6,ml,,,,0.96,ak,ak0236t3s1s6,2023-06-05T16:37:43.732Z,"134 km N of Yakutat, Alaska",earthquake,,0.3,,,reviewed,ak,ak
2023-05-28T20:48:33.951Z,44.7585,-114.4031,10,2.6,ml,26,37,0.457,0.98,us,us7000k4p1,2023-05-29T20:26:45.040Z,"31 km NNW of Challis, Idaho",earthquake,2.27,1.988,0.048,58,reviewed,us,us
2023-05-28T20:47:11.630Z,18.9578,-65.434,21,3.69,md,20,225,0.6677,0.4,pr,pr2023148009,2023-05-29T20:06:19.040Z,"71 km NNE of Luquillo, Puerto Rico",earthquake,1.47,28.7,0.11,17,reviewed,pr,pr
2023-05-28T20:38:21.080Z,38.8361664,-122.7945023,2.23,1.1,md,18,62,0.003945,0.02,nc,nc73891015,2023-05-28T22:02:14.614Z,"6km WNW of Cobb, CA",earthquake,0.26,0.61,0.18,17,automatic,nc,nc
2023-05-28T20:37:48.410Z,19.4025,-68.3273,42,3.76,md,16,214,0.8682,0.54,pr,pr2023148008,2023-05-29T20:01:46.040Z,"88 km ENE of Miches, Dominican Republic",earthquake,3.01,10.04,0.07,9,reviewed,pr,pr
2023-05-28T20:34:22.320Z,33.9585,-117.1971667,12.13,0.82,ml,23,65,0.02311,0.15,ci,ci40236287,2023-05-31T20:44:28.868Z,"5km NE of Moreno Valley, CA",earthquake,0.24,0.59,0.145,6,reviewed,ci,ci
2023-05-28T20:27:23.960Z,18.0123333333333,-66.7713333333333,11.66,2.34,md,7,172,0.1092,0.21,pr,pr71411533,2023-05-28T20:41:42.460Z,"0 km SSW of Magas Arriba, Puerto Rico",earthquake,0.65,2.05,0.152336673093051,6,reviewed,pr,pr
2023-05-28T20:26:34.680Z,38.8173333,-122.822,2.3,1.22,md,34,44,0.01014,0.04,nc,nc73891010,2023-05-31T20:05:15.286Z,"7km NW of The Geysers, CA",earthquake,0.17,0.27,0.164,31,reviewed,nc,nc
2023-05-28T20:26:05.570Z,48.762166666666666,-121.79733333333333,4.47,1.62,ml,7,109,0.1207,0.24,uw,uw61919977,2023-05-30T21:59:36.440Z,"17 km SE of Glacier, Washington",earthquake,1.06,16.79,0.10971305109134799,7,reviewed,uw,uw
2023-05-28T20:17:49.898Z,29.8074,129.552,127.346,4.2,mb,38,92,1.865,0.63,us,us7000k5tj,2023-06-03T17:33:26.040Z,"98 km WSW of Kurio, Japan",earthquake,8.2,2.286,0.146,15,reviewed,us,us
2023-05-28T20:09:06.160Z,18.6525,-67.4371666666667,12.46,3.02,md,8,288,0.2696,0.28,pr,pr71411598,2023-05-28T23:28:52.150Z,"38 km NW of Aguadilla, Puerto Rico",earthquake,1.47,0.86,0.11149039559537,6,reviewed,pr,pr
2023-05-28T20:08:39.800Z,46.8921666666667,-112.537833333333,9.46,0.68,ml,7,126,0.06452,0.08,mb,mb90016313,2023-05-30T19:34:41.060Z,"12 km ESE of Lincoln, Montana",earthquake,0.42,0.82,0.156411064053256,3,reviewed,mb,mb
2023-05-28T19:59:40.126Z,54.3788,-161.9534,23.315,2.8,ml,14,234,0.632,0.84,us,us7000k6g8,2023-06-06T15:55:03.040Z,"79 km SSE of King Cove, Alaska",earthquake,5.06,13.62,0.148,6,reviewed,us,us
2023-05-28T19:57:12.984Z,-29.9975,-177.6248,38.446,4.3,mb,14,186,0.777,0.75,us,us7000k5ti,2023-06-03T17:25:13.040Z,"Kermadec Islands, New Zealand",earthquake,9.47,4.39,0.266,5,reviewed,us,us
2023-05-28T19:57:08.382Z,54.0908,-162.472,28.38,2.6,ml,11,230,0.887,0.87,us,us7000k6gb,2023-06-06T15:50:15.040Z,"104 km SE of False Pass, Alaska",earthquake,3.54,13.843,0.128,8,reviewed,us,us
2023-05-28T19:50:57.230Z,36.5943333,-121.289,5.75,1.12,md,28,116,0.02644,0.1,nc,nc73891000,2023-05-31T21:11:14.725Z,"15km WNW of Pinnacles, CA",earthquake,0.22,0.45,0.316,22,reviewed,nc,nc
2023-05-28T19:50:01.499Z,63.8339,-150.0856,7.1,0.9,ml,,,,0.71,ak,ak0236t35bj9,2023-06-05T16:37:43.294Z,"51 km WSW of Ferry, Alaska",earthquake,,0.3,,,reviewed,ak,ak
2023-05-28T19:46:53.553Z,-55.2912,-128.0888,10,4.5,mb,20,63,31.959,0.58,us,us7000k5th,2023-06-03T17:06:38.040Z,"Pacific-Antarctic Ridge",earthquake,10.71,1.75,0.191,9,reviewed,us,us
2023-05-28T19:36:04.456Z,63.2929,-150.4315,120.8,1.7,ml,,,,0.53,ak,ak0236t32btw,2023-06-05T16:37:43.018Z,"70 km ESE of Denali National Park, Alaska",earthquake,,0.5,,,reviewed,ak,ak
2023-05-28T19:34:24.930Z,33.4443333,-116.6395,4.42,0.44,ml,28,75,0.05912,0.13,ci,ci40236279,2023-05-31T20:39:04.870Z,"13km SSE of Anza, CA",earthquake,0.16,0.33,0.154,9,reviewed,ci,ci
2023-05-28T19:31:45.813Z,61.6702,-151.2549,76.3,1.3,ml,,,,0.31,ak,ak0236t31cb9,2023-06-05T16:37:48.381Z,"36 km SSE of Skwentna, Alaska",earthquake,,0.8,,,reviewed,ak,ak
2023-05-28T19:25:10.420Z,37.2946,-117.5845,5.8,1.1,ml,8,134.51,0.079,0.1095,nn,nn00860458,2023-05-29T15:44:54.309Z,"51 km S of Silver Peak, Nevada",earthquake,,3.8,1.08,5,reviewed,nn,nn
2023-05-28T19:14:55.920Z,38.7938347,-122.7655029,3.12,1.06,md,10,109,0.008152,0.02,nc,nc73890995,2023-05-28T19:46:13.840Z,"2km NNW of The Geysers, CA",earthquake,0.44,0.9,0.23,11,automatic,nc,nc
2023-05-28T19:14:08.160Z,35.9641667,-117.689,3.56,1.47,ml,21,134,0.09892,0.21,ci,ci40236247,2023-05-31T20:30:57.964Z,"20km E of Little Lake, CA",earthquake,0.38,1.06,0.126,13,reviewed,ci,ci
2023-05-28T19:13:45.210Z,19.4226665496826,-155.275497436523,0.28999999165535,1.81,ml,16,59,,0.119999997,hv,hv73427022,2023-05-28T19:19:17.370Z,"4 km WSW of Volcano, Hawaii",earthquake,0.21,0.239999995,1.29,6,automatic,hv,hv
2023-05-28T19:08:21.236Z,-15.8145,-72.0539,10,4.9,mb,96,99,3.024,0.73,us,us7000k4nj,2023-06-03T16:52:56.040Z,"10 km SSE of Huambo, Peru",earthquake,9.44,1.807,0.061,84,reviewed,us,us
2023-05-28T19:04:42.200Z,38.8036652,-122.8170013,2.5,0.72,md,6,120,0.01084,0.01,nc,nc73890985,2023-05-28T19:49:14.859Z,"6km WNW of The Geysers, CA",earthquake,0.65,1.84,0.19,8,automatic,nc,nc
2023-05-28T19:00:34.080Z,19.4098339080811,-155.273330688477,0.469999998807907,1.74000001,md,11,83,,0.119999997,hv,hv73426992,2023-05-28T19:03:24.850Z,"",earthquake,0.21,0.409999996,1.07000005,8,automatic,hv,hv
2023-05-28T18:51:22.818Z,28.6722,91.4759,10,4.5,mb,83,53,1.072,0.86,us,us7000k4ne,2023-06-03T16:36:37.040Z,"114 km SSE of Lhasa, China",earthquake,5.99,1.773,0.072,56,reviewed,us,us
2023-05-28T18:48:34.440Z,38.8238335,-122.7910004,1.18,0.78,md,7,91,0.01328,0.01,nc,nc73890980,2023-05-28T19:21:15.698Z,"6km W of Cobb, CA",earthquake,0.41,1.89,0.14,8,automatic,nc,nc
2023-05-28T18:41:30.037Z,62.8573,-150.7594,83.8,1.1,ml,,,,0.43,ak,ak0236t2i0nf,2023-06-05T16:37:48.195Z,"40 km N of Petersville, Alaska",earthquake,,0.8,,,reviewed,ak,ak
2023-05-28T18:38:39.765Z,61.3356,-150.6549,56.5,1.3,ml,,,,0.32,ak,ak0236t2he94,2023-06-05T16:37:47.975Z,"24 km SSW of Susitna, Alaska",earthquake,,0.4,,,reviewed,ak,ak
2023-05-28T18:32:47.437Z,58.2567,-155.0974,3.6,1.3,ml,,,,0.56,ak,ak0236t2g4k6,2023-06-05T16:37:42.816Z,"85 km NNW of Karluk, Alaska",earthquake,,0.4,,,reviewed,ak,ak
2023-05-28T18:32:19.160Z,19.2036666870117,-155.505493164062,33.4500007629395,1.79999995,md,44,125,,0.119999997,hv,hv73426922,2023-05-28T18:35:32.830Z,"",earthquake,0.64,0.810000002,0.610000014,11,automatic,hv,hv
2023-05-28T18:28:44.670Z,58.7588,-154.0398,89.2,2.1,ml,,,,0.4,ak,ak0236t2f9dj,2023-06-05T16:37:42.553Z,"86 km SSE of Kokhanok, Alaska",earthquake,,0.4,,,reviewed,ak,ak
2023-05-28T18:26:05.820Z,58.2578333333333,-155.079333333333,4.37,0.22,ml,12,104,,0.17,av,av91774262,2023-06-03T20:15:11.080Z,"",earthquake,0.29,0.66,0.29557683606092,13,reviewed,av,av
2023-05-28T18:23:59.569Z,60.1412,-151.7358,63.5,1.2,ml,,,,0.38,ak,ak0236t2e5ob,2023-06-05T16:37:42.333Z,"10 km NNW of Ninilchik, Alaska",earthquake,,0.7,,,reviewed,ak,ak
2023-05-28T18:21:11.347Z,-27.4097,-179.9013,456.472,4.2,mb,22,101,2.541,0.98,us,us7000k5td,2023-06-03T16:18:23.040Z,"Kermadec Islands region",earthquake,14.29,8.075,0.166,10,reviewed,us,us
